10101010110
00110000100
00110111001
01011011001
00110001010
11111011001
11000000000
00101010100
01101110110
10001100001
01110010011
00111011100
10011110000
10110000111
11101011101
01011000000
00110010011
11000101000
10011101000
00100101100
00000000000
10000110100
00000011101
01111001011
01111100100
11001110001
01100111010
11001110010
11111011111
10110100001
01110100000
00000101001
10011111110
10110000101
01001110001
10101111111
10000100111
10101000101
01001010110
11110101000
00011101110
01000011110
10011111101
01101011010
11100010110
01000110111
00000111111
10011010110
10101100001
01011010001
01000100101
11001101011
10010000100
11000110000
00100011100
01000110010
10000101110
01001100000
00111101111
10000011100
10001110011
01011010011
11101011100
11001100111
10100101111
10000000000
01010011110
01101100111
11101001111
11001001011
01000001110
10110100000
01100110001
00110011000
11110000000
00011100011
00111011011
01001110010
10111100000
01010110101
11101101001
11010000100
00110000110
10100111010
10101000010
11111101011
10101011101
01010101110
10100000100
00011100010
10110011000
01111010110
01010010010
10011110100
10110000100
11100011110
11111111100
10000010011
01111011100
10111111000
10000011101
01010011011
10110011011
00000100010
10001010000
01111010100
11111001000
01010111000
10110111010
11110110001
01100111001
10110011010
11001011101
01111001110
11100011100
11101001100
01100110111
11000001000
11110110010
10100111101
11000111010
01100001100
00111101001
10100100110
11001011000
11110011110
11100001011
00001100011
10100001000
11100100100
11100010000
00110101001
00111001011
11100110110
00011010001
10011110111
01100111100
10011001011
10001000010
01101010110
10110110110
10100001110
11010110001
11111111010
11000000100
10110110000
10001000011
11100001111
00010000000
11101001011
00011101110
10111011000
11010111010
00011101001
01110001110
10011001100
11010111010
01110110010
00100001100
01011110100
01010010100
01011010000
01110111000
01111010101
10110111011
10001111010
10101101100
10110010111
10001000110
01110010101
11111101100
01000100100
10000100011
00101101110
00111001001
00001101110
00000111100
01100100011
00100000000
00011101000
11000111111
10011010001
10000010001
10001011011
11110110110
11101100101
00001111100
11000110101
11100011001
00100010010
11010100000
00011000111
00000000110
00001101001
11000000110
00000101011
10100111110
11110110000
11111000111
01010101010
11011100110
10010100011
10000111010
00110101010
01011111010
00101100101
01011000110
11101110110
01110000110
01010001100
00101001010
01101100101
01011101111
01111010111
01011110010
01010000000
11110011111
01101000011
11100110011
00110111010
10001000100
01011101000
01111111000
10111010110
11010011010
10100001101
10111001011
11101011101
00110011100
01000001000
01010111100
01101011111
01111110010
11001101110
00100001100
01101111101
10010111011
10000010101
00110010110
01101010111
01011000011
01100110000
01100111000
10011011000
10111001001
01101111011
00111100101
01010011001
10001100100
11010100111
10101101110
10010100101
01001010110
10001101001
10100010010
11100011100
11011100100
11111010110
11000100011
01100101110
11110101011
11101010100
00001110101
01100100110
11001000100
00010110111
11000111010
00100110010
11100011001
10100111010
01101100010
01001111011
11000000010
11000101010
01001110011
00000001000
01110110000
00100100000
11000101001
01111111000
01100100010
01110000011
01011011111
00010110010
00111010111
10011101100
10101110011
11110110110
10110001111
00110010100
10001110000
10110101101
01101110001
00011000101
10111111100
01111001000
10101010100
01111100010
11011110001
11101011101
11010000010
10000001010
11001000111
00001111111
10101100100
01001010100
10000110110
11011110000
00110101001
01010111100
00011100001
00001111011
01111111101
00010110101
00111011110
00011000100
10010110111
01010111001
11010000110
00101100011
00000100011
01000001100
00110010011
10101111111
00101111000
01000111110
10111001110
01111110000
00011100010
00101110111
01000000111
01001000000
01110100101
00110110010
11111111011
00111100111
00011101111
00111000111
00101111100
10101100001
10011100111
00001100111
00101100001
01110110011
10110010001
00101011011
10001110110
10101101001
10000010110
10011001000
10011100100
01010101111
01000100101
01101010110
00111011011
11000001011
00011001011
01110101000
01010111011
00100001010
00000101111
10001110001
10001000010
10110011100
10101110101
10100011110
11011011011
00000011011
00010101010
00010100101
11101110010
01101101011
11001111011
00110111000
01101100010
01110101111
11000111111
00111000010
11001110000
10101101011
00000100011
01000101101
10110010010
10101100101
10100001110
11011000111
11101100001
10111011110
01100010100
00111110001
11000111110
01010011000
11110011000
00011001001
11001001001
11001100011
00011111110
01011100101
11101011001
01100101011
11101010100
01011100101
00011000011
11111011100
00111110101
00010010101
01110000100
01011011000
10100010001
11001010101
00010000111
00001010000
10101110010
10001100101
01001011100
00000000111
00110110001
11111100110
10110010111
00101011001
11011111011
00100110011
10101110010
10101101100
00000111001
01110011000
11100001111
00100110001
11001111010
01010111000
00111111010
00110110001
11110000110
01100010001
00000011110
11101100101
11010100110
11010000010
00100000001
00000100010
01010000111
11001010110
01011101111
11100110000
11110011000
11101101110
10000011110
10011100111
00111101010
01100110001
11001011001
10110000001
10001111110
11110001000
10010001111
00110001101
11011110001
00010001111
10100000001
10000101001
01111010010
11110001011
00000011001
00111111110
00110011000
10001010000
01010111000
10001000100
00010110101
00100100001
10011111101
11000010111
01101101010
10110101000
00000001011
01010000011
00011000001
11111111000
10110010100
00000011010
00110001100
01101100110
11010100000
11011001101
00000110101
01001000100
01110110001
00100100101
11010010111
10101101001
10000101011
11001101001
01010111000
01110111011
00010101001
11101000101
10010111010
11010001001
00001011011
11111100001
01110100110
10001000101
11111100011
01001111110
11101100010
10111110001
10101101000
10100100000
00001101111
01111111011
01100010001
00100001110
11010001110
10110001100
10110100010
01010100101
11000111010
10001111001
11101111101
10111010111
11001011101
01101110000
01010110001
10010100111
01011101000
00101011101
10011010100
00010111110
11110110010
11010101111
11011110110
11001000110
11101101110
10010110010
11100111001
01000111111
10000110110
00101100000
11000101010
00001011100
11000000101
10001111000
01100100110
10101100110
00011100110
11110100010
10111101100
10010001110
10101110000
11000100110
10011111111
11111100010
11101001001
01101011101
00000011110
01110011100
10000110011
01011111001
10010110110
00000010010
11100110111
11000010101
01000100011
01100001011
00111110110
00010101000
00001110101
00101010010
01110010110
01101100010
00111010101
10011010001
11010111111
10101001001
01111110001
01101110110
00011101000
11100100010
11111101010
10101110101
10110001001
10101100101
10000110101
10100001101
11111010000
11111001110
11001101100
11001000111
00000011000
11010011111
10111101110
01010010000
01110000011
00111110110
10110001101
01110010001
11011001100
00001101111
11101011001
11101000110
00111010000
01000010101
10010011001
11110001111
11000110100
10100010001
01101011001
01011000011
11011010100
01000000010
11100011011
00011000111
00100101101
11001000111
01000111110
01110011001
01010010000
10010101111
01111110001
10101001000
00001110010
10001000101
00001010110
00110010111
10100110101
00000101101
11111000111
11010100010
01000110111
11010010011
10010110001
10011110110
01000001100
10000011010
00100100111
01001110100
01011111000
10101110000
01011111100
01000000001
00111001000
11100100010
01100111111
11010011111
11110111011
11010101101
10100001001
10110010000
01000101001
10100100111
00110100100
10011110111
00100111000
01000110010
11111111101
10001010010
10011111100
01110100000
11100010001
01100010001
01001000101
01101100111
11001010000
10111010111
10001111000
11100100101
11001010100
11000100101
10010001000
11111100101
10100011011
01011101111
01111111001
10110001011
10010011100
10110111000
00010010101
01011000011
11010110111
11100011100
00001010101
01101001111
01101100101
01001001000
01000000000
00101100111
11010101001
00011110000
11011101010
11111001100
10010011101
11111101100
10101100110
00000011010
01000111110
01110101000
01011010011
00011000000
10100110100
00100101011
11100111111
11001110100
01010110001
01000101100
11110111111
11111110001
01010010111
10001111101
01011000001
00001011111
00110001000
01100001100
10110101010
00110001001
10101100001
00001110111
00101110001
11101010011
00100010101
10100000100
00100101011
10100011011
00101000100
01110111011
11001101000
10100000001
10000101011
01011110000
01000100100
11010000110
00100100110
11101100010
00100101101
10000100110
01101110011
10110111110
10110000100
11110011010
11011101110
11011011111
10111111001
00000111000
11111111100
11101000001
00111111010
10000000110
01110010110
10000011011
01001000101
11110101110
00011001111
10101000001
00011101011
01010101011
00010110101
00001010000
00110010111
10010100000
11001000110
01110100111
00001001011
11101001111
11001100010
00101011101
01100010011
11100011010
11101110000
10001000101
10011001111
00001100111
10000111111
11010011100
11001111110
01111110101
00101000101
10110111110
11001010001
00001001010
10001110100
10001000110
10011100001
10010101000
00100011000
00101010110
01110110010
00011101001
01010001100
10101011000
00110110110
01101000110
10011111111
01000010111
11001010111
00011110110
11011010111
00001100011
00100110011
00100100110
10000001001
00010111110
00011000010
10101100111
00001101111
01010010001
11111100001
10010100010
10100000111
00111111110
11000110111
10110000000
01100100001
11100001000
10101010011
11111100010
10111101101
10011001100
10001000011
01111110100
00010000000
11001100100
11010101001
00000100101
00010110100
11001010111
00101101110
00011100101
11110110000
10000110011
10100101100
10011001111
10000001010
00110000010
11100011011
01010011010
00101101100
00101011000
01010110111
11001011100
10101010110
01001110001
10010101011
00010110111
00001000001
01101111010
11000011110
00010100100
11010101101
00111101001
01100100111
11100101011
11111000111
10000101100
10110111011
01100000100
10111111001
10100011010
00111010000
11111101000
10000110100
01000101000
10101001001
10100111011
00110001101
10101001000
11001101000
00001111111
00111010011
11100101100
11101011101
10100001110
11000110100
11011001011
11111010110
10010011101
01111110001
01000000111
10011011000
01101111101
00111000111
01010000000
01011111110
01010001100
10100111011
01111001100
00110101011
01100000001
10010010001
11101111111
10010100000
11100010100
01111011010
00001100100
10100111001
10111001000
00011101110
00010110111
10100110111
00100100110
10101011010
11000001010
00010100100
10000000001
11101011000
11111100001
01100000110
10010111000
11100100111
01111101001
11011110100
11001000000
10000011001
01010001111
01100101000
01101101011
01001011001
10110100001
01011111010
10100011001
01011111101
00001110101
10111011001
00110000110
00000101111
11001111001
11010000011
00010100100
00101101111
00100101011
00100100001
00010011100
10100111000
00111100111
10010011100
00111001010
10010101011
01000111101
10101100001
01101100101
11010001011
01001100000
01011100100
10011000100
00100010100
01000011010
01001111110
01010001111
00011100110
01011110010
10001010110
01001011100
00001110100
11101010011
00100110100
01101001101
11110010101
10111100100
00000011101
10000110100
00010010110
10010100101
01101101001
10001000001
11101100100
10100101110
11101001011
10101101100
11000101011
11110101101
10000100000
11100111011
00010011001
00010000010
11000100010
11010000111
01110110011
11101001111
11110011000
01001101010
00111111101
00101100000
11110010110
00110000110
10011101001
10100001011
00010010010
00010111000
11100110101
10100011100
00001010101
10000111111
10110011110
00001010101
00110001011
01010101100
01100111110
11101000000
01110110111
10110110000
10100100010
11111111101
01011101001
11011000001
10100001001
11101011111
11000000000
11101110010
01010111100
00000010100
01110111011
01101011011
00000011100
11111101011
00111001010
10101110111
01011011000
00000110010
00011100000
01100101101
01100001101
01000011100
01100111111
11101001001
01111001011
01000001100
01110100101
00010100010
10000111100
00100011010
01101111010
11000000010
00101111010
11010100110
00101000010
00010000001
10000110110
01001011111
01001101111
10011111111
01111011010
10111001110
10101111011
01001010110
11111110110
01000110110
10010101101
01001010110
11010100010
01001101000
11101100001
00000000100
00010101010
01011101111
10111011001
11000011010
11100111011
11101100111
10101010101
11101111000
00110111001
01111010011
00010011100
11000010110
10110101010
11010001011
00101111111
01010000100
11111111000
01000100001
00010000010
00101110110
01101001100
00100101101
11001111001
01100100001
01000000110
11110001001
11011011110
00001110001
11001101110
11110011011
00001101001
10011011000
01111111101
00011100101
00000010011
00011001100
11011111100
10110111011
01000100010
11100110110
10010111011
10111110001
01110000011
11011010110
10011010101
00101011110
11010000010
11101101001
00001100010
00111000011
00110101101
00011011101
01000111000
01001100111
01000100100
11100101001
10011001111
00001000111
10011100110
11000111110
11111010101
11011010001
00001100000
11101101101
11010011001
10110110001
11111111001
01101000100
10100001011
01010111001
10001010101
10011101010
10110100111
01000001111
11001110001
11001000100
00101010111
01100111110
00110001111
00101110100
10000011111
01011110101
11101101001
01000101101
01010101101
11110111101
10011010001
10111001000
10010111100
10000100110
10111001101
00001101010
01100101110
00111111100
01001111001
11000011000
11000001111
10100101110
11010110010
01110111110
00100110100
01010111011
00100111001
00100011110
11101100011
01010101000
10000100011
01011011101
00111000100
11000001000
11101001101
00101110110
10101010110
00000001101
00101100001
10001110101
00101110101
01100110101
11000100101
10011100110
10101110101
00100011111
11000110111
00000010111
00101101101
01010011010
11101000110
11110011111
00010111101
01100000111
10000001110
11101101100
10110101111
01011111001
10001000011
01111001101
00010100111
10100101000
10011010010
00010110110
10111111000
11011101100
01000011000
10110011101
10101110110
11010101101
11011000011
01001110000
01100101110
11010010010
10100000010
10100101100
11001110001
11110001011
00011100111
01111000001
01111011100
01100001001
01011111110
10100001000
00110100101
11010000011
10100110010
01001100011
10101111100
11010011011
01011100000
11111011000
10101001010
01100110110
10111010101
00011011111
11011000101
11110001110
00100100111
01010111100
00011110011
00010110111
01100001001
00000101000
10011011101
10111100010
01101000111
11111111000
00000111100
10111001000
00101101101
00011001001
01110110010
00000001000
00010111111
01111111110
10011101100
00111010000
10111011001
01110111110
01000001111
11111000101
00001111110
01100111001
00000010110
00111101010
11111111001
10001010110
01110011001
01001101001
00111110111
11000100011
10011000101
11001101100
01010111010
01000101110
11011101110
10000000000
01110010011
00111010000
10110101101
00110100010
11000010111
00110100010
00010100100
00111011110
00100001000
10101001011
01101101100
01001011101
01010010011
00101100001
00010111110
00100101010
00101101100
11100000100
00100010100
00010100101
00110011110
01001001000
11010110110
10001000010
10001000101
11101001000
10011011100
01100001011
00010010010
11111101010
00001001110
01110110000
11100000011
00101001001
00111110100
11110011111
10001101011
00101101101
10010011000
11100111000
10010010110
10101110110
00101000111
11111101100
01010111001
10010010100
10100001001
10101100111
00101100000
00001001000
01000001101
11001011001
01001000101
10001000011
11010110110
00100000011
01011001010
00110111100
01001100110
00011101000
10011011000
01000100000
00001001000
01011100010
01011001110
10000111100
11011001010
01101001111
11000000001
01011100011
01011011110
11100011101
00100101111
01100100110
11100110101
11110010110
10101111011
11010010011
10011101000
11010100000
11101011100
11100000100
11001001001
01011000010
00111010001
10110111101
10011100010
00101011100
11001100010
10111110101
10011011100
10000100101
11010001010
10101011101
00001100111
11011000101
00100001000
01101000101
10000100111
01010010010
01101101100
10010110110
11101110101
11000110110
00010111001
01101011010
00101101011
01001111101
10000001000
10011010010
01000001011
10010001011
00011100110
10010001111
10111110000
01100010011
00001011100
01011100010
10111111001
11001110100
01011000000
00010010111
01110010011
01100110001
01011010010
10010111010
11100001111
01100111110
11100010101
10110111101
01111101111
11010101111
01101001100
10111100111
00110110101
00010101100
11100010001
10101010111
00111011111
00111001011
01011000000
10001110101
10111011101
10111110000
11010101000
00001000000
11101011000
01110001001
00111100000
11000000111
10000100010
11010001101
00101000011
00100111110
01111001001
01010101010
00101011111
11011110011
10011101100
00001111101
11000100000
00101000111
10000010000
11010010000
00101011100
11000000011
11110101010
01000110000
00011110111
01001000110
00110001010
01101110000
11001000100
01111001100
00001011101
01110011001
11100101101
11011001011
00000110000
10001101111
11100101011
11101001110
10011100001
10000010110
11110000000
01110000001
10110010011
10110111100
11001010110
10111001100
00001110010
10100111110
10011111111
00011101001
00110000010
00010010010
00110010001
11010101000
10011101110
01010011000
10001011000
11000001010
10110010111
11001000011
01111101011
10001011001
10000100101
11110001101
10110111010
11000111100
00101011100
01011110011
11010100000
00000101000
00001000011
01100010111
11101001110
11010010001
01100110101
10010001110
11010111111
01001100000
10011000101
11111010010
01000011010
01100101101
01001101011
00101110000
10011010011
00101011101
11001001110
10011111000
01011001101
11101100110
00011110100
10101011100
01111111100
10001011000
11000001110
11110111011
00100000010
10100111110
00101101101
00101011001
00010011100
01101011101
01111110001
00011011001
01000111110
11101111001
00111111001
01001011010
00111011000
11000011101
11111011000
10101111011
10110111010
01011001110
00000101010
11001011011
00000011101
00011001111
00010000100
10001011011
10100001001
10100001001
10010000010
10100110100
10111001101
00010101100
10000110011
10101111110
11010111010
10101110010
10101111110
00011011001
11110010011
10001101111
10010100000
11110100110
00101010001
00000111001
10111010101
01000110011
01000111011
01101100111
01100100111
11000100100
01100001111
10010001011
01011001011
00110011000
01101010010
00000100101
00010111000
10111000101
10110110001
11011010000
00110100111
10010110001
10001110101
00100111010
10000000001
11011011011
10000100011
11000011011
01011010101
00110111001
00010100100
11011110111
11111001000
10000111110
10111101001
11111111001
01100010010
00000110101
11001010110
01101100110
00100000000
01110000111
10100010011
01000000011
01000010011
10001001010
00110100010
10100010101
01001000010
10101001101
11111101000
00001001010
10100100010
10011101000
01101011111
11100111111
10100010000
00010000001
11001101011
10110000100
10111001101
00001001011
01011000100
11010100010
11110111100
10111011000
01110011101
01110111010
00010100111
00100001100
01101100110
10100110011
10100111000
10011011011
10100101101
00100000000
11011101000
11010101000
00100001111
01100011111
10100110101
10110101110
10101101000
01001111100
00101100100
10101110000
10101011000
01010011010
01101010110
00001111011
11111100001
10010001100
11000111110
10101011100
10111100100
10101110001
11010001111
11011010100
00101100011
00101100111
10101010110
10010011001
11110010101
10100100101
00011100110
01111001101
10011111100
11100100000
10000010111
00110111010
01110100100
00001000000
11000111001
11000011110
11111101100
11011011000
11111000011
00010111001
01010011111
00110110001
01001011001
01001000111
00001010110
01101001001
11001001111
11010001000
00101111011
10111001001
10001001110
00010100101
11011011000
10010011011
01110011101
11101110111
01001100000
01111000010
00011001010
10000011100
01010011111
11110010000
11000000111
00101011001
01100010111
10010001101
11001110101
10010110001
10101101100
11111011001
11100101101
01001001101
01111000010
11001011001
10011010111
01011000100
00101110010
11110101110
00011011111
11110000110
00101100100
00011000101
10010010000
11000100111
01011001111
00101110100
01100000010
01010010101
11101000100
00101101111
10100001101
10111100111
11100101001
11100100101
10101011101
10000010000
10111100101
00100101111
01100101001
00011000110
11000100100
01010111000
01100010111
01000010111
10101110100
10110000111
10000001101
01000000001
10011101111
11011100101
01001100100
01010011100
00101110111
10011100010
01110010110
10000110111
11010001110
01001100011
01101001110
10111010010
10111111110
00110110001
01111110111
11010000010
00010010000
00100100111
01000001001
10011110010
11000110011
10111011010
11000001101
01110001001
01100101111
11101001010
11001101011
00001011101
10100010011
10010010011
00111011000
10010110001
10101011011
11001110101
11011010000
01000111100
01000101011
01010011110
10000101100
11000110110
00010101011
00100011001
10111101100
00011011101
01111111001
01011101101
10000100101
11011100000
00011011110
10010000111
10110001101
10000111000
01110001000
01100110000
01000100011
10110010101
11101110000
11010000010
10111010111
00000100000
11111001011
11100111001
11111110001
10111001111
10111001010
10011011100
11000011101
00101110000
00001010011
00001000010
00001101001
11100000101
10110110010
00001100010
01001111000
00001101000
10000111000
10100011111
01000110011
01100100100
00001100010
01111010110
00011100110
10111100011
11011100011
01001100101
00100111101
10010100000
10110010100
11110110101
00100101001
00011001000
11000000110
10100111011
11110001010
11010111000
10001101101
11010011011
01011001100
01101110011
00001001101
11100110001
00101010000
01111111101
00000111000
11000100010
11011100010
01000100110
01000010011
01001010100
11101000100
10101010110
10001110100
10010010000
10010111110
01101000000
01010101010
10100111001
11011001111
10100010011
01110011001
11010100110
01000111000
00110011101
01111101010
01000010100
11110000100
01001101100
10010000111
01111101101
11111100110
01101100101
01001100010
11111101001
11000110010
11010110110
10110100110
00110011101
11110010011
11001000001
01000010011
11111100111
01100100111
01101001101
10100100100
10010110100
10110111100
01110000001
00000111001
01010011001
11011110010
01111000111
10000100110
01100011001
11001001000
10100011001
11001100110
00001101101
10001110010
11100110010
10000010110
01101111011
01011101100
10100000000
11011001100
10000101011
10100010011
00000101010
11001000110
10001010011
11101110111
00100100001
11010001001
10110000011
10011011111
10110110111
01011110011
00111100101
01010010001
01001100110
10100011001
01001100100
00110100101
01110001100
11011100111
00110010101
11001110010
11110001011
01111010111
00101111110
11101001111
00111101110
11111010110
10111111000
00101011101
00101000000
11011101100
00000101011
10001101010
11001001101
11010111010
01010111111
00001000010
00010001010
11111101100
01000110011
10110111010
00111001100
11110101110
01101110100
00001011001
00110110010
10011101000
11011111110
00000110000
00110000110
01111010001
01001110011
11001100101
11100110110
10111001110
11011110000
10101011110
10100001011
00000111110
10110000011
11100100100
00001101100
11011100111
11010000110
10001010001
01010111110
11011011110
01011100001
11111111001
01010011001
00100001011
00101100011
01111101011
00101111110
00001111001
11001101001
01101101101
11001101100
01111011111
00010110001
01100011111
01111101000
10101001111
00010011010
01001100101
00000001011
11000110001
01010011101
10110111000
10001110010
01011010010
00101010000
00011110010
11111110000
10111010001
00010001000
00011011000
10000111010
01010111000
01110001011
10010110111
10111011010
01000000001
10011011110
11000110000
11001011101
