11010000011
10110111100
00000000000
01010110011
01110101100
10101000000
11100010010
10000010001
00011101110
00011101010
11011110111
10110110010
10111100001
01100001101
00111101111
10100110110
01001101110
10100101101
11000001010
00011000101
10110111010
11111011001
00111001000
01000100001
00010011011
00001111000
00000001000
01001101010
01011110110
01110100101
01001111101
00111100001
11011011000
11001101011
10100000101
11011001000
10010110111
01110101011
11111110011
11100110100
00011000111
01111011011
00011000100
10000011100
00101001100
00011011001
00000000100
00100110000
00110111101
00111101100
01001101000
11100010111
10101111011
01111001111
00010000010
11010111010
11001001100
01001001110
10100110010
01101010011
11011110011
11100011110
00010011010
01111000100
01101100011
00000011110
11001101100
01110111000
10100111000
10101111011
11010011010
10001111100
01010000100
00010001001
11100111111
01111010110
00111101100
11001010000
11011101100
00010100100
00110010100
01110011110
11101000101
11000111000
11001110101
01010000000
01010010100
11100100010
10110111110
01000001011
01011001010
10111111111
01110111111
10110111001
10000011101
11010101010
01101001001
10110010011
11000110000
10001111010
00110011011
01001010101
01101011000
01000111100
10100101101
11101010000
01101000111
00101010111
11001010101
11001101111
01101110010
00101111000
10010111101
10101011010
00000101000
11011011000
00111011000
11000100101
00011100000
00011101000
00101100100
10011100011
11110101010
00111011110
11000110011
01000111000
11110011000
00110110111
00001001001
00111111111
00001011110
00101111011
10100110010
10000010110
00101100011
01101010011
01100010110
10011101000
11011110100
10110111111
10100111100
10000000100
01110101110
10100010111
00000010010
01001111000
10000011011
10100010110
00110000011
00011101110
11010010000
01110110000
00111011110
01110010001
00110010000
11001111110
01100111111
11100111000
10010101100
01010011001
00011101011
00100100010
10101000101
01001110001
11001010001
10001111001
00000111001
10110001011
11101000110
10101001000
01100001010
00001011110
11000100111
11011110110
00011001110
00011101101
10010110000
00101101010
01000010000
11001010100
01001000110
00001000101
10110001101
00110110100
01101000110
01101010001
00110000010
00000101101
11101110100
00010100000
01001011100
00110010011
01000110000
00000010101
00100010100
11010011100
01100100100
11011001010
01101000011
11101101011
10100010011
10111100010
00101001111
01111100100
00010000010
00110100000
11000101101
10010110010
10000111101
11001001001
11110001001
11101111000
11100110011
01010100000
01110110001
01110111101
10010110100
11111001011
00011000011
10001100110
10010110001
01100000110
11100110111
10101000111
11000110011
01001010010
10100101111
10000000101
10110011100
00011110010
00100101011
11100001110
11000010111
10011000001
10010100010
00111111100
10001000111
11111110011
01110100001
11101010001
11100100001
10011001110
01100011100
11111100001
01110111110
01011100001
11111111110
00100111110
10001001000
10100100101
11100111100
11101100010
11000010111
11011100010
00101011110
10010111011
11010110111
00111000001
01110011010
10000111101
10000101011
00101110000
11111100110
00011101101
01110111001
10111001111
00001011011
00001010110
00110000000
01111111010
01011011110
10101100001
01111011101
01100000110
00111011000
01100111110
10001001011
10111101001
00111101100
01101101100
11001101010
01011001011
01101000000
11110000011
00101110101
01100100110
11001011010
00000001000
00010000110
00000111100
00101100011
10111111000
00011101001
01000110010
11001000100
11100110111
10001101001
10011010000
01101100100
11010001011
11011010100
10001011010
11110101000
00101110101
11101100010
11010011001
00110100001
11010011111
01110100101
00000000000
10010100000
10101000110
00111111010
11011010011
11000111101
11000101001
11001101111
00111011110
10100011000
11011000011
10011000111
11000010110
11111100101
00100101000
10100010000
11111001101
11111100101
00101111101
01010101100
11100001001
00000110011
01110111101
11100100011
11111011011
10110101000
00111001001
10011011100
10101110100
11010110110
00101101110
00010010111
10011000000
11111100000
01000000100
01101111101
00011011110
10110000001
01100010101
00100001100
11111111010
10110000111
00001011001
10100011010
10111001100
10011010001
10000101010
00101111101
01111001001
11001010101
10110111101
10011010101
00001001000
00001100100
01010101111
10001011100
11100010110
10110011010
11001010010
01101000001
10111110110
11001110111
10100001100
00011110010
01110011010
10110100101
01011110010
11011101110
00010000000
11101010111
01111010101
11101001111
00101110110
11011101000
11100011001
01010100110
00110001000
00100001010
11000000001
01000110111
01101111101
11100101110
11001110100
10011001110
01010111111
11100000100
10010111001
00100101100
11110011000
10011100010
01010101100
01101110011
01100011001
01000001010
00111111110
00010100100
00000111100
10010000011
01011100011
01011110001
01000000010
01010100010
11011110100
00100000011
11111111000
10101011001
00110101000
00101000111
11001100010
00111011101
01111000110
10111001111
10100110001
10100110101
00110100010
11000001111
00010000001
10110001110
11001011010
01111001001
10101110111
10011110010
11101000010
01111010101
00101101001
11100110010
10100111011
10000011000
00010000101
00010001001
00010000011
10010111101
10101110000
00001111000
11010011000
11000000000
10010101110
01101111011
01110011000
10010101001
01110010000
01101001001
00000110100
10000010000
10111011111
10011100011
01100011000
11011110010
10110111011
01000010110
11001111001
10000001110
10111110001
10000010001
01001101100
00101111101
11001011101
11101100100
00100100011
00001001101
11100110101
00100110011
11100000111
10001000001
00100010111
00001110110
00000101001
11110000000
10010111101
00111000010
01101011100
10001100010
10011110001
00100110111
01001101001
10100000001
00111000101
10011110110
00000111100
10100110110
10111001000
00100011000
00110110101
11100010101
00010010001
11001110010
00101110000
00000000101
11011001111
01101101111
11110111111
10100001111
10011011010
01010100010
11011111110
01100110000
01101101010
11000100001
00101011101
11101110010
00000110101
10100011000
01111010001
00011101000
00010111000
10111110111
10001000000
01001010001
10000111001
01001011100
01011001010
00110100000
11011001111
10011010000
10101001101
01010001000
10011101101
10110101001
10001111010
11101100110
11110000110
11000110001
00101110100
10001100000
00011010010
00011000110
00100000110
00001100111
11001011011
01010000010
00110000000
01100111010
11101000110
00000111010
11001000010
00001110010
10010001001
01110101001
01010111100
11100110101
01110111100
01011001100
00101110110
01010000001
10010001001
11111100010
00100100101
01011000001
01000011110
10011001111
10011111011
10111101011
10101000101
01011110001
11110101010
11011010000
10110111000
00000001110
00110101110
11101001101
10101001010
00010110010
11101110000
00100000100
01110000010
00011011010
01111111101
00101111111
01111110011
00010011011
11010011000
11001101110
00010000001
10011100011
00101011011
00101111010
01001110001
00011101101
10010011000
10010111001
11111111011
11111010100
00011001100
00100111111
01111101101
10010001100
11000100011
10110000001
00111111010
01101101111
11001101001
01111000100
11111000100
11110010101
10001110010
01110000111
01110010100
11111110100
11100111101
00111000000
11000001100
01100110110
10001100111
00100100111
11110000111
10110100101
10111011101
10001111100
11001001000
10000011111
11010001100
10111010000
00100101101
00111010010
01011111100
01100000110
11010101110
00001000100
11101000110
10101110100
10001000100
11111111110
00010010000
11010101001
00100011110
00111000111
01001110100
01000111000
00010010101
00110100001
01110010001
01111110011
00010111001
00001100101
01110010110
10000110000
10110101100
10110111111
00011000010
01101111110
11001111111
11010001001
10101111100
11111001111
00010001101
10101110010
00110011111
11010011011
11001100010
10110001000
10000001111
11000111101
11000000101
10000101101
10100110011
00000001111
00101111010
10111110010
00111010100
10001101101
01100001010
11111001101
00010001010
11111110101
11010010110
01001001001
10010000000
01101011010
00011000111
00001010010
11001001101
01000111011
00100010100
00011101100
00101111001
11011100011
00111100000
01100110010
00000101101
11010111011
01000101101
10010001000
01010110101
00101001001
01111101000
11010100111
10110011111
10001100101
01100000100
11110000110
00110001111
10001011011
01110000110
01100011110
00001100110
00000100001
10110010100
10010100100
01010011101
00101101011
00000010011
00011010000
00111000111
01000001011
01001100111
01001001100
00101000100
00001100101
10010001110
00011111101
10101011100
11111011101
00111011011
11101010011
11001100100
10111101010
01010110001
01000001101
01100000010
01101011000
10000100001
11101000010
00000011000
11101011001
10010111010
00100110011
11001011100
11001100100
10000011101
01011001110
00011000101
10001000010
01001010100
11000111000
11001111000
10111111000
10000010111
11101000000
01001101111
01101111111
01100101110
01110011101
00101011111
00000101010
10110110110
10010110000
00110010010
10001011010
11100101110
01100010011
10000010100
11001111010
10111000010
01001101011
11100100110
00100000001
11100010010
01000010110
01011101011
10101101000
00010001000
01100000110
11111110000
10101100011
10101010000
01010011000
11010111100
11011000111
01001011111
00010101110
01100111100
01011011011
10001011011
01010000100
01000000111
01111010010
11001010111
11110111001
00001010101
01000000101
00011000100
10100001101
11110000110
11011100001
01100011001
11111011000
01111111001
11111001101
00100011000
11000100011
11110001111
10111001010
00000001000
01011000010
00110100100
01110100010
00011100110
01001000100
00010011000
11011111101
10101110000
01100000001
01101111010
10010010001
11100110001
10011000101
10100011010
01001010011
00000110110
10100101010
01011110110
00111010111
10011100011
00110011001
11100000111
10111111010
01111101111
10001011010
11011101110
11000111011
00001000010
11000111000
01011001010
10011001001
10100001010
11100110100
10101001000
11110110101
11001001111
01001110100
01101001111
01101101100
11111101101
01010001111
00110110010
10111010100
01100011111
01111011010
00010001000
11010001110
00010111000
11110011111
11001011010
01010010100
11111111100
11111010000
10010001100
01000001110
11011011111
00011001001
00101000101
00000111001
01011111010
10110001000
00011000101
11101111100
11000101110
01100000010
10100101110
11010100110
10001010100
11111000111
10100000111
11011010011
01010100100
01101010100
11011110101
01001100111
10011001100
01001011011
10111111110
01000101111
11100111000
00010111111
11000000000
11001100010
01111011000
10110101100
11100000011
10101010001
01101011111
10011100011
00101000100
01100100011
11011010000
11100011011
10010100101
10110010110
11011010001
10000100101
01111000110
01101000101
11010010101
00111101110
10010100101
00001001101
01100110011
00101010000
10001010111
11111111110
11111010010
10001100001
11000101100
01000011010
11101011000
01011010101
10010011111
11010110000
00000011110
11011011101
01111010001
01111001111
11010100100
10111001101
00111101011
10000000011
01010100110
00000110100
00111100010
11001010100
10101010011
11111001101
01011010001
10001001001
10011001101
10110100011
11000111110
10001011001
01011011101
01011100000
01000110010
11101101010
11001100101
01110100101
01100011000
11000101111
10101111001
00000001111
00011001101
11101011100
11101001101
01010001000
00011010111
10000000111
10111101101
01101001110
01001000101
01110001011
01111011101
10111000101
01100000001
10000100000
11111010111
10101110111
01111001110
11110111011
00101001000
01100011111
11000110101
11010111100
00100001010
00101010110
11000010100
11100011110
00101000100
11011010111
10100110111
10000000010
00101001110
01101101110
10110110011
10011111111
10110010011
00111100111
10101000100
01000100110
11001011110
11110101011
01111101111
01010101101
00001000011
11010110100
00101111001
01100010111
10110000110
01000111101
11000110111
01111111110
10110100010
11111010110
01011001111
01001001000
01101011110
01011110001
01101111100
00110010100
10111101001
00011111001
01000101110
11110110110
11110011110
00100010101
11011010110
00110111000
01110101011
10110100110
01100001011
01011010010
11011111010
00001101000
11001001111
11000101111
11100110110
01110011000
00100001110
10110000101
01010000000
11011000000
10011101011
01111011010
01010010111
11010000110
01111111110
10111001000
01101111010
10110000000
01110110110
01001011110
11100001111
01101101011
11011011100
01001110000
00000100001
11011111001
10111011110
10010100101
11111001101
01000111001
01101000110
10000110001
01010111101
10110000110
11001011010
10011000100
11101100011
00011110000
00001000101
11101010110
11100110001
01101010110
01100011110
00010010010
10011000110
01100011011
01100010010
00010110001
10001010110
01101001000
00100100111
00001010001
11110011110
11100001100
01010111011
10111011010
01100100000
01001101001
00011110110
00101000000
00101000001
10101111011
01101000000
11010110100
10011010100
01100101101
00101100001
00001101001
01010000110
00010101000
11011110000
01100001110
11010001110
00100001110
11000011000
10111001110
10001100000
10100011111
11111101000
11101111100
11001101110
11000000110
10110001011
01101000111
11011011110
00000110000
00000110110
01010101110
01101100011
11100110010
01000111100
10010101001
11101100001
00011011011
01001010010
11101001000
10010000100
10100001101
10010001001
00011101101
01001110111
10010010000
11110001011
00011001111
00001011111
01010101101
00000000001
10101011110
00000110101
11011101011
00110101100
01110101101
11010000010
01010100100
01010001111
10001101001
11101010000
00011001000
00011110011
01100011001
10000011010
01101011111
11001000010
00011100011
11110100100
01101010110
11100110010
11100110000
00101000011
11111000110
00010101111
11001111101
01001111001
10010001011
01000011011
11000011110
01010000011
11011110001
11110010101
00010100111
10011100110
11011100011
10011101111
11010110010
01100011011
00110101110
00100101111
01111111011
01100100010
10011010111
01110010101
00101001000
00010010101
10111011111
11000110100
00111010110
00010110000
11101111100
01011000011
01100011101
00000001010
01000111100
10110001101
00110001100
01101110101
01001110001
01110101010
01001100000
00111100110
00001110111
11111000101
10111110001
01011111001
10101000111
01101000101
01110110010
10001111010
10001101010
10001001110
01101001011
11110000000
01101111000
00100101001
11011100100
11011000111
10010110010
00111011110
10111011110
01000001010
00010100111
10001000010
00011001001
10010101101
10010010111
00111000110
00010111100
10101110000
11111111110
01011001000
00011001000
11001101001
01101010001
10001111011
01000110011
10100001001
10111111111
01000110000
01001001000
10111100100
00011001100
10011001110
01001010010
00100000100
01100100101
00101000001
00101011001
01011000111
01000101111
00101000110
10010110100
11100111011
01111110100
00000110001
10111010001
11001110010
11010010101
00111001101
10001011010
10011010011
10011110001
10011010101
10100011101
11111111011
01000111001
11101110101
11001111100
11101100101
00001101111
10000001100
00010110011
11011110101
00001110001
11100011001
00110111010
01011001010
01001100010
01101110100
00110000110
10010001011
00111001001
10100000100
00111110100
00100010010
11001001011
01110100010
10110001010
11011101000
01100011100
11100000110
11001100111
10011101011
11111111100
01111011111
01001111101
00111011100
10101000101
11011111000
11110101101
10110000100
00111110010
00101011100
00011110000
11010011111
11000010001
00011101000
11100010011
01010000001
11010101000
11000101001
00011101000
00111110000
11011110000
01000111110
10001100101
01000111011
10110110111
01111001101
11111010010
01101000110
10101001010
11000110111
00000101010
01001100100
10100010011
00100011011
11110100001
11101000110
11111111000
00110010111
10011010111
00011101011
00111110110
01101100101
10101001101
00111111010
10000100110
00001011010
11000010101
10111010000
10001110000
11101111110
10100011011
00011001011
11101011011
01000011000
00001011111
11101110100
10010100110
00110010111
00001001101
00001100100
11000011111
01111011111
11100110110
11000101100
00110010101
01000010010
01011001010
01101000111
10001100001
00000000100
11111100110
00100101100
10110011100
10101000100
01011001100
00110000010
10110001011
00000110001
01101011010
11110110001
00101100111
11001100000
01001000110
01001001000
10010101011
11011010011
01100100000
01111011100
10010101011
00001001110
00101010000
11000110000
11111001010
10101100011
10100101110
00111001100
11111010110
01011011101
11111000011
11000100101
11000101110
10100010000
10001100110
11010010010
00101000110
10001000001
01000010100
01111111110
01001110010
11001000100
01100100010
00010111000
00010110110
00100110101
01000010001
11111000101
01000011100
11111000101
10010110110
10001010011
01010100011
11110110111
10001011000
10101101110
01001000110
11001100011
01000010111
11100100111
11010110011
11001101010
10011001011
01101001011
10110001101
00101011000
01010000111
11001001001
00111101000
01111111110
11100101001
11110100011
01011110100
00011111010
11011110111
11001000100
01011011100
10001000100
00111010100
11010101001
10010000110
11010110101
01010111111
01110011101
00110010000
10101010111
11110101000
11000110011
11110110000
00001000100
01101010111
01001110001
10110101000
10001111010
00011010000
10111110011
01100010100
00110000010
11110100110
11001101001
01001001011
00100110001
00010010101
01110111000
00011111111
11001010001
01100100110
11101011000
11101100011
00110100101
00110011110
11101110101
01011100110
00110000110
01110101110
01010111011
11110101110
11010001000
10111001010
10001101000
01101101101
11101000110
01000011111
00111111000
11101010100
10011000000
10100011101
11111001000
00011000100
00000000010
10010110111
00111000111
11110010010
10111101100
11111111001
01100101001
11110100011
10011011011
11110001100
10011001110
00010100111
11100010011
10001101011
00010110010
11101010100
01001111011
00100011111
00001011011
10010001001
01000110101
11001000001
00110010010
11010001111
10010111000
01011011101
10100110011
10111010101
00100010001
01011001000
01001010011
01000000100
01100100111
10100100000
01010100101
10001001111
01110100100
00011101101
11010100100
00111110111
00010011110
11000101101
11100001000
10001110100
01001111011
11000010000
00110000111
01110111111
01110000100
01011110010
11110001001
01111001001
10011111011
10010101111
11101001111
11000100011
10000110111
00001111101
00011111010
11011010000
10111101001
11011000000
01010010111
10101001010
01010110101
01100011110
00010100010
01000111101
00100111001
11110111010
10111001011
11001011001
11111101110
10010111100
00100101101
00101000110
00011011111
01000001010
10000100000
11000110010
00010000101
00101101010
10110000111
10010010101
00100100100
00011000011
01011110010
11001010000
11110100111
11010111011
01011011001
11100100010
01110100010
01110110101
01100000010
00011110010
11111001100
00100000110
00001000110
00111101011
00000111011
01011101110
00010010000
10100111101
01100101011
11101100010
10011000110
01100100100
00001010010
01111111000
00111000010
00110010110
11000101010
11110001110
11100001011
10110100101
01100111001
01001001111
11101000101
11101100111
10100011100
01100101001
00110110011
10000110011
10110110100
00010000110
11111010100
10101001110
01010011010
11110011101
01101011010
00010111101
11001000010
11000010011
11110000101
11000100011
10000111101
01101000101
00001110100
00000100101
00111001101
00001101101
10100011001
00111100111
10110010011
11101010010
00011100110
00011111101
11110101000
10100100010
10000011110
01000001100
01100011001
00100101100
10101110001
10111010101
11111111001
10101000010
11000101010
00111011001
11001010001
10010111101
01110010111
01111011110
00001010111
11011110011
10100101100
10111010100
00010000110
11111001111
00000101111
11110001011
00110101101
11111001000
01000111111
10010100011
00101111101
10000011000
11011011111
01010110010
01110100111
00010100001
10010101010
00001100010
10100100000
01010100000
00101100100
00110101111
00001011101
11110110111
01111111111
11011111001
01101010000
10100000011
00011111110
00001111111
10010111001
11100101010
01000110001
01011110010
11101111100
11101111001
01100100101
00001010111
00000111010
11011001001
00101010000
10010001111
00101110001
01110010011
11000010000
00001101001
01010101001
01001100000
10111101001
11001111000
00100111000
10011001101
11111011001
11000110110
11100111010
01010001011
01110000010
10010110001
10110110111
01010100110
00010000110
00101111110
01110100101
00111011001
01011111111
10001011001
11101111110
01100001111
10001000011
00111010101
10010111101
00000101011
01110001110
11010110101
00000000110
10101000001
11001001011
01001000001
00001010010
10110010010
01000111101
10101001100
10001010101
11100100000
10110100100
11101011111
00011001010
10100010001
00011001000
01001011110
00101000100
11101100100
11111010101
01001001110
01010000000
10101000010
01110110111
01010111011
00001100101
11000001010
00111010011
01001000110
01100001101
11110000101
01110111000
01000110001
01110111000
10100100011
00100001000
00101101010
00100000011
00000101011
11100111100
00100110001
11000100111
01010010110
10100110010
10110001100
00100100001
01111010100
11110111001
01101011111
00100101101
11110000000
10000111110
11101101111
00111011010
01101101001
00110010010
00000001000
10011111111
10000010010
01011110011
00000000111
01100001110
11010111011
00001100111
01000011100
01100100000
10000100100
01001010111
10110101100
11010000100
00111010110
00001000110
01110011010
01011000001
01011011010
10010010110
00101011110
11000111101
10010111001
00001101010
00110010110
00111011111
10110010101
00110011000
01100100101
00111011110
01010010100
11100001010
10101011111
11111100101
00000000100
00101000000
01010111111
00011011111
01011010100
01010111010
10011100101
00010001110
01001110010
00010010000
10110010101
01110001011
11011100001
11000101110
11111010000
10011100010
01000110010
00100001001
11011110111
10101000111
10010011100
00001010000
00010110100
00100011110
01110010010
11100101100
01110100001
10100010010
10011001011
00000010000
10101101110
11001111011
11010111000
11001101110
00011010000
10110111101
00001001011
10100111011
00111111010
01111010010
00001111001
11100110010
01101000100
11011100010
00111101100
00110110111
00111010100
11010101100
10011011111
11001000010
11110010001
00110010111
00111110100
10010001111
01111110001
01000011110
11001110110
01110110100
10001110010
01101001110
01100001101
01110001110
00011010100
10111100011
00111010111
00011011011
01010001001
10001001001
00101001101
10001101111
10111000011
10110001011
10000010100
11000111000
00111111000
11110110110
11001101101
01101110101
10011000100
01001001000
00001011010
00100101000
11000100101
10110000011
00101001111
00000110000
01000110110
01110001100
00010000111
00010000001
11110001011
00101111111
10101111011
10101001010
11101000000
00111000111
11110011010
11110000101
10010011011
11000111001
00011010010
00001001111
11000010011
11010101101
00110100011
11000110101
10100010100
10000110111
01111000100
01101111110
00101110001
00110000000
00011101000
01111111101
10010100110
11111100010
11101100100
00100001011
11110101001
10101101000
10111101110
10010100010
10110001100
00010000101
11111011001
10010011010
01100100010
10101011110
00101010100
00101011011
00100111100
10001111111
00100110100
10100111001
11101101011
11111101000
10011011111
11111110100
10001110101
11000000000
10010010111
00001010101
10100000100
00111100011
11001100100
01110010001
01000100111
11010100110
11101001011
00000011100
11100010110
01111010101
10011111001
01011010100
11011111100
11110001100
01011100011
01011110101
01010000110
11100000011
00000100000
10000101010
11001111100
11110010001
10101011100
01011101010
01100001011
10111101000
10100110101
00110010001
01000111100
00010010100
01001100010
01000000111
10010100001
01000101110
11100100101
10011100111
01110111010
01011111010
11111010101
01111011010
10001000000
01000100100
00000010101
01011000001
10000100101
11100100101
01110110010
10101100011
01001010010
01011100100
00001000001
00010011000
10000011000
00111000100
