00111011110
00110101001
10101000010
11001011111
11001110110
01110111001
00010001010
01000100011
00011001000
11111001111
10100100000
10010101000
10100101100
00001110110
11000111001
11001010111
00000100111
11000010000
00100100100
00110001100
10110110001
10110001010
00110101111
00111000011
10010111001
01100101100
10011111111
10110011111
11100110110
01000010011
00111111101
01011010100
11100111111
01101010011
10000110000
00001101100
01011001100
01111111010
01100101111
00110011000
11100100111
11011010010
00110110111
10001111001
01011011011
01001000101
01010010010
01011010100
11111000001
00010101111
01010001011
00000101101
11001010101
11110001001
00110010000
11010100110
01001101001
00011100010
01000011101
11100110001
11111010111
00010101001
11010010111
10111100101
00011001110
00110011010
11001110100
11100110001
10011111010
01011111100
11110011111
01011111000
11001010101
00101000100
11111100010
10011110010
10001100001
11110111100
10101011110
01111000100
11001101111
10001001100
11111100101
10110100110
10111100011
00111001111
00111000001
00101110110
01011010100
00100101101
01010100111
00010101000
10011110011
11010111001
01010110011
00110001111
00111100100
10010101111
00100101100
01011111110
01000110101
10110101101
10010110110
00010100001
00010011110
00001010101
10100111001
10100110101
10011011101
11010011001
10010000001
00001100000
00110000100
01101001010
00100001111
01001001001
10011000101
10101010100
11010000010
11100111101
11101111000
00100000001
00111111000
10111010011
00011010100
11000010110
10101110110
00001101101
10000100101
11000101001
11010101111
10111001101
11100111010
01000011101
01000001010
00001111011
11110111111
10101101101
00111000100
00101001111
01101100110
11111010010
01010101000
00001011000
10101100111
01110010001
11110111001
10010101111
01111111111
00100101010
10010001101
00100010010
10100011011
11000000100
11111110010
00010111100
01001100101
10010001010
01000000011
11101101011
11010011101
00001111001
10101111101
11111110000
00010001011
10011101010
00101011000
10011110110
11011111001
10010010110
11100100111
10100000011
10100100111
01111110000
00101001010
10000000001
00100101011
00010010110
00010000011
01101010100
11011111100
01010111110
00110101101
10101000000
01101001101
01011110111
01000111101
00111010101
01111110110
10110000100
01110010101
00101100010
11101000100
01111110111
10010010001
01100111001
10101001111
10110010110
10100001110
11011010101
11100110010
00100011001
10111100001
10011101110
11101111000
00011101101
11000010111
11011111111
01100111011
11011111110
01100100000
01101010011
01000011101
11000110100
01011010111
10111010001
00101110010
11010110001
00111000000
11010001011
01101000100
00111110001
10001111101
01010010100
00100011110
10100110000
10111010001
00001101001
10000110000
00001001101
01100001001
00011100100
00010010100
11001100101
11001001110
00101110101
10000100000
11011101001
10111101100
00000000111
10011001110
11101100000
11100111011
00000000111
10111101100
01101111111
01111111100
11100110010
11101110100
10101110100
00011001101
10111100001
00101100100
11011101100
11011011110
11100000000
10111001110
00000000101
10100001110
10011010000
01110100110
01000111011
01010110111
10110100011
10101011011
10101001100
00010010110
11000110100
10010010001
11000101101
00010100000
00111011110
01001100010
11100100111
10010100000
11010110000
11010101101
00011010001
11110111100
10110000011
10010101110
11110011101
00111100100
10110011100
00011111110
01000111111
11000001100
00000010110
11111010011
00100010111
10100101111
10001101101
01110001001
01100111011
11000010010
11011000001
10101001000
01010011011
10001101111
01100110100
11100100101
10001001011
01001101100
01111110001
10000011011
11111011100
01100000110
10011010001
01110000101
11100101000
10101110110
11000110011
11110110011
00111101110
11001111011
10001010000
00110100110
01010111101
00111000100
01111101000
10011101001
01100001110
11111000010
10100001001
11000001010
01010010010
10001101100
11100011000
11011001100
00010100001
00100100011
01110111001
00010101001
00001101111
01110001001
00100010001
10000100110
10011000100
00110011110
10011111110
00100000010
01101101011
00111001101
01011110111
01110011010
00000011010
10100100111
01100111100
01010111111
00000001111
00110100100
10101000010
11011110111
10000101011
01010000000
01111011001
01110001101
01011100000
10111000100
00101111011
11000010101
11010110111
11111100011
10101100000
11101101000
10011111011
01111010000
00101011100
11001111110
10000010000
11100001110
10011110101
11010101011
00000011011
01111110000
00100001100
11101001111
01100111000
11100110110
10101010011
10000010010
01110000111
10000011010
11011010011
01000110101
00010011101
00001001110
00101000100
00110001100
01111010111
01111011100
11011000000
10101110010
01011111100
10000011110
01101101010
10110110011
11010101111
00110111111
11001111011
11101110010
10000010110
00111011111
11110000111
10100111110
11100011110
01100000101
01011011111
01000001000
10000110001
00101011101
10110011111
11101101000
01110011000
00110101001
01111010000
11110110011
11000000100
00001111101
00111000010
11001100100
01000101100
00100000001
01000110001
01011010000
01111111100
00101101110
10011010011
00101000011
11111011000
11011011000
01111110001
01111000100
10111011101
11011000100
10010111011
01001010101
10100001111
00010110000
11010011010
11001110000
10111011100
10110001101
10010110011
11100010010
11110000110
11101000001
11011011001
11110101001
10101001101
10111011001
00110011100
00011110000
10001111110
11011100100
00001010110
01110100001
00001111100
00111011010
11000100000
10100000110
01001000100
11100100011
00010001111
11101001110
11101101100
01010001110
10101010111
11110100000
00011011100
01101101000
01011000000
10010101000
01100110001
00000001001
11011101101
10011000100
00011110111
01011100011
10000110101
10111011000
01010011110
10111010101
11111111110
10010101100
01110111010
11111101110
01000100001
01011001010
00111101110
11010000110
01011110001
00100100101
10100011101
11001111001
11111100111
11101010100
11101100001
11110001001
10110001100
10110000001
11110101001
00011010110
01011111111
10100010100
10000010000
11001011100
10011111001
10000111111
10001001010
00001101011
11100010100
10000101010
10110010110
10101010011
01010111001
01100110111
00100001101
11000010000
01111100100
10011110101
10111000111
10101000101
01000110010
01001001110
10001100011
00010111101
11010110100
01001110110
11011011010
01111010110
11100000000
10000010100
10011110000
11001000010
00000101100
10110011001
10101000110
01110100110
00000000000
00010000101
00000110100
10010010110
01001000111
10000011110
11110100110
11011000010
00101100101
11011010011
00001010000
00110001000
11100111101
01011011011
01001110110
00001010100
00000100110
11010011001
11111000010
10010011111
11000101110
10011100010
00000000111
10010110011
01101011110
01111100111
01000111110
00001000110
10101011011
01100101110
10000100000
01101001001
11001100101
11000111100
10011011100
10101010000
00000000000
10100011010
01100100000
10111100101
00101011000
11000010001
00110010001
11101100010
11110001110
11100110111
10011011000
10000100111
11011100100
01010100000
10111000010
01001010001
11000100100
10110001001
00110011001
00010100001
00000001001
01100011011
11001011010
10100010110
10001111100
00100111010
01001100000
11111011011
01100010011
00011110111
10110010011
11010100011
10100000110
01110100110
11100011101
00011110100
11101000111
10111101101
11010101011
00000110101
00010111111
00101010110
11101011100
11110010001
00000100101
10101111111
01010101111
10011100111
11110100000
11010010110
10011110000
01001001001
10111010110
01010001001
10111100100
01010001000
01010010100
00010011100
01001111110
10011101011
11011100001
00110101101
10111101111
10011111001
10011100010
11011000001
10110111010
01001110010
10110011100
00100101110
11001100101
01101111001
11110011101
00011101100
00000111001
00001011010
10100110111
11010111111
10110000001
01001101001
11000000011
11110001101
11111111010
00010001010
00111001010
11111111101
10100011100
00101000111
00100010010
11000011011
11100011101
10101110011
10111110001
11100010101
10011101001
01100100010
00011000011
11110000110
00101100111
11101111000
11001110010
10110011110
01111011110
10110011010
11101000011
11000000101
11010101111
11011100111
00111001100
00111100011
00100101100
01001110111
01100111000
01011110101
01010011100
01011100000
01110001111
10100110100
10001110010
00010100110
10100101110
10001000101
11100111101
11000101111
01001111010
00011011001
11100111100
11011110000
01101000011
10100001000
01000101000
10001100001
11011110111
10101110110
11100010101
10110111010
10010001111
01110010100
10000110011
10001101111
11000110000
11111100000
00001011001
11101011001
01001011001
11000100110
01001111011
00111010010
10110010101
01101000000
00000011001
00000011101
01000111001
10110001110
11000100000
01111100110
00100101111
00101101000
00010100110
00101111110
11000010100
00100100111
11000111110
01110000100
10000101111
00100100101
11111001110
11101110011
11001110111
01101100011
10100010110
10001000011
11100010101
01001100110
10010111111
01000000100
01100111101
01110011110
01101111001
00111001011
01000101011
10111011101
00100001010
10110100111
10011111000
11001001111
01101100101
00100010101
11110111111
01000001000
11110100001
11100000001
10101110000
00011101010
01001111110
11100011000
01000111100
11010100011
10101000111
00011101111
01110010101
00100011011
00011011000
00000010111
11111111000
00001110111
11111010001
00101010010
10000010100
10010101011
01101110001
00100101111
01011010111
11100100111
01100110010
00100001000
01010010101
00100111110
01101011111
10000100111
10110000000
10101010111
00111001101
00000110110
11001101000
00101110111
10100010001
01010001001
00000101011
01001000101
01110100110
01000100110
11010101100
11010001101
11101111000
11111011001
00101111100
11011010110
11010001001
01100111011
10010100100
01101110010
00111101011
10100110010
01010101101
00111000010
01111110010
11111001111
01001010110
11010010001
00100000100
01100111001
10111010101
10001000101
10100010101
11110011101
11010010111
00101001001
11011101011
11100101001
00101101111
01110000110
01001110001
11011011111
01000110110
11111000010
11110001001
10000011001
10101010101
11100010010
10000011011
11100001010
10100000110
01000011001
00111001001
00111110101
11001000100
00001111001
10101001110
10111101101
11010011000
11110011111
10100001000
10101110101
00101110001
01111010110
11001101101
10100101010
11011001110
10111110010
10101001101
10101000011
11110010010
01101010010
11000011011
01101011101
01101001011
11000001001
11010010100
10001100110
10011100000
11000111111
11101001010
01011111011
00111000010
11101000111
11101001100
11111111000
11111001000
10011010010
01010110111
01001111100
11111010001
00011001001
11101011110
00010010110
01100110000
00111110110
00101100001
10011011110
11001111100
00011001000
00010010110
11001001101
10111000101
01000100011
10000001011
10111111011
01010011011
01110011001
01100100111
01100101100
11101011101
00111111010
01011110100
01011000100
11001010000
00110001010
11001110000
10100100110
01110110001
11010010010
01001010111
01001100100
11001011101
11010011011
00111001010
11110000001
11010011011
10000011111
11011000111
11100010101
00000100010
10000011100
10011110010
10101101011
01000100100
10011101101
00000001101
00000100101
01010111000
10100000100
11110110111
10100001100
00010000011
01100110111
11000100000
00110111101
11001011010
11000000100
11101010011
00011000100
00101110000
11101000001
11101001001
01101110010
00111010001
11111110111
01110001010
11101111000
11010011110
11101101001
11111011110
10111011110
10111001111
10000011111
00011100111
11010001010
10111011001
10000110010
00101101110
01111101110
01011110000
01010111011
11010110111
01100010001
00001001010
01101000101
11010100101
01101100100
11000110000
11100011110
00001000010
11111111010
10001111110
00111101000
10101100010
11000110101
00100000111
01101001110
10001001011
01111001100
11011000010
00100111100
00110111101
00110010001
10100101101
01100100101
01010000101
01110001010
00011111010
11100110100
11101101001
10000101100
11010100100
00010110010
10011111101
10101000110
10101000101
11010111011
10100100111
01100101001
11101100101
00001110111
01111101111
11100001100
01101011001
00001000111
00001001000
01011100011
11101011111
01101000101
10011100110
00110100111
10110011111
11111101001
11000000110
10110010100
10100010110
01001011100
11111110110
01101011100
10000001011
10100111010
10101110111
10000111010
11011110000
10000110110
11100101010
00101101110
10101010000
01110010011
01000011101
00111110110
00011111000
00011011001
11011010101
00101110111
11001111010
01010010010
01110110000
10100111010
11000110100
01001110111
10001110011
10111101011
10110011110
10100001100
00000000011
10111001000
01100110101
11010010011
00111001101
01100000001
11011001001
00010000010
10110011110
01100101010
00111011001
10101011110
00011101001
11000101110
11001000010
00010111011
01111001100
10010100100
00011001101
11101001100
00111001100
00010100100
01111100110
11100111011
00101010111
10110110000
00011011000
11011001110
11101011000
01010010111
11101001101
01011000101
10111000011
01010111001
00110100001
11110111110
11110100110
10000110100
01000001101
11100101100
00011101010
01011101011
01000110100
11101011100
10101110011
10110111110
00110100110
00110011011
10001010001
10101110101
11001101011
01110010100
10100011001
00110010010
10101100001
11011010000
10000100100
11110010101
01001111111
01011111111
11010100011
00000000001
00001110101
00010001110
01010101010
01110001111
11000011100
00000010101
00101101101
01110111100
11110111001
10100000100
10010100101
01110010100
11011110101
01100010111
00110100011
01010101011
00101111001
11100010011
01101010110
00010101011
10010110110
00111000011
00111100111
10001111100
00011110011
10101101101
10001010111
01100001011
00001010100
11011010011
11000100111
10110011110
11110110110
01001110111
11111000101
00001011110
01100001101
00111011011
10010000010
01111111011
00011011111
00001010010
01000001110
11111111011
00111110100
00000010000
11101011110
11111010011
00110000011
11111001111
10011001110
01001011011
10000111100
10000110110
01000001011
00110010110
01110110101
11011111100
01011101001
00011100010
11001001011
10011101111
11010110000
10111000110
11010010111
10100011010
01101001000
10010000111
10010000001
00000111111
00111100101
01100011010
11000110001
11111001001
00001000110
00101101101
11011110100
00001010101
10011110111
01011111010
00010010111
10000101011
00010001010
10000011110
11011010100
00001001101
11101001010
01110010011
11101000101
00111000100
01101001011
11000110101
00011010100
10111111100
10101011111
01110000100
01010011101
01011101000
11101100110
11100011000
11011110110
00000110011
00111100111
11000100000
01010001010
01101010100
10001001101
10001101111
01111011101
11001100110
00111011000
11011001101
00110011101
10110100101
10110001111
11111000111
11100000011
00001011111
10110011101
00110101100
10111000000
00100001001
10101000100
10000000001
10001101010
11010100011
11001111010
01110010001
01000101111
01000000110
11100100111
11010001100
00000000101
11110010110
11010110000
10111101111
00110110100
11111010110
00101001011
11100110100
11101011000
11101001010
11101011000
01100101111
00110011100
11101000010
00111000110
10000010110
11101010110
01011111111
00010111011
01000101101
11010000001
10100011100
11001011011
01101000100
10100000100
00101100111
11110000100
00101000100
01011010100
10101110110
00000001011
01010111010
00010100010
01011001000
00010001101
01010000111
11011110000
01101000011
01111100011
00101110001
00010101011
00100111011
10100110000
11011001110
11110100100
10111000100
00001100001
10010000101
00010110111
10101000011
11011011111
01101100101
11011001100
00011111010
00111011100
10011000111
01101111000
11101000110
10010010000
11111010110
00001101011
00111011000
01001110100
00100100100
10100100011
00011011011
10001100000
10010101111
11100011100
01110010011
01001000110
01001111001
11111110001
00110001110
10111110000
11101101110
10000100011
00100100001
10010011001
11000010101
01001011000
11110001100
00101111111
00100110010
00001101111
01010001000
00101010100
00000011011
10010110101
10011011100
11011110000
10110010111
01101111111
11011000000
11011110010
00010111101
01010000000
01011001100
11111100011
00000100110
10111100000
11101111100
01110111000
10101000100
00011100110
11001001100
11011101010
00001110100
10000100101
10111101011
11011101101
01001111100
01011101100
10000001111
00100000110
01100110101
11110000000
11110110010
11100111011
00101111011
01000000101
10001001110
00110110100
11100001110
11101001001
11100000001
00101110111
01110110000
11010001001
00011111010
01111100011
11001101010
01111001100
00101001000
11110010100
00101100100
10100111010
10111110001
11101111001
11110001100
11101110110
11011111000
11011010011
11111000010
01011001100
01111101100
10101101000
10101100010
01111001111
10110110111
11101001101
00000001100
11101000000
00001000110
00110011110
01100100110
11000101101
10111011001
10111110001
00110001101
00010111100
00010011100
11001010111
00100110000
11101101000
11011001111
10011100001
00110110011
10111100101
00011100111
01101011110
10001000111
00101111111
11000111110
00110101010
00100101001
00100110010
01100101111
11000011010
11100100101
11100100000
01011111001
00110011100
00111101010
11011111001
11011101001
01010010100
00110110100
01111010100
10100110101
10001110111
01010011010
11101000010
01011110110
10110001100
11101110001
00001010110
11000111101
10110100100
10110011111
00100000110
00101101010
10010110001
00100000000
11110111111
10110101110
10011101100
00000001110
10001110110
11000101100
10011010010
10110111111
10011110000
10001000100
00100101001
01011111100
11111100101
11001111000
00011100010
00110001100
10000010100
01111010101
01010010000
10010001000
10011110111
10110110101
00100000100
01100001010
00010000010
10110111000
00110000100
10100011101
01001110111
01101110011
10111001110
01000011111
10101010101
10000001001
11110001111
00100010011
01111111011
00110101100
00110100001
01111011101
01000010000
10000110101
00010011011
01010111010
00000011100
01000100010
00011101011
00000000000
00101100000
01111001100
11010001111
01001001111
11110111000
10111101111
11110101010
11000000001
01000000011
00000010101
10111111001
01111110110
00100010001
10011110110
01011110001
00111000000
11111000101
01111000011
00101101111
10000101001
10011011000
10101100101
11111111100
11001111100
00010000100
11111110011
00000001100
01000101011
01000001110
01001011110
00111001000
11110111011
01000110100
11011001011
10100111011
10100000100
00110011110
00111011110
01001110100
01000101101
01010101100
11011010011
00011111110
00100100001
00111010001
00001001101
11010110000
10100001111
10011111101
00101000101
10101001011
01010010011
01111110110
01011010110
01001100110
01011010001
11010101111
10010101000
01101011010
00100000110
11011000000
11001101110
01010010100
11011101100
11101000001
10100011011
10100111100
11001001011
11011101101
01001010111
00000011000
00110110010
10011111010
01010101010
00110101111
10110110101
10100000010
11011110011
01011010100
00010010100
10000010100
10000000001
10000000010
10001111110
01001011001
00001101100
00001011000
10110010010
00011111111
10101110111
01000000101
10001100001
10100110001
10011110100
10101101010
00111110111
01111111101
10011001101
01010110000
11011110100
00011011010
01111010111
11111010110
01100011110
11110000111
01100111100
11101001010
11011001100
00011001110
10110000100
01110010111
11000010001
11111100100
11010010100
01111000101
00001100010
10111111110
01000000010
00001111001
11100001011
00101101100
10110111000
00111101101
01110000110
00001111101
10011001011
11101001001
01000010100
00010101000
11001000111
01111100001
00111111000
10011100110
01101101101
01000111110
11110101000
10110000001
01100111101
11100000100
11001010100
11010011001
11101010000
00001011000
11010001110
01100100010
10100011001
01101110100
01000100001
11001110111
10100111000
01111000111
10011011111
00010000100
10001000001
01100100101
11010111110
10011010000
01110101111
10000010101
11111100111
10110101110
11001000100
01101111010
11011000001
01001000010
11010001101
11011101111
00101110001
01101111000
01101111110
11011110100
11101000110
01111101111
10000111100
11110100010
01110011000
00100110111
00111000111
11101000111
01011111100
01111111001
01000000110
11101111011
11111101100
10100010010
11011100001
11100101001
01100101001
00011001111
00110110111
00110011011
11100000101
00101100110
01001100111
11001101100
00100001111
01101111000
10110010000
10000110011
01111101111
10101010110
01001110111
01111111110
10100000111
00001000101
00101010101
01010100111
11001100001
10001101100
10011100000
01110010110
11100111001
10010001110
01101011111
01100101111
01111100010
00010001101
00111100111
10011010001
10000001010
01111100001
10100001011
10001011010
10011000100
11100000110
10111010011
01101110111
10100011110
01111101111
01001011101
01001011011
10110001101
10111000111
00111110101
10110000001
10100110100
00111100001
10111011001
01000000111
00000100010
00101000011
00110111100
01001110001
11000011110
00101011101
11001001110
11110110110
10101111110
00010010010
01110001110
11101010000
11010110010
00100100101
00111111011
01010100111
10110110110
01101010100
11001111001
01001110010
11010000111
01100000010
01010111101
01101000000
01011101101
00100000001
00010010010
01101001100
10111001010
00001010110
10001000000
10101000011
10101100000
01001001010
11000100011
01110101011
01101011001
01011001110
00001100011
00100000011
00100010000
10101000011
11101010100
01011011110
01110001100
01110000011
11101011011
00111111000
11011101101
01010011111
10101011100
01000111101
10101101101
10010110101
10010101100
10011101111
01011101110
01000001111
10001110100
10011111010
01000000111
11010110110
11001100101
01011010001
01110110001
11110110000
00011000011
01000011110
10011100010
10100001011
10110011101
00001110100
10101101110
00111110001
00010001100
01010101100
01101010000
10110101001
01101011010
00110100000
01111101110
00000011111
11101100001
10000001000
10110100100
01110110001
11001100110
00000010011
11010010101
10111101110
00011001000
01111110101
11010100011
00001000000
10000001010
11010111001
11100010100
10001111110
00001001001
11011101110
11001001010
00110100000
11111010111
00011010101
00000101100
01101100101
11100001110
10111111100
01011101000
10101001001
00001010100
00110101111
11011010110
10100100101
00000101110
00010101010
11100010010
00001010000
11011110000
10001010001
00010111101
01111111110
01110011101
00110000010
10110010110
01000111101
10100110010
11110010010
00111100001
00110110100
10111100100
11001011011
01011101001
10101011010
00101010110
11011100000
01011111101
01011100011
10111010110
01000001000
00011110100
10011001100
10110001010
11100010100
11000011111
00010000100
01010111110
01101000001
10100101100
00000011101
10101111001
01001111000
00010010110
00000001101
01111010001
10000010100
00010110101
10001110010
00010000111
11110001011
11000011100
01011000011
00000011011
01100010010
01001001101
00100000100
01010001111
00110110110
01010011101
11010010110
10101010111
10101111000
10011000100
10111011000
11111000011
01101101100
00000010101
01011001010
10011010010
10001100101
01010111001
01110111101
11111110100
11100100011
10111000100
11111101100
01111011000
10001101001
11110001000
01110010001
00110011111
10100111010
01010110111
00110110110
11111101000
10001000101
11110011001
10101011100
01110101000
11110101001
01111000111
00010100001
10100111011
01000101011
11111111011
10010111111
10101110100
00100000001
01110011011
01111011101
10001110010
10011100010
10000000000
10100101000
11110011101
11110011011
11111000111
10101111111
11100100100
01001101001
10111011101
01011010110
00010100011
01010001010
11101001000
10100001011
01101100101
01010100000
10000110010
01111111100
10000101101
01001001101
00011001101
00100100010
11011101011
11000001001
10111111101
00000001000
00011010000
00011001010
00110100001
11101001010
11010010111
00101001010
11001011110
00010111111
10101011111
10011101101
11011111101
01100001011
10001111100
11101000010
00000001000
01111111010
01000110010
01000010100
10111000011
11110101111
11101111110
01101100011
00100001011
10101000100
