10100011100
00110011001
00111101111
00000010100
11110001110
01110010001
01110000101
01011110001
10000011000
01100000010
01000010010
10100111100
00010110101
10010010101
01101000010
01111000010
00000111001
11110101100
10101000000
00101101000
01001100100
10011101110
10110111010
10001010110
01101011100
00011101100
00000011010
00101100111
10100010011
11100011010
00110000011
00000000111
11110011001
00011010100
00000111011
00010001101
01001111110
01110101111
11110010000
10111011000
01100100110
01110000111
01001110001
00111011001
10000101101
00111011010
10101111101
01011110011
10100001100
00101011110
10101100100
01011010011
10101001011
11110001100
00000111110
10100111010
10001100000
10011101001
11100110101
10100010111
00100101000
10111100001
10101100100
11101000111
01000111010
00100101101
10110111110
11101100010
11101101100
11011010101
11010001100
10001001111
00000000110
11111101101
01101111111
01111010010
00010001000
11110001010
11100111010
10110010100
10111010010
11110010100
11001100110
10101010110
10000011000
11100011000
11000101101
10101011001
01010111101
01101110011
10011111101
11111100001
11100000110
00110001110
00100101010
11101000101
10101001010
01011010100
00101110000
11011001001
01001111101
10111100101
00011110101
00100110011
01110111100
00000101000
11010101001
00111111101
11001100111
11010001110
10010100000
01000001000
11010100111
00101000010
11000100000
01110111101
11101000100
01000110101
10010101011
10110011001
00111100010
00101101011
11011100100
00110000111
11101101011
01001010101
00000010011
00000100101
00110011101
00010011101
00011111111
00101111000
01011100111
11100111100
01101000011
01101100101
10101011001
10000011110
00101100111
00111000100
00010001101
00110001011
00111101001
01010111000
00011000010
10101111111
11000010010
10010101100
10101111011
00011010100
00100101101
10110010001
00000001001
00101011111
11110100010
11011000100
00001010111
00001001101
11111001111
11001111101
00011010110
10100101100
10011010000
00110100000
11101101110
10100101101
00011001111
01000111001
11110010100
11001011000
01110100010
01100101110
01010011011
01101001110
00011001100
11101111010
01101000000
10000010011
00100101101
00100111111
00101110011
00010010010
00100011100
00011111101
10111011110
10111011101
10100010010
00101100010
00001001000
00011000110
01001111010
00011110011
00010010111
11001001001
01000010011
00010100110
01010101111
01001001100
10111110111
11101100110
10111000101
01001010010
10110111011
01000111100
01111111011
01011010101
10010101110
01001011011
11100011000
11111011000
11010111111
11001101001
01100111110
01101010001
11111010111
00100110010
11111101011
01001000011
10111001110
10010111001
01101110001
01100011110
00010110110
11101101000
01110010010
01111100100
01100010010
00101110000
01001000111
11100100101
01100101101
10001000011
01001100011
10111011110
10110100110
10100111100
01111001100
10100100101
00110101100
00101011001
01100111010
00010000011
10001001001
01000000011
00011011100
11010000110
01101011010
10011000111
10101110011
01100100100
11000001110
00001101111
11001011100
00000111101
11101000000
10110100001
00011000111
01111111001
11000111110
00011101000
10100000000
00101001010
00100000000
11010010011
10001110001
10001010101
10001001010
00100111100
10001100001
00111000010
01001101110
11111010001
01111001001
10011111100
11111101101
11010011000
01001001011
00101000101
01001100111
00111001001
00111001110
10100111001
01010101001
10100111010
01000111111
10011001001
11110011101
11111011011
10110011001
10000101101
00010111001
00110111100
01100000010
00010011110
00010011100
00111101110
10011001101
00100100101
00000011111
10010111110
01010110000
00110011010
11001100111
01011010100
00011001110
00111011010
01110100000
10100100011
00001000101
00001000000
11000010110
00000100001
00110111100
00000110001
01101101001
00100110101
10101110011
01010100110
00010011001
00011100001
00111001101
01100010000
11101011011
01001111111
01001101101
00110110000
10101010001
01010111110
11011110000
00101110001
01001100010
11111011011
11111111000
10100000011
00010011011
01001010110
00001010011
00100101010
11010111000
10010001100
11100001011
10010001011
11101011011
11010000100
00001111110
11010110000
10110001000
11110100010
11111011100
00001100000
00011111111
00101100111
00101010110
01001010000
11100001011
00010110011
00100100101
01001001010
00101111101
11010011011
11001001001
11111110100
00110100100
10010101000
00001001011
01110000100
10111111000
00011001110
10001011011
01010010010
00000011000
01101010001
01010010101
01001111010
01111110110
00101110111
01111001001
01110110101
01110101000
01011111000
11011000111
01010010010
00111010101
00001100111
01100101111
11111100001
10101111000
01010110010
10011001011
00001110111
10110111001
11010111000
10100001010
01001001101
11000111101
10001000101
00110110001
10001100001
11111010011
11111000100
00111111001
10110111000
01100010010
01010110001
10111111110
11010000000
01110100000
10110000001
01100000101
01000000010
11110010010
00111000001
11111000010
01000011011
00100011101
10000110110
00101000110
01111001101
01101101010
10111011000
10101110101
11111111110
11111111000
10000011010
00101100100
00101001100
10010011011
01101100000
00101011000
11111011110
00011100010
10111010011
01111001011
00100111101
00011110100
10100000100
11100110110
11000000101
11011010011
00011001111
10110011000
01010001101
11010000111
11000111010
11000111000
00010001011
01011000011
10011100100
11001011101
10100101110
11011110100
10111100110
01101110100
10110010001
00010000001
10111101011
01001010000
11010000101
11110101011
10011011011
00110001111
01110010100
00100011001
10101100100
01000001010
10111110100
00010010111
10001101001
10010010101
10000101110
01100010000
10000100111
01001100010
01011100111
01000101111
00100111101
00011001001
10100100110
10011011001
11110101100
11011000000
00010100101
11101010101
11010111101
11101000100
11110110111
11111000110
00011110001
11000001110
00001110000
10100001000
10011010110
01001001001
11110111001
11100110101
00111011101
11001011111
00000000110
01011011001
10100010000
11111110001
01101100001
10011000000
11110110111
10101111110
11000110000
10010010100
00001101110
01010000001
10101100011
01000111001
00110000001
00001111110
00100111011
10001100010
01100100111
11101011100
00111100011
11010001010
10010000000
01111111101
00100010111
10111111011
01001100111
00110100110
00110011100
01101111011
10111101011
01011001000
00100111001
11000111110
10101011110
11111100100
01100111101
10011110111
10110100100
10111110011
11001010001
11101001010
00011100111
01001011100
10110011110
11010000110
00111001010
01110001100
00110101001
00101111110
00011000111
01010010101
10101000100
00010101000
01100010001
10000101011
01010000011
11101110001
10010011111
11111010000
00001100011
00001011000
00001110111
10000000011
10011111100
11010010011
00010111111
10001000011
11000010010
10011000110
01111010110
00110101101
11010001101
10110111001
11000010100
10101000100
11111101111
00011110110
00110101000
10101100111
00000100101
10011111010
10000010110
10110010110
11100100101
10011010101
00000001101
10110111110
10001001000
10000000110
00010100000
01100000111
01101011101
00110110101
01011100101
01011010001
01000110101
00111001100
10110001110
11111110100
11110000000
00010100001
11010001000
10100100000
01111010000
01110101110
10011001010
11000100011
10100010100
01001001111
10000010011
11101011101
00100110011
10110110110
10101101000
11100111101
10011001010
00010001110
01110100010
11010110110
00100110011
00010100000
10010011111
00101110010
11000101010
10001000010
01011011011
00110011101
01100101111
01100010001
11010100001
10010011101
01001010111
01101010111
00110100001
10010000011
01101001010
11110010000
01101111101
00011000000
00011100110
11101000010
11011011010
10001000111
10101111100
10000111111
10101111000
11000011111
01100001010
00101111011
10010111001
01010001110
10000111000
01110110111
10110000110
01001011100
11001111011
01100100101
01010111100
01111001110
10000010001
01101100010
10001101100
01000110010
10111111011
01011011101
10001101010
01101011001
11011100110
00001100001
10011111001
11011011000
10101001101
11001101001
01111111010
10101001101
11110101000
11000101001
01101110111
10001010000
11011101101
01001111001
01001010010
11110101101
01111100010
11111111110
11110111011
10011011001
11000101110
10100100000
10001000010
10001010011
01101000011
10001011110
01001001000
11110000001
01011000101
01001111001
10111001001
01001101110
11100100000
11011111011
01101100101
00100111100
01100001011
01001001001
01001111011
11101010110
00111010001
00111101001
11110000100
01110010100
11101011011
00101010000
00111000010
10001000010
00111011110
01000100111
00111000010
11000000011
01011010101
11110011100
11010101110
10011010001
01100100011
11111101101
01010111100
11001110101
11000011100
11000000101
00001011011
01111100010
11001111100
10011000011
11000011110
10011011010
01000111110
01101000110
00011100111
10010001011
01001011001
00100011100
11011111100
01011010110
00001010011
01111110011
10011011010
10000000010
00100001001
10101111101
00011101000
00101111110
01110111011
01011011111
11001011000
00011010011
00111110011
10011110010
01111001011
01101011001
11111010010
11111010001
10111101101
11110001101
11110110110
00111110111
11111000100
00110001010
11100001011
00111100011
10101000011
00010011101
10110110110
10001111101
11011100000
10111000000
10011000001
11100110000
01011110100
01011101110
11111110001
11100001110
11010001011
01100111100
01101110011
01011111000
01001110001
01000010101
11100100000
10010110110
10001100110
11001110101
11100110000
00101001100
10111110001
00011010010
01001001010
01001011010
10010001110
01110010100
11000111001
10010110000
11111100001
00001111100
00101111111
00101101110
00011100100
10001001100
00010111011
11101101000
01011100011
10000111101
11011101001
11111110111
00011000110
01010001000
01101110011
01101000011
01111100001
11101010001
11011100011
11010100100
10101010101
00001101100
00000100000
00110000100
01001000010
11000101111
00011001111
11010001000
10010010000
11101111100
10001100000
10011000111
00000100000
11110000110
10101011111
00100111110
11000110111
11011100101
00100111100
00000000111
00110011001
00101100001
00010100101
11010010000
00100101001
11000010110
00101011010
10110011000
01011000001
00100110111
11000000001
10000100111
01100011000
00100000011
01010100111
11001001000
00100001010
10101111100
00100010111
01001111110
11011110111
11010001010
01001011100
00110001110
01100010110
01000111100
01110000111
11010101011
10101011100
10100010000
00110110011
11110010101
10000100101
10001010001
11110101001
01011101000
00000111111
10000001101
00010001110
01111010010
00001011111
01001010110
10010010001
11001010011
01010001100
01111000100
11000110100
01000010101
11100010111
01000010000
10111010001
01001110011
10111111010
01111010110
10110101001
11111010100
11011010110
01100011100
10100010100
01100001001
11110011110
11010100000
00000110000
00100000000
11101011011
11110000110
01111001111
11000011001
11110100100
01100000001
11000101011
01010010001
10110011010
01000101100
10000001100
11110100101
00101010100
01001011010
01110100000
10001101011
11000001000
11101111110
01100001011
11001010010
11001101101
11001011111
00010000011
11001110010
01010001111
11000110101
10101110100
11101101100
11101100110
11110111110
01011101110
01010111101
11111000110
00010011110
00110001000
10000101010
00100011110
00110010101
11011011010
01010110100
11101110000
11111100010
00010011011
01001011010
11100000111
10100010110
00110001111
00011001010
10110011101
10111010010
10010110100
11010110011
11001011011
01000010111
10110001010
00010000111
00101001100
00010110001
01001100111
00100000101
01111001101
10001011011
10101000100
11100000111
11000111011
11010111001
00001001011
00011101000
11111111001
01111011001
11001001101
00100010111
10011001110
11101001110
00100100011
10111101100
00011110111
01100001101
00010111100
11011100100
11011101000
01011001000
10000011000
10000100110
11100111111
10110101101
01011110011
11000110000
01111011000
10111110001
11010011111
11101100011
10111101101
10000101100
11100000011
01100010100
10111100000
11100000100
01101011001
01000011101
00011110010
00001010011
01011110100
01010100101
00101011010
11100010110
10000011101
01001010110
10001001010
10101011100
00101110000
01110110010
10011100111
01000010001
11011100111
01011101001
01100101011
00101111100
00110011101
10110010100
01111100011
01111100000
10011011110
11111110100
01011001110
01101101100
00010010110
01011101101
01000111011
00110100110
10110000111
11110010001
01110101001
00001011001
11101110111
11101001000
00000011010
10001010011
10100100101
10100101111
10001100000
01001010001
01110010010
11101000011
10010010011
11101011100
01110100011
10011010011
00001100100
00101010100
00111000010
11100010111
00110011110
01011001011
01111001100
10011001100
10111101011
01111100001
01101000000
10001110010
01101000010
00110011111
10101000011
01010000101
10010010100
00101110110
10011010110
00011011000
11011100110
00110110101
01000000000
00011101111
11100101110
01010100100
00101110000
01010011111
01100101110
00010101101
10000100011
10111110000
11101110001
01001110001
11010011001
01000010011
00011111111
11110111110
10011101011
11110001010
11101111001
00011001100
01000001111
11101010011
10001011000
00101010000
10001010101
00010110111
10111011100
01101010011
11111010000
00001101110
10110000110
01100000010
10011100111
10010010111
10110100001
10010010011
01100001000
00100101000
11011010111
10001110010
01010110000
01111100000
01010100000
00111111101
11111001111
11111001111
11110101001
00001111010
11100001101
11110101100
01101011100
10101111111
01110111001
01111110010
00000011000
01101111011
01110001010
00000001010
10011110100
11111011010
00111111000
11111110101
10110011001
00011011111
10100011111
10000010110
10010101011
01101111100
11000101000
10011100010
10010111000
11001011110
01001111010
11110010110
00100101100
10110010100
01010001011
11101011010
11100001010
11100001111
01110110101
10111100011
01110010100
10000110101
10011011111
00010010011
10000101010
01000010010
01110011010
01111010001
10011011111
00101111101
10101111000
10110110010
01100110001
00101100101
10011110100
10000000101
00111100100
00011110011
10101011010
00100111101
01010111111
01111001111
11111010111
11011000101
11010100010
00111011000
00010011010
01000001010
01100010000
00010111000
10110011111
11011001101
01001010011
00010100001
00001001111
01010000110
00000010011
10001011110
11011101000
10101010111
11111111010
10101011101
00001111001
01000011101
00001000010
00101011110
01111101000
10000101100
01101111011
11110000110
00111011001
00000011110
01110000100
00000111010
10101100101
11001011111
00111111011
10100100011
01101011101
01011101101
00110011101
00110000011
01101001010
01100001110
11000011000
10100110010
00110000010
00101101100
00001110111
10110001011
11010000011
01010000001
11010100110
10000001011
00010001010
01000110111
00101110001
00011000000
00011000010
00010011110
10001101000
10100100110
01011010011
01000011010
00101101111
11101010010
00101000100
00000010110
11110100111
10101110000
01101000101
11001011110
10101100011
11010010010
11110100101
00110110111
01101110011
01110011001
11100010010
01001101011
00110110011
10110001000
10111011110
11110000111
01110110101
00110000001
11110001110
11011011011
10001010110
00010000000
00101000011
01101010111
10101010110
11001011110
10100011010
00110000101
00100011110
00001100000
01001100000
00100001010
11101010110
01001011010
01000000000
00111000001
00111010100
01001101011
11100111101
10100011100
00100111110
00001110110
01011101011
11000111000
11111011101
11000101110
01011110001
01011000011
01101001101
10010100011
11101101100
10111100010
10011111011
10101110101
11100010111
01001100100
01011110100
10101100101
00010110010
11110010010
11001100110
10111100010
01001011010
00000111100
01110100111
11100010001
10111110111
10111100110
10001011100
00101100111
11111000011
01111110010
01101110010
00000011000
00110101101
00111110111
10100100100
00000000111
00010001000
11011001001
00001000010
10100111011
01100110100
10000101011
01001110000
00101000011
00100000010
11110100001
10101011001
11000011010
01001101101
11111000111
10011111110
11110110000
10100001100
10110100111
10010111000
11000100100
11001010010
01001101101
01011110001
00111000000
00011011000
00101101111
00010001010
10001001001
11100110100
11000111111
10111001011
01110010111
00001011000
11101110101
10111000101
01010111111
11111111000
01101101100
01000101001
01101001010
11000001000
00001010110
11011011110
00101110111
10110001000
10000000000
10101011101
11100011110
11010101011
10101000001
11101001001
11110100010
11111110101
10010110001
10010001011
00110001001
01001110111
00111111011
10101100011
01000011110
01111101101
01010101000
10000010110
01101010100
11110001001
11111111110
11111010110
11110101100
00110011100
10101001000
11011000100
01001110001
11110111101
00111110101
11111100110
11000111111
00011001011
11110000011
10101110001
00000010011
01010010010
01011100001
10101000111
10111001110
01011111111
00000101100
00110110010
01000011010
00011000001
01111011111
01111100111
01110001101
10101111001
01110011010
01110000000
00001110010
11100100100
11010000011
11010011010
00100001111
11101110010
11010100110
10011010101
01110000011
11011001110
10001000011
00010001101
10011010010
00101110111
00100111101
10010001100
11111000110
00011011000
11000100101
10100000101
01000100110
01011010010
01110110110
01011110011
11000011100
00011010110
10011111001
11100101100
11001111001
01000011000
10011011111
01000000000
10010110001
11111111111
10100001000
01110001110
11101100000
01101000010
11001001100
00110110110
11101011100
01000010001
01101010010
00111010111
00101110100
11101010010
10001100011
11011011101
00111000111
00001000001
10111000101
00010011000
11111011110
11111000000
10101001001
00100001011
11001001100
01011011001
00111011111
11011111001
01111110011
11011110100
11011101000
10010000001
01110000000
10011011011
00101100100
01010110101
00010110011
11000000110
11000001001
01000001111
10001011001
11110101000
11100000010
11001011010
11011011010
01100011001
01100000110
01000001010
11111101011
00100100110
11011001001
10100111000
01010110000
10110110110
01000111011
11000010000
01110100001
00011011111
00100110110
01000101000
10011011000
10110100101
01111100001
00011011010
01001000001
10100111001
00010110110
01110010111
01110010110
00000111000
10100001111
11111111111
01011101001
01110001010
10001010011
00101001100
10101110011
10110111101
11000111011
10010010100
01110001011
11010110001
10010111011
01100100001
10010100110
11010011000
11000100101
10111000110
01110000101
11111010111
11011110001
10000011101
01111010000
01100010110
00101011100
00000010110
01000000111
01000100111
01100111111
10001001010
10011111000
00001000010
01111000111
10010000101
10011000010
10010010101
01100000010
00111001110
10100011000
01101010011
10100001110
00011110101
01100000001
00000100100
00000101001
00111000011
11101110101
01101110010
00101101110
01001001111
11100000001
00000000011
01101010001
00011011001
01111000001
11101100000
11000011010
10010010101
00111000100
10101101000
10110101110
10001100000
00010110001
00101010010
10100001101
10000101011
11100100110
10010111110
11101001000
00101100010
11001011010
10110000110
11101010100
00101001011
10110101100
10001011000
01111101101
00011011010
11111001000
10101000001
10010110111
10011110000
00111100011
01111110000
11100110100
10010000111
11110101101
01000000111
11110110011
01111100110
10000100011
11000101100
00000011011
11010100100
00010100100
10001101000
11000110111
00011010101
10000010000
11110101001
11000111001
11000110010
00100110111
00111110011
01100110001
00100010101
10010101101
01000100101
00100110101
00000001101
01111001001
01001101000
00010111101
01010110011
00110100110
10101101111
01111001100
01011001110
10111001011
01000110111
11001000110
11101100001
01001010101
11111101101
10100000101
10001111111
00100001100
11111110010
11010010010
11110100010
10111101111
11010001100
11110111100
10100100010
11100110011
00100101011
10100100010
10010000000
10111001100
00011001010
01110001111
10001010101
10010110000
01010000111
01011110101
00100001100
11110100001
10011000000
00111000110
01101110111
10110011100
10101001001
11000111111
10001011001
01111101100
01101011001
10001101100
11000110110
01001101110
00110001101
00101011111
00111111000
11000101010
00101001101
01100110011
00000000110
00011011110
00001111011
00110000100
00110001100
00100101000
01111011110
01011010001
10000001100
00100011100
01100101110
11110010110
00011100100
01100110110
11111011110
00001110110
01001011101
11000001011
00001000000
10010011100
11110110001
01110111001
10110101001
00111010010
01110101000
10010001100
00000100010
00001010001
01110100111
01001011000
00101101010
10111000011
10000000111
10000100010
00110010011
00110000010
00100011100
11011101100
01100101010
11111111011
10010101111
01000001111
01101010110
10111100100
00101001101
11000100100
10101111011
00001000111
11110101001
11011110010
00101100100
01011111100
01100101111
01001011100
00111101100
10111111010
11000011000
01101111000
10001001000
01101010101
11101111001
01011101010
11110100010
01110111011
10101010111
10101100101
10111100011
11011111010
01111000110
01100111010
00001000001
11111011011
00110111110
10000010111
10011100010
10011100000
10101011000
01101001100
11101000010
00100010100
00111001011
00001110011
01000011110
11010010011
00101011101
11011110101
10111011001
10110100000
11111100101
00111110110
00011111011
10101111000
00001001101
00011101110
10011001001
01110001011
11001100010
00101101110
00010101101
11100100001
01111010011
00111100101
10010001100
10011011111
01001011010
01101100110
10101111011
00000011010
10000001101
00110011001
10011101111
00100000110
01000100010
11011011010
11010001010
11001000010
11111100010
11100001110
10011000011
00101100111
11000010001
10001110011
11010111001
11011111000
01100010011
11111111010
01010101000
10111010011
11111001110
01111100110
10111100011
01100100100
01111110110
11010100110
10101011101
00010110001
11101010000
00001000100
01110001000
10101001100
00111000111
01110010011
10001110111
01110001101
00110110110
11011010101
01100111010
10000001101
00101101010
00100010100
11100111010
01011110110
11101110010
01100101010
10100111111
10101011000
10110100100
10001110001
01110011011
00101111101
11101101110
10100110101
11100001110
10110110110
10011100111
11001110110
00100010001
00101001110
01000001111
10111101000
11100010101
00000000111
10111000110
10001000110
10101010101
00100010000
11010010100
11001110011
00100010111
11001010101
10111110110
00111101000
10100100111
11110111011
11100101000
00010110010
00111110011
00110101110
01100100111
00100001001
01011110000
10010110000
11100001110
11110010101
11001000111
10010001011
01001011111
00110011100
01100001101
11010111111
01101101100
01100011010
01001110000
00010101110
11100101001
01011000011
01101001100
00011000110
11000101100
11011111100
01111000010
11000101111
11001101101
11101100001
10110101011
11110011001
01101111111
01100110101
00001110010
10111010000
01011010110
01110100101
00100110010
01111000011
00111101010
00011111110
11000100010
01101110100
11101001010
10010011111
01011001110
11110111011
11010010100
10101001111
00111010100
10100101000
01100101110
10010010100
11000010100
00000001000
11111000010
11011001111
01000001010
11101001110
11001101000
01011101101
10101011001
10110001111
10000100101
11000111101
11101011000
01111101001
00111111000
01100010110
01001110100
00011111101
00001100001
10101001111
00100011000
11101000011
01110101001
11000101011
11010101001
01111010110
11011110110
00110010011
10101000110
00001010010
11110110011
10110010000
00101001100
01000101001
00010001010
10110010010
10000000101
11101010001
10010000110
11001001000
01011110111
01101110110
00101101010
00000010100
01101010100
01110111000
10111010111
00100000000
00011111101
00011100101
01010100000
11100101001
10100001111
10010000111
10100111110
10111000001
01010111001
10100011101
01010001111
01111101111
01000111000
11001011101
11010110110
01111101000
11001010010
01111100110
11011111110
10100101000
00010101101
01011011000
11010101010
00011111010
10010010011
10111011011
10111111101
10011111100
00110000011
11011111111
01101000001
