00110100000
01100000100
00001010101
10001000101
10000001001
01110110101
11100011011
00010011010
01010011001
10011110110
00101101001
11101110110
11100010010
11110011010
11100000001
01001001101
11100110001
10100110001
01101011000
10000011100
01001101101
01011000101
00100010001
10101001001
11100000001
11111100111
10011111001
01101111101
11011101001
11010010110
11000010010
01110011101
01101010111
11111100000
00000000111
10000110001
00010011101
10111111010
00101101001
11011110000
00001000101
10100001010
01100010110
11001110010
11111001001
01101101100
10100000110
11010110110
01110011111
01101111101
01111001011
01111111111
01100001001
11100000001
10100001110
00000110000
11011011001
01010001100
01101000101
00010001101
00010100010
01101011010
10101100111
11000010000
11111110000
01001101001
11110010010
10100011110
11010101000
01000000000
10001001101
00101101000
01001110011
00001010100
10000100010
10001110011
10101111011
00111000001
01100000111
11111011011
11000011101
00101110110
00111111000
00100000111
10101010100
01011011011
01100001001
11110010001
11010110101
00000010011
10010001111
11100000110
00010001010
00001011101
01100010010
01100011110
11001100001
01011101101
11000111111
01011110001
11100000110
11010101110
01110000001
10110111010
01100100011
00000011000
11011001100
01110001011
11001100010
11011100100
11101010110
01000101001
01011111010
00111101101
10110111100
10111011110
00101001000
10100101001
11000110000
11001111110
10001110100
01101110001
10001011110
00111101000
10100011110
00100100001
01111010110
10110011000
11011010111
01010000001
11011010001
11100010111
10110011101
11110111000
00001000110
10010001100
10011010110
00111100010
01110110001
00101011101
00110110000
10101010100
01011100110
10100100011
10111110111
01111101001
10001110101
00100100010
01000110111
00110111111
10100010101
01101100010
01011010011
01101111111
00110011000
11110001110
10111101010
01000011010
11100000101
11010010000
01101011000
11101111101
01111010100
11010010001
11011100100
01100110110
10000011100
00001001100
00101010111
10111010110
11001100100
10111000000
10110001110
11101100001
00000101011
01000100000
11001011000
11000001010
10011001111
11000110100
00001001011
11111111010
01000011001
00001110110
01111101000
01110000010
01011100110
11000101011
11101100111
10100101011
00101111111
11011111111
11011100011
11100011000
11011101110
01100110011
00001111001
10111111111
00001111111
11001110110
00111101010
00011000000
00000111100
10101000101
00110001110
01111000110
01101101010
10000100110
11000100101
01110100100
10001010110
10001011101
11001011000
10011001100
11010101000
10110110010
10110011011
10110101010
10000011000
10010001111
01100000110
11011100100
10011000011
10000011100
01110011101
10111011011
01010010001
01101110001
11000111000
10000011100
01110001011
01010100010
10110101000
00111110010
01100000110
01111100010
10001001111
11100110110
11010000000
10110100010
11101110000
11111100100
00100111000
11111000011
11111001100
01011000110
00010111101
00110101000
10111111110
01101000100
01111000010
01010110110
10001110000
10111101001
11100111110
00001001100
10001000010
10111001010
10000101101
00100100110
10010000000
11110101011
00110010011
11001000001
10000101011
01100110100
10000101001
01011000110
01110110001
00000100010
00011101000
01001011001
00001000111
10111100011
11010100001
01000111010
01101000101
11110011110
10000111101
01100111110
01111111001
11010101001
11011100110
11110000000
11011010110
10110111100
00011101011
01101101000
00001110111
01011011110
00000010110
00100010110
11011011010
00101111011
10111101101
01101011000
11101101110
10111000110
01100001110
11000111101
01110111101
00010111001
01010110010
11011101010
10011011110
01011011111
01000001110
01010100101
10000101110
01100100101
01010101111
01000001110
01000101010
00001111111
10000011001
11111001010
01110110101
11111000000
10111011101
00111111101
01001010100
01111001110
11101000000
01101011100
00001001011
00111111101
11111011101
01001011111
01010110101
10100100000
11000010100
11110010011
11000110000
00001010000
00101111011
11000111101
01001010010
10000010110
00111110100
10110111011
11000001111
01011111100
01100000011
00010110111
10001110110
01010001011
01001100111
10000110010
10010100010
00001101111
00110011101
10110001110
11101001101
01110010001
10000010011
00100011101
10011011010
01110000010
10001010110
00111011011
10001101100
11001010110
01011000111
11000011000
00001001000
10011000001
11111110000
10010000010
00111111000
01111010100
11000001111
10110001100
00010111001
01001101110
11001011010
11101001000
00010100110
00111101110
11100110110
11100000010
11111111111
01001000000
00000001001
11000001011
11111011101
01010011100
01111001111
11010011110
00101001111
11001000001
01101001010
11000011000
01101001101
00010101000
01101110110
10111001010
01001001101
00001010011
10110010000
00111001110
01001110100
00111100011
01000100101
10101011101
10111011111
00010100111
10001110101
10001001111
01000010000
01011011111
00111111011
00001010101
01100111111
01000000000
01101111010
11111011110
10111000110
10001110010
00011010100
01010111010
11101000001
11001011010
10010011110
10100011110
11001000001
01100011101
01011011100
11101111111
11001111011
10000001010
01110000001
00111011000
11110101001
00101001010
11001100001
00101000111
01000100100
10110101010
00110010011
10110100110
11100111010
01101100010
01101100101
00100100110
10001111110
10111100111
01011000101
11010001010
01110111100
00111111110
01010100110
00000000001
11000011000
10011111100
11100011111
00010010101
11010010010
11011000010
11110001111
10101100111
11001111110
00110110111
00011110110
11001101101
01001101010
11100111001
01110001100
01011101101
00110101100
01111110010
01100111000
10001100011
10011010110
11101000001
01010010111
01101111110
11100000100
01001101001
11110000110
00100001111
01100010001
11101001111
11101010000
01110101111
11101100110
01111100011
11110001000
11101011100
10010000111
10000101000
01011011101
11010011100
01001110000
10100101110
11100110101
00101110010
01101011100
10110011010
10111101011
01100110100
00000111001
01011101011
11100111100
00000010101
00100000001
10001100111
01100000000
00001110101
10101000011
00011100100
11111101101
00111011110
10000001011
00110111001
11010001000
11001001110
01010101100
00010011001
11101110001
10001101110
00011010101
00101000010
11100000011
11110001111
10100111000
01001001101
00110111010
11010001101
11001010110
10001011100
11110011001
10100000111
01011110101
10101010010
11101001100
01011101011
10100001111
00001010001
01000010011
00100111000
11001100010
11111100001
00110010101
00101011111
11111110110
00101110111
00000111011
11010000110
10100011111
10010101000
00000010110
11011011000
10111110111
01000001000
00001001111
00000100110
00110011110
01001100001
11111100010
00010110010
01010010110
10011110011
00010100000
11010000101
11100010000
10101100011
10101101110
11000001011
11110110110
10101100011
00010010111
00111101100
10011011111
11100001000
01110111110
10010111001
10101110000
00111001010
10110100100
10100110101
11110101011
10010110110
01010100001
10101101101
01111011011
11111111100
11011110111
10010111111
10010010110
11000000100
00110001010
01110001000
01001000111
10110001100
01000111001
01100101101
00100111101
11101101101
10010110010
11110011101
10001000001
10000110110
00101111000
01101110110
10010100110
01010010111
11111001101
10001110011
00010001101
00010001100
11000111101
01010001101
11110011011
10000111010
11000100111
11000111011
01010001000
11011010101
01101000100
01111101001
00000110001
11110000010
11001110011
01011101011
01110111011
01101010100
00000100010
10010111101
01101000111
01110110010
00100111001
10000000001
10110101001
00010011000
01011110011
01100010111
10110011111
10000000110
01111001000
10101010001
11010011000
01100111110
01111111011
00010001101
00011111011
11001101100
00111010001
10100101101
00101010101
10000100110
11011010010
01011111010
10011000000
10010011101
10000011110
00100100000
11001010111
10001000001
00111100010
11111010111
11111000100
01000011110
01111101100
11110011100
11000111100
11110000010
00101010110
11110010011
00001101010
11100111101
00001010101
01101001110
00000011101
00011011101
10101000110
10000110100
10110001001
01110001110
01001001010
00100010101
00111101100
01101001011
11001000100
10110101011
00100100110
11000010111
00010101110
10110001001
10010111110
10110001010
11010100110
01011000110
11001100100
00010011011
11100100101
11001011111
10000011100
10110110100
11001000011
11110011000
01011010001
10100010011
01110110010
01011100100
00111111111
01001001110
01001000011
00011010011
11101000010
10010100111
00001101011
11000100010
11001011000
11101001011
01011010111
01010110110
10111110101
10100110011
00001011101
10000111111
00010100100
01001000001
11111011000
00000011011
10100111011
11010111001
10001111111
00000101001
00011011000
11011000111
01011111010
00110111010
10101000100
10010100111
10101101110
10011100101
00001001001
11110000111
10000110111
11101000101
01001001100
10010001010
10001111111
01100011101
00000000011
11000110010
10000010101
01100001001
10001010011
00110110110
00110110101
10001001110
00011110010
00111111001
00111101100
10011000011
10101101010
11100011101
11101000100
01011000100
00101110010
00001000010
11100010110
10100100100
10010111001
00110110101
01111000000
01001100011
11010101101
00010100100
10111111110
00110001011
10010101011
10001101101
01111001101
00000111010
00010110000
11001110010
00010000010
11010110111
11110111001
00010011110
10001010100
11110110100
00001111101
01101111110
01001001001
01011101101
01101001111
00101010101
10100000011
00010010001
01000011001
10100011000
01101100100
00010001111
11100100100
10111000110
01111100111
11011110001
11001011101
01100001001
00100010110
01001000101
01001011000
00101000011
10110101100
11110111111
01010000110
10101001100
11110011011
00111001110
10111001110
11001111100
00111100001
00010101010
01100011011
01011000000
11011100101
00010110001
11100110001
00111111010
10011001100
01001000001
11001010001
10011001011
01101111011
01100110010
10011010011
01101110000
10010010010
01111101001
11100100000
00110100001
00000010100
01011110011
10101101000
01000000101
11110000100
10001110111
01001001001
00111111110
00000010111
10010010111
10111001110
11000000001
01110101011
10000001101
00000011000
11100110011
11011110010
00000111111
10101100010
11011011110
11111001011
10000111111
10011011101
00000000010
01100111101
11000100110
10011110110
11000101111
11110110100
01101100111
10000100010
00110001100
00010010111
10101100000
01001110111
00110110000
00001000011
11100111101
11011011011
00101011010
00010111111
00010111011
01110111000
11000101110
01101110111
10010101101
00001001100
10110001101
00001010011
00100110100
01111100101
11100010001
11101011011
00000000010
00010010101
10011101010
10011110111
01001000110
11111101110
00000100100
10111010101
10100001000
01001100000
10110001000
10111110110
00101010100
01011110001
11110101000
00101110100
11011100001
01100100111
01011001011
11110001101
00011010001
00101000010
01110000001
01010001001
11011100010
01001111010
10000101011
11101110010
01001010100
01001111000
11001001101
01001101000
11001111010
10111001000
10100100110
11001010010
10000010111
11110101101
01000110011
11110111111
10001101101
01000000010
11110010010
10010010000
10101011011
01011110011
11110000100
10111101001
00010011101
11111101000
01000001010
11100011010
10010011100
01111011100
00101100000
11000100011
00011100010
11100011110
10010001000
11000000111
11101101101
11010110110
11010100101
01000001011
11111001111
01001100001
10100000111
01101011110
11111010010
00101111101
11001111100
01101101001
01011000001
10010000101
01100111100
10100111110
01100111101
10000101001
10000101010
01101011111
01111000001
00101110001
00011101110
01111011110
11101010000
11101101100
11111101100
10000011101
00110110110
11110111101
11100000001
01101000000
01100001000
11010010001
11110111101
00101100001
10100111001
01000011111
00101000010
01010110101
00110100000
10100111000
10100000111
10100011101
01011011111
00011010101
10011010101
11011001011
01010010010
01010100001
10011011011
10011101010
00000110100
01101111101
01001011110
10111111110
10000000110
11000101011
10000001101
11110100000
10011011110
11011100010
01100100101
01011000110
00011110011
10011110100
01001111100
00011110000
01101000000
11011101010
11111111011
10001010111
00111110010
00000100111
10001110000
00100000110
00000111110
10010011111
00000101111
11100010000
00001110100
11000001100
01011111101
01000110000
11101000110
10111010000
00101101110
01110110111
11010101100
00000010100
11000010000
10110111100
00110010110
10000110011
00100110110
10000110101
10011001111
01011001110
01011010001
11001011111
01010101001
10101010100
11110110110
11110001100
00111001111
00111100011
00000010100
11100011101
01101000100
01101001110
00001101001
10101110110
01111010010
00110001010
00000100000
01101011110
01011000010
10000111010
01010011001
10010111111
01011011010
10000101010
11101101011
01100101000
01011110000
10011001101
11101101100
01010000001
00011001101
11111011001
01110100011
00101110010
11110100001
01011001001
01010100010
00110110011
00100101110
00101111011
01111010111
10111101110
01100001010
00001011011
11010000011
11111000100
00111011010
00011111001
10100101100
11101111101
11000101000
01100011111
10000010010
00011011011
10110001010
01010110000
00000111111
11110011100
01101110000
01011111001
11111101101
00000100010
10111101010
11100111100
00111101011
11001100111
00010001110
11010011101
00101001100
10011001001
01010100101
01000111101
01001110111
00101010101
01010111011
11110100110
01011111011
11000010110
00110010100
11100100111
10110011110
10001001110
10100011101
11000101011
11010010100
10010110011
10100101000
00011011011
11010101010
01101000011
11111010110
00111101110
00101110010
11000000110
10011001000
00110000001
00011011000
01110101011
01100011010
11010010001
00001101010
10111000001
11001011111
00101111011
01100110111
01000110011
10010011001
00000010000
00100000101
11101010110
00101101111
01001011100
10110000010
00101010001
10010101011
00111011101
11110101110
00010111000
00111110010
11110010011
11001101111
01001000110
10111111110
00110110100
00100111110
01101101101
00100001010
00111110111
00010011010
11010000100
10001101011
11000100010
11111100111
01111001001
10111000010
11000101010
00001011111
10011001010
01011111010
00111111000
00110111001
01001110111
01100001110
11110111110
10011111001
11101111010
10100010101
01100101101
10000011001
00110100101
11110101010
10100100011
11001001100
10001001000
10101000100
00110110011
10000110010
11011110110
00000000110
11000101011
11101010001
11100011100
11011110011
00011111010
10011011010
10111100100
01001101110
01001001101
11001010001
10000000000
01111010111
10101100101
11111111001
00101010011
10010111111
01110110110
00011110100
11010010100
10001101110
00001110010
00000001011
00000011001
00110001010
00100101010
11101111011
11001011111
11000001000
10010000110
10101100111
11010100100
11100100000
10001011100
00011000110
11101011000
11010101011
00000110000
01110000101
00111101000
10100110000
01111111000
01000001111
01000110011
01011010011
01000000110
01010110001
10110011011
01000001001
01011000100
00110101111
11100100011
01110000001
10111001010
11000000101
11111111111
00000110010
00100110000
00101000100
10100111001
11001001100
10110001001
11100010110
11111110101
01010111010
11011111101
11011100000
11110100111
01101111010
10011110001
10010100000
01001011010
10110101000
01101000011
00001110101
01011111110
01110111010
00001010011
01101110111
11101111000
11110110000
11001111001
11100111010
01111100101
11110000010
00011010010
01000010110
10110111001
11111101100
10101010100
11110000100
11000010001
01111010111
11111101110
00001011110
01010010010
01101011111
11110000110
00010011010
11000010010
00011111100
00110000101
01111000001
01001000101
01011011011
11000111011
01111010101
00111011000
01101101011
10110000100
01000001010
11111111001
01011100110
10101001101
11001010000
01111011000
10101010000
01100110001
10110111000
00101001100
10000100101
10001011010
01101011011
01001000001
10010111100
10111010010
01111100100
01111011110
11001000010
10001101111
10010000000
01111000110
00010011111
01000110111
00101011011
10100110100
00111101110
01111100001
00010111010
01010011000
00001110100
00011001011
01010011000
10101110110
00011011001
00100011111
01111110110
11000110000
00001001010
11011001110
11101111110
11000010010
01000101100
01010000011
00001110111
10101110001
10011001011
10110010100
00111001100
11000000011
01101011001
00110010110
01000111000
10011110000
10000100010
00000100101
00110010101
11001000001
00110100010
00101101011
11110111000
00001110110
10110000000
00000111001
00010111100
10010110000
11100000001
11001100111
00111101111
00010101010
01001110110
01010110010
10001000000
01001000110
00101100100
00100000101
11111101110
10010010010
11111000101
11000100011
11110001011
10111101111
01000000010
11001010101
00111000011
00001000111
10100101000
01001111101
11001010101
11001000110
11110010010
00101000010
01110101011
01010000100
00010110110
10111000101
00000110010
00101101001
10111001100
01100001111
01111011100
01101100000
01001110010
00111111101
11100010100
10100001000
00100011111
10000010001
00010010001
10111100100
01110001000
11001000011
01010001110
11011001111
01000011111
11111100111
10001010101
00010000001
11010000111
11000011010
01100101011
10100001101
11111101111
10001011101
01111001101
00000011010
00010110110
01101010100
00011001110
00000100101
01011010011
10001101001
01011100111
11011110101
00001001111
00101001011
10001001011
01110101101
00100110111
01100110111
01000101001
10001000010
01100101101
10101101110
11010001100
01111100101
11110100000
10111100101
10001000110
00000010000
10101001000
11111001000
10111101000
11101001111
10111110001
10111000100
00001010001
00110010101
10010110011
11100100111
01000110100
00111100110
10100010001
00000111111
01100111110
11011001100
10000100001
10111000010
10100010011
10010100111
00111000111
00010110101
10000111110
10110011111
00010101101
10010010101
11001001101
10110011010
01110101111
00111101011
00111111111
10001111010
01110110011
01010111011
11010000111
10101011001
10101011000
01010100100
01101100001
00001111011
11111000101
01100011100
10101101000
01011111010
10001011100
00011110111
00011010100
00011101101
11000101001
00010000011
10010011011
00011010011
11010001111
10101011111
01001010101
00110110011
11101101001
10101111110
00101010011
10111010011
01000111101
11001101011
11011010111
00010000110
01000010110
10001001111
01010011000
11101110100
00010111000
01101000000
10100111101
01001001110
11010000001
00000101001
00000010110
10110110011
00011000001
01001101010
11001011000
11101010000
01011110110
11011001111
10110101110
00110001010
11110101000
10111110110
10110101010
01111001101
11101000000
10010011011
01001101010
10111111000
10000100101
11110101000
00111001110
11111011110
00011011101
10001101001
00110010100
00010010100
10110101101
11000111100
00001100101
11111101010
01110101100
11001010101
10010111010
11011011100
00000100101
11000001101
10000000000
11100110000
00101001011
00101001100
00001000110
01111001011
11001111010
11101110000
10111101101
01100111101
00001100111
10011100011
10011100111
11000101001
00001101001
10101010000
11010001100
11011101000
11000011001
10110011001
00100011001
10111011011
10001100000
00110001100
11110011011
11000011010
11010111100
01100110110
10001000101
00110111111
00001110000
00110110110
01100100001
10101101111
01000000101
00011101011
00110001011
00000000011
01000110110
01001000001
11011111010
11111000101
11001101101
11000111010
01110011101
00101010111
10010010011
10111101110
01000100001
01110101011
10110001000
01010101101
11001111101
10011001100
10011110101
00010110010
11011111001
00100100000
01100101110
00010110000
01000111000
10101101010
01000001000
11000110111
11110000011
10110101101
00001110111
11110011111
00000001101
10100011101
00111010101
10110000110
11111001000
01110111010
01100011110
01010100011
01101010001
00100011100
00010010110
00000010101
00110110001
11010101010
10000100011
11010000100
10001011110
11100000110
10000010001
11100001011
10100100011
00100010100
11010000101
00010010000
01011111001
11001101110
11110110011
10101011001
10010001011
01110111011
10010100011
00011111011
00011110101
01101001111
01111001001
11111110010
11011100101
11010110101
01101010101
01110101101
01011111001
11100110100
01101110100
10011111101
00100101100
10010011100
01000100101
10101101110
11001010000
11011000010
00010111111
01001100010
11110010100
11000010011
10111101101
00110001010
01101111111
00000010110
10001100100
01101100111
01010110010
10000011000
11001100010
11101010110
00100101111
01000101011
11010100100
00010100000
00000000101
01101010100
11000001101
10000100011
10101100100
10011010011
01011110100
00110000010
10100001011
01100000111
00001000111
10110100111
10000100100
11001100000
11101010011
01111011010
01101101111
00000101000
11010110101
10010011110
01000011100
00110010001
00111100001
01001010101
01110110001
00101111011
00100111001
01111010000
11001110010
00110100111
00111011010
11001011010
11000111110
00110101000
01101000010
01001110011
00100010000
10110000010
10111101001
00000001010
01011111001
01101001011
11010111000
00001000001
10101000010
00101110111
11001011011
11100000110
10111111110
11011011000
01100001101
00010101110
00101110001
10110101011
11000011110
00100100001
01111010110
11010010000
11001111011
01110010110
00110110001
10110001011
11110110110
11001010100
11000100011
00010011001
11111110100
10101100011
01110100001
11101010100
11110100101
10110110100
01011111100
11101100000
11011111000
11100111011
11010111000
00010101100
00011111000
01011100000
00010110010
00000101100
11100101001
10011010100
10001110000
01110110101
00100100111
00010101011
01100011111
10011110010
01110011000
01100001111
00111101110
01100001111
00101110000
10100110011
11100100010
01100111011
01001110001
00000011001
11011111010
00010010100
11110000011
11001011011
00010000011
11111000111
10111000011
11110010010
00011101111
01000001011
00110101111
10001001010
11000001111
00000000100
01100100100
11101001111
10011100100
10011010011
11011011101
01111111011
11011000011
10101010110
00101101100
10001011001
01110110101
01000110000
01011000011
01010111011
11011011101
11010010111
00001000110
11101000111
11111010010
01110101011
00111010000
11001101001
00110100100
10000011101
10101100001
00000000010
01110110011
11101001101
00101110001
10100100010
01000010000
10111110100
11011010001
11011110110
11000111001
00010101010
10000111001
10000011000
10111001110
11110001001
11001001110
10000010010
00101100001
10010000111
01011001010
01101111101
11101010101
10101001101
00000110101
00010111001
00001110011
11100110111
00101110101
10001110010
10100010001
00011101001
10100000111
11100100100
11000110010
10010011100
10110111011
00000011010
11000111001
01101011011
00111001110
10010100110
10101000110
00011101110
00000110010
11000101000
10010010000
10010111011
10110101110
11111010101
00101011001
11111110110
10100100011
11101000011
10101111110
10010001110
11111011001
01001001001
00101011000
00000101011
11101111010
01111010101
01101000001
10111010010
00100000100
11101001011
10110011100
11000101100
11011111011
10110011000
10010110111
10101000100
10101001101
01010111111
11111111101
10110010100
10011001101
00000011011
10101100111
01011110101
11101110100
11100111010
10100110000
11110110111
11111111000
10010101001
00001010101
10010011111
01001110101
00100001111
10000001010
10000010001
01110111010
00100110110
01000000110
11100110111
11101100010
01101111101
11000000110
10000100001
00001110001
00000000001
01100111000
11101011001
01111011110
11010001011
01001000000
11010001000
01100011001
01010010101
00000111110
01011010000
11011100010
01001100100
10011100000
00001101101
00111111010
11000001001
11100111001
10111111001
00100100110
01011001111
01011110011
00001011011
01000111111
10010001111
11000100010
11100010010
11110010110
01000011101
01101011100
01000011111
10000011001
00101010011
10011111110
10001011010
01111000100
11111111110
10101111100
10100010011
01101111001
10110000111
10111000111
11000111101
00011110011
10001010111
11001110000
11010100000
10101011011
10010001110
10101000111
01001011000
00100011100
