01000010001
10100010100
00101110001
10010000001
01001101101
01010101011
01101000111
11011001110
01101000101
01000010011
11011001101
00010111100
11101101000
00010000111
00101010100
01110111011
00010000100
00101001110
11101101111
10111000100
11100011010
10010110010
11011011000
10111000010
00111110100
10010010100
11010000111
01000000001
01111101111
01001111011
11010100001
11000101111
01000010111
00011111101
10101011101
00111000110
00010111011
10111011001
00000111110
01110010010
01101001100
10001010000
10010000111
00111001100
11101001010
10000101011
01011100101
11001101011
00100010000
11110010011
11000101001
00001011110
00010011011
10110000100
10101110100
11110011001
10110110001
10111111010
01010011111
10110101011
00000100111
10110101111
00111001001
11000111011
01101001100
10000010001
10011101000
01011110011
10110110011
00110110001
00111000011
11110111001
01101101000
00100100100
11111010110
01101100010
10111011010
10000011101
11011001000
11111111111
01101100110
00111010101
01110001101
00111111101
00011001111
01001100100
00010101001
11101101010
10101100110
01001111010
00011100001
10001100100
01010000000
10010110011
11101000111
00100111110
10110001010
01100100110
01000010111
10110110100
11000111010
10101101000
01011010010
01001001000
00010101111
00000110011
01101110111
11011011110
11100111000
00001100101
01100000011
11101001001
11000001000
00001000101
00110011010
10100110111
00010100010
00001110010
01100101100
11011110100
00001101011
11011000000
11110001000
10101101001
11101111010
11011110111
10100101001
01001000011
01101100111
10110110111
00011001011
00111000001
00010110000
10001100001
01111110001
01001110011
10010101001
10001001111
00100100100
00110111110
10111001000
11010011111
10100000000
01010010010
11100001110
01111000000
11011111111
11000111000
00010010111
10111110001
00011101111
01101001000
00000101001
01000101011
00011100110
00101111000
11011110111
01101100000
11100101000
10111010101
11110010100
00111000000
10011001010
01111101100
00100111110
00001111000
11010110101
10001011110
00111100101
01100101000
00010100100
01000101011
01010011011
01110100000
10111100111
01101100001
00111001000
01000011111
00011001011
10001000101
01000111100
01011111101
11100100101
00101000110
00101001011
01010101001
11010110101
10110100001
10001010001
00110110110
01101010111
00011100001
01010011101
10100000111
00011100011
00010111000
10011000001
01001110001
11001011110
10100000011
01101011010
10101101001
01010100000
01000011101
10110010101
10010001101
01000000101
00100001001
11110001100
10001101101
11011111011
10010111110
01001000011
00010001110
10010100101
01000110101
01011000110
01001111011
10110001010
01001011011
11000111110
00001101111
00011110011
10111010000
10101000011
01011101100
11111101011
10000011111
11000101010
10101101001
11110000001
00011110101
10011100010
01011110000
10011000001
11001001110
10111001000
00110100001
00100000011
11001100111
11010011101
10010011111
01011100000
10110001101
11001000010
10111111000
00010110011
01110011100
01010010011
01100010101
00110110110
10111010001
11000100011
10000011101
00100010010
10001011110
01010100000
11110101011
01011010001
01111100011
01011001101
01010010110
00111101110
11011000111
01011101110
11110101111
11110011110
00000111101
01011010100
10101010011
11010111110
00100111100
10000111110
11010100111
11100001101
01001010110
00011101010
01110001100
00011110111
00000111001
01000110011
01101001000
10101000011
11111011011
00110110111
11001111001
01101000011
01101101100
01110101100
01111000000
01010000001
10101011100
10011110101
11001000000
01111101111
10001011011
11110000110
00110111000
01100000001
01011000111
11111100111
01100010100
11111111100
10011110000
01010010011
01101100110
00111000101
00101001101
00001110100
11001001010
11010100110
01101010100
11111110100
10001111111
10001011101
10001011011
10111111000
10001011000
00100010000
00000110110
11000111000
01001000001
01000111111
00000101000
00111110100
10011100001
00001011101
11110100001
01010010000
10110000000
00001101111
00100111100
00001000110
01101001011
01100010010
11110100000
00110101110
11000110001
01010111100
11011011000
10101011100
01000011010
11110110101
10110111110
01010111111
01101110000
01011101100
11000100011
11011110100
01000011000
01101011000
01010100100
00110001111
10011011001
11000110010
10000011011
10001011000
00010101111
01101111100
10101010100
10111100101
01110110110
00111011011
00111000010
01011100101
00011111101
10000001011
10110111011
11101110011
00111101101
10100111011
10011000100
00111101110
00000001101
01000101100
00010011000
00000111011
11110001010
01001011100
11001111010
00101110100
01010110001
00100001000
01000011100
00111010010
10110110100
00000101100
11000000110
01010110100
01111101101
11011001111
01011101101
01000011001
10010100101
11011111001
11010001000
10011111001
11101101111
00110011110
10110101111
11010110111
01001010111
01010000000
01100101101
11111101111
11010000111
10001001101
01110111101
01101110000
11110110001
11110110101
11100101001
01111010011
11100000100
00001100101
00111011000
01011111101
01000111001
01110011000
10100100011
00011111010
10100011010
01001001001
01101001111
01010110100
11000001010
01011111000
10111000111
10001100000
01001111111
11001011001
01100111001
01011001111
00000001000
11110000110
01100000010
00110110011
00100100101
01110101000
11010111110
01010111111
10000110000
11100000000
01010001101
10000101001
11101110010
11101011111
01000011100
11111010011
00110101011
00111111110
01110110100
11100010100
00111110111
11100111011
01100001100
11011010011
10101010001
11010100011
11111100011
01010111111
00100100110
11000010010
01011111110
01000000000
11011111001
00111001000
10100001000
00100110110
00010000010
01001011000
00111111010
00000000110
11110011111
11011001010
00011100101
11001000011
00110110101
11110011101
01010101100
00010011011
01110010001
00010111100
01111011011
00101011010
01000001010
01101010010
11110101001
10010101011
00010101010
11001000001
01100100111
10111110001
11000010010
10110011001
00101110011
01100001010
01110100110
00001101110
10001000110
11101101001
00001100110
10100111101
01110100000
10111001001
01110011110
10000101100
01011010100
11101010001
11111011010
00110010100
10010011110
01101001000
11000100100
00001111011
11001011010
00111111111
00111110100
11111111101
01101000001
00011011001
00011111110
11101011000
10000000111
10011101001
01100110111
01001100000
01010101011
10100110000
01101101100
01101100110
11111001100
11010010010
00000011001
11001010100
11011000000
11011111010
11110101010
10101100000
10010011001
00001000100
01001101000
01111110011
11001111101
10010111111
01010110110
00011111001
01100100111
10001111001
11010101011
11001001111
11001011011
10000100111
10101011100
01110100111
10011000010
11100111011
10010001110
00010111001
11011110011
10001101000
01001111110
01001001001
00101100111
01000000011
01101000100
10110000000
11011010111
11000110001
00111110000
11111010000
00110101111
10011110111
00101111001
00101111010
00101110100
01001001110
00100000100
01101011010
11111010110
10111010011
10101100010
01000010111
00100011101
10101011111
10000011010
11101000010
01110010010
11101100100
10111101011
10101111111
00101010000
00101110010
00110001100
10100010010
10101011000
00001100011
01100001111
11000100001
01011100001
01111101101
11101100110
00100101000
11011100100
00011000111
10111100010
00111000110
01010111111
11000000110
01111000010
10000001010
00101010101
10100111010
01101101000
00001101010
11010110110
01010010111
01101100111
11101001110
11011010110
00111110101
00011001111
01001101111
01001101110
11100011111
11100100111
10001100011
10110100000
10010110101
10101000001
00011101100
11010010101
01111000010
10010111100
01110011111
01111000001
11111101101
00000110101
00100000111
00011011001
01011101110
11101111111
00001010010
01110111111
00111011110
00010011111
11011111001
11011110110
10111111000
01100101011
00110011100
10100101011
10001100111
00101110010
11000010100
01000100101
00011000011
10010001100
10100001101
00000111110
00111111010
00011101110
11001111100
10001101010
10000101100
10111000010
10101010110
11110110111
00100101100
11100111010
10000101000
00101000010
11010001011
00110111110
01001011100
11010111111
11010011111
01111111110
01001010110
00100001000
10101001100
11001011110
10000000001
11001000110
01011010100
10011000100
00111101110
01010110100
01011111000
00001010011
01101011000
10101100100
11100010110
11010110000
00001001001
11001100101
11100001100
01001100000
11010100111
00100101011
00001101000
00011110011
10000011110
10111000001
10011110101
00010111001
00110001100
11000001000
01010111111
00001100001
10101001100
01111111110
11011010111
11001110001
11100010010
00111011101
11110001010
01001001110
11100111010
10111000000
00000011100
11100010100
10100111111
10010010011
11110101101
00100001100
11110100011
10000101100
01011111010
10001100100
10011110111
01111001010
00000001111
01001011001
00100110001
11110011010
11100110101
00101110100
10111101110
00001011111
11110101101
11100010010
01001100011
01010111000
10000111110
00111100111
10001011011
10111010000
11110100101
10011010101
10101010111
11101100011
01001000001
10011001000
00100111100
00011100010
10100001111
11010110001
11100100000
00101111000
00100101100
10110110110
01110110001
00110111011
11110011110
11101011001
11100010010
01000111101
10110011111
00011110101
10001110000
00101000010
01111101101
00111011010
10011000000
11110110100
10100110011
10100011001
00011000111
11111010110
01011110011
11100001000
00111100101
10100001110
01001011101
11110101111
10010101111
01010101010
10101011000
11101111010
00110100000
10010000101
00000011111
01101010011
01100110100
00100001110
00110000001
10010111000
10001101110
01010000111
01001111011
10000100001
11111000111
01100001101
10001011011
10000011100
00100010000
11100100111
11101011001
00100111011
01111100011
10100011111
01001010011
11111000110
01110011111
11000111111
10111111100
00101000011
00000010001
10111001010
01100000101
00101001110
11110011001
10110111001
10001101110
00010111001
10001011100
01111001010
01011010010
00111000110
00110011111
00011100111
01011011011
10001011110
00100000111
11110011110
00101111010
01001110011
10001101110
00101101101
11101011010
10011111010
10010011011
00100111100
11101011111
11101100000
00011000100
10110111000
10111111010
01111010001
11100001010
01100100001
10011110100
01011010001
01011000111
00001101011
11101101011
00010001011
10010011010
10100111010
00001001110
00001101111
10011011111
00010011110
00110000100
00111000101
01100010011
00010111110
01111101011
00011100110
10101110001
10010010011
10000110001
10001001001
11011010111
00101000010
11101001000
00000110101
01100111000
00000110000
01001001011
11100000010
01101110010
11111100001
11000000011
11001011001
01101001111
00001001011
10110010100
00111011001
10011101000
10000011111
01110011101
10110111100
01111101110
00000001001
10110110101
11010000100
11000101101
00110010000
11011101100
11111100011
00001101010
11000100000
00110111111
10111110000
00111101001
01101111000
11010111110
11111111111
00100101111
10101111011
11011110011
00011111010
10110010000
01011011000
11101011111
01010000000
00010110001
00001101011
01001001011
10010000001
01001010101
11111011010
00001100110
11110100011
00011110001
10110011100
10011101011
10111110111
00111001100
11000010101
10001101100
10001011100
10111111001
00001110110
10111001000
11011110010
00110101000
00110011011
00001101010
00001011010
00010000011
11001100011
10001100110
10011100010
00101010001
10001110010
11101111110
10111000101
10011000101
00011000001
00011100011
00000101010
10110010010
01011111001
10100111011
11101100101
10000100000
01111000111
11110001101
01000011001
00100100101
00011100001
00101110011
10101111001
10110000011
01001010010
01000001000
00101101011
01000111010
10111100010
00010011001
01110001100
00011110110
10001111000
00000100011
11011111011
11111111100
10110011010
01101001000
01000001000
11101001100
01001101010
00110000110
00100110100
11100101010
00110101111
11010010111
10101000010
00101011011
10101000000
01110000101
00010111011
01001000110
01010011111
11011110110
11000000100
01101110001
11110101010
00100101001
11000001100
00001011000
00100010000
11100001000
00111101111
00101110010
01110110010
00111010101
10001100110
00011110000
01011000100
11001000011
00101010100
11010000100
01001111011
01111110101
10010010011
00110111100
11011001010
10100001100
00010110101
00001000011
11101011011
00011001010
10101010011
00011111110
11010100101
01100010000
01010010100
01101110011
00001000110
00010100011
11010000111
11000111001
01001111101
10000101010
00100111100
01100011111
10010010111
00001100111
01001000101
01111110001
10110000101
10000101101
11100011011
00001010000
11110101110
11100100000
10101001011
11110000010
10001101101
00101101001
11010001110
11000010111
10011011111
00010000111
11100100001
00110111110
01011101011
01001101000
01010000110
00000011110
01110000011
10011010010
01011011110
00110011011
11100110111
11010010001
11100101100
00001001101
00100101110
10111100011
10111001101
10110111101
11100111010
00001101100
01111011110
01111001111
11000000101
10001101111
10010110100
10110001111
11000110011
11010110101
01100001000
11101010000
11101001100
11001011011
11101000010
11011101101
10010001100
11110011111
01101110110
10111110001
11001010101
11000100010
00010110001
10001111010
10001101000
11011101011
11100001010
01000011101
01101011011
11000011111
10011111000
00100000000
00001001110
01010100001
01110010001
10011011011
11010001010
01101100101
10001010110
01000011110
10111000110
01110111000
11011001001
01100100010
00011101000
10010111011
00100010100
11010001000
10010111100
00100010111
10011110010
01100110001
10100101010
00101101001
11101000111
01110100101
00110011100
10011010100
01110111001
01110011110
01111111000
11001011111
00000101010
11011110110
00011001100
10110000100
01100010001
10100011110
11011000101
00111010101
01101010100
10110101100
01010011000
10100001111
10111101111
01100100110
00110111001
00100011011
10010111000
11100011110
10110001001
00111110111
10011011000
01010011010
01010101100
10101010110
11111110011
00010111000
10111001011
11010001101
01011000111
11101100010
01101110001
01111001101
01011100000
01100100010
11111101101
10110110110
01111011010
00001100101
10001011000
00001000010
11001111111
10000110011
00001001100
00100101001
01010100100
11011101011
00000101100
01110000110
10001010111
00010110011
11010110010
00111000101
00111000110
00001001100
10010010011
01101011101
00110101000
01110111001
00101110110
11111010101
10010001001
11011001110
11111111110
11110111000
01010111111
01101000001
11101001110
11010000010
11000111001
11100001111
00001000001
01010100110
01001110110
11001001101
10010000110
10011110100
11011010010
00001000011
10100011100
11110011000
11100111011
01001100110
11101010111
10100000010
00111111000
00111001000
00111011010
10111010110
01000001011
10001001111
10011101110
01100111101
01001100010
10000100110
01100111010
11111001001
01011001011
01100010111
11101101101
11111101111
00110001110
00111010001
00101001010
10100011110
00100110010
11101101100
01011000010
11100111001
10010010010
10000001100
11110100110
10010000110
00111001000
11011000110
00010001010
11010100000
00011010001
10011110101
10111000100
10001101001
01000001001
10010100001
00010111110
00010011000
01010110010
01000010010
11110100110
01000100111
11010111111
10111111001
11101101011
11010111101
01101100110
01010110000
10111111010
01000001101
10000011110
11111110110
01010000010
01011111010
01010111010
01100010001
11010100111
11000100110
10001001100
11011101111
10110101111
11010100001
11001011011
01011110001
00111010100
10111010101
11000000101
01010001110
10101001111
01111100011
01111010100
10101011010
01011000000
00000100101
10000010000
11010111001
00111010100
10010101000
11011111100
00001101011
00100111101
00101010011
10000011111
00111100101
11011101010
01010010011
01111111000
11110110011
11100101110
10010010010
10000011101
00001011100
01100000100
00111110111
10110100011
11001011010
10011001011
11010100111
11100010001
01111001011
01100111010
01100000001
00010101101
01011010100
10001110000
00000101001
11011110110
00110101111
10110101000
01010101101
01111111110
10100110100
00100000100
00101010001
10100011101
10001101111
01000110100
10001010111
01001100001
01011100100
11000000110
11110010101
01110101001
00100001111
00111011000
01001110101
10100110011
00101110101
01100001011
00000001101
10000001100
11001010111
11100000111
01011010001
00001100111
10001111001
00000000100
11010000001
01011101110
10110011110
00111101000
00000100000
10011110110
00001111000
11010111011
00111000010
00100000011
10010111001
11101010110
10101001001
01100111010
10001000111
00101111001
01001100110
11111110010
10011101101
01011000110
11000101011
11000111000
01011111111
01000000000
00000011100
01110000101
00100011110
11001010110
10100010110
00000010001
01101010110
01110101000
11110010000
11011100000
00110011011
10110100111
01001100111
01110001001
10010110110
01101010011
00111011010
11110011001
11111110100
00011110101
11101100010
11000101000
11111000101
01100010111
01110011010
11010110011
00000011100
01001000010
10011100111
01111100101
10111000000
10110010111
01110000011
11100101110
10100010100
10101001000
11001100010
00111100010
10100010101
10010101111
00001100111
00101001111
11010010011
11111111011
00101110010
10010011010
01111010111
10011100000
11010110010
10000000011
00110111111
01010010101
10000101110
10000011011
10001101010
10111101101
10011000011
11110111000
11100001001
01101101100
10100011111
01100000111
00101111001
11010111000
10110101101
10000001101
00110000010
10101011100
11110110010
10010001111
00011101100
01000101011
10011111000
01101011011
00111100010
01001110101
01100100011
00010101101
11010010011
01000000010
10010111010
00000011110
01011011000
11110000001
10110110101
00011010010
10100101111
01101110100
10101000011
11100010010
10000100000
00111001101
00111010101
01111010001
01110101110
00000100101
10111111101
00000001100
10001100111
10110100001
00100110010
00100010010
00001101100
01011100000
00011001011
01110010000
10001000001
00000010010
01100011001
11010011001
01001111001
01011110010
10011111000
10100010011
00111100110
11010100110
01011000000
01101011011
11100010010
01001001011
10111010100
01101011010
01011010011
11011000100
11000110010
11011010111
11001010100
11011111011
11100010111
00000010111
10001100110
10101101010
10110110011
10111111111
00000011101
10000011011
10001001011
11010101111
11111010010
11011010010
11011001011
10111001111
01011000010
01101010111
01101110011
11100011010
00111000101
00000101110
11101010100
01011110000
10100011000
11100100100
11011110110
00111000101
11000111110
00111011110
10110010100
11001111011
01000001110
11100011101
00100101010
10001100010
11001000000
10001100101
00101111100
00111101000
11101011101
11111000000
11001001101
00101101111
01100010011
11100000110
01111111010
10100000010
01010000001
00001011111
11101001010
00110011101
11001110011
11101110110
01110101010
11110101001
00110000110
10101100111
01010101000
11100001110
00000100010
01100111101
10101011001
10110000001
10010100101
11011001111
11010111110
10110111110
10000010101
11111011000
11010010110
11101001111
01011110000
11110110010
00011110100
10011000111
11101110010
11010001111
01100111001
11001001001
11101110101
11001100110
00100001111
01001010000
01011011111
11001001111
10100011001
00010011001
01001110111
00011000110
10110100001
01010101101
10011100011
10111011010
11101000001
01011101001
01001000101
01000100110
01000000101
10000101010
10101001010
01110001011
00100101011
11111011111
01010011001
00100011100
00110101011
00001101110
01010100000
11011001110
10000001011
11001101111
11110110101
00001011111
11000111011
01011100100
01001001111
00001101010
01011010011
00010001110
01001110001
01010110001
00000110011
01101010111
11011010010
01101110001
10110010110
10110101110
01101100001
10001001101
11001000001
00110110011
01110100100
01011111110
00000100010
00000110110
01100100010
11000001011
11010011110
11001011100
11110001100
10000010100
01001011010
01100100001
10101010010
11001111100
01110001111
01110100100
00110011011
01110001111
11010000000
11110110011
11111101110
01010111011
01000010011
10010110110
01001000011
11011100111
00111110111
01011101111
10011010111
10001100111
11101100111
10110101111
01010010010
11000100011
01111010011
11001000000
10110000001
10100011100
11100101001
01101110111
11001010011
01100111110
11010100110
00010100100
01000010001
11010101000
11110010000
10010000110
00011111101
11011010011
00011001111
00101001111
00100011111
01111011110
11001001001
01101100011
01010010100
10101101010
10111111101
11111010101
10011001001
10100110010
01101111100
11111011000
11001010110
11011100000
01111101011
11110111110
10110110100
01001110110
10110111101
00111010111
11000110011
11001011010
00001100011
00100111111
00000011011
10100110100
00110001100
10010101010
10110100111
11100100011
10000010000
00100111100
01101110100
10011111011
11000011000
11100001101
11010001101
10001010000
00010100000
01000000110
00101111111
10001111001
00000111001
10001100111
01011110001
00001101100
11100010110
10110101001
01011111000
00111001001
01011101000
00110000100
10010011000
10100001011
10100110011
00101000101
11101110101
10011100011
10111000011
10000001101
10101000100
00110100101
11101010010
10100101110
01001001010
01001110100
11000000001
01101001111
01011011110
01011100001
01010010001
10010100010
01100111000
01001001111
00101011000
00001110111
01100101001
01000010000
00100000110
00011110111
10011111110
11010100010
00010000000
00010100111
01000101101
00101011101
11101111001
00110001100
01011100101
11110010000
01011101001
11110101001
11110110000
01010010100
00010101110
11101000111
11101001101
01101001110
10000100101
00011001001
01001011001
10001010101
11101111111
11011101111
10000001111
11101111011
11110001010
10100111100
01000110110
10010110101
01111000101
01100101000
10101010000
10101101100
11110011010
01110111111
10000001011
01101010001
11010110110
01011011101
10101101110
10010100110
10101110001
00010000101
10010101101
01111001110
10010000100
00100101010
01011111101
00111001001
10000010111
01011000000
01001001110
00001100000
01010001010
01011110011
10100001101
01110110111
01001111111
00010001001
10110110011
11110010010
11101111101
10111101001
00100110011
11000000100
11110100110
11000101010
01001110101
11111010010
10110000111
10011110110
10110110011
10101011111
11010010101
00110101101
10001000010
10010101001
00110110111
01000010001
10011001011
00001100011
10100011110
11000100011
00111111110
00111000001
11101100010
11101110111
00010000110
00100111101
00011000000
01001111011
00111111111
01011010001
10111011110
10011111111
01011111010
11011100111
11101010101
01000000001
01101011011
01110110001
10100001101
01100111110
01100111010
10010110000
01011111011
11101111100
01111111110
01010110011
11011010111
11111110000
01101000001
01101101000
11111001110
10101110100
10100011010
00001101011
10001000111
11010110011
00101000010
11010101010
00000011111
11111100011
11110111101
11010110010
01101101110
11111101111
00001011110
01011100011
01100001010
10000100100
01111110111
10010111000
00111010001
00010011000
11101011000
00111101010
10111011101
11010011101
00111011110
00101111110
10010011011
11001111100
11001001101
01010100101
00011011110
10110100100
11000001000
11001101001
11100011001
00100100101
01001010111
00001101010
01111000011
00001011011
11111111010
11000010100
01111010100
11011110101
10111111001
00001011110
01110100010
11011000110
01100111101
11011111011
01001000111
11001111011
11101111000
00111101010
01010111100
00011111011
01101001010
10011010010
10110011110
10101001100
01010110101
00000011000
11100001001
11111010100
10000001011
01101111001
10001110100
10011101111
10100110111
11110010110
10011010111
00110010001
01111010011
01110110101
01001011011
11011011111
10110101000
01100100100
10000011100
10001100111
11000100111
00100110101
11011111111
00111000011
01100011110
01011011011
11101000000
01011010010
01010101100
00101000001
10111101110
01011001101
00111001101
01001010000
10110010101
10001100010
11111011110
10100000011
10100101100
01101101011
11101011110
10101111100
10100001111
00100010101
11001100010
00000010110
11010001111
10100010000
00100101101
00101110001
