00000000010
11000110010
00001111110
10010010100
00011001011
10011100010
11010111001
10010100010
00111110110
10001110001
00110111000
00010100110
01000001111
01000000000
11101111100
10001000010
00111000100
11001110101
01110001001
11111110100
11011111001
00011011001
11110110010
00011111000
11110101101
00011100110
00111001111
10111011110
00111101000
11101001001
10110101100
00010100100
11110111110
01001010001
11011110010
10010011101
11111100001
00000011101
00000011010
00101110110
10000101011
00100011001
01111101100
01001100001
01111011010
11101111111
11110011101
00111100001
10111000110
11001100000
11110001110
10010101000
00111000100
10100011101
11001100001
10000001000
11010001111
00111100011
10011000011
10100111100
00010001001
10111010010
10110110110
10100101001
01110110101
01111100000
10011111101
01100111010
10110111010
10101111100
10111101111
11001000010
01011110100
11100101000
00011100000
00010110001
00011100001
11011000000
00000111110
01101001111
00101100001
00110100111
01110110010
00100000111
00111101011
11010011110
01001111010
01010001100
01011011011
10101011000
11111001011
00111110011
00010100001
10111000111
11011110101
01010010111
11110111110
01110011110
00111101111
10011010101
00110001110
00100000011
01101111011
00011011010
10111010110
00110111010
01001011000
00010011001
11010011000
00010111101
00000101010
10001110000
00010011011
01111110001
00011110111
00010111110
01000001100
10001011010
00000111111
11000101000
01001010000
11000111010
11101100111
01010101100
01010110011
11000001011
11100010100
10110011000
10100111111
11010111001
00100101010
01010100110
11110101010
10010000001
00011000001
10010001100
11001001101
11010011110
00111010000
01000011001
01111010001
11011000001
10000010011
10000000110
10011111001
11010100010
00010011100
11101111011
01010110000
01000000001
10000110000
10011100100
00110111100
01101111111
11100111011
11000000111
01000010001
00000101101
10110011110
10110000010
00010011011
10000010010
11001001110
00100111100
11101101101
11110001001
00110101101
01000101101
00000100100
01011111100
01001110111
10001001001
10001010001
01011010000
10011000010
11010110100
10111001101
11001011100
10010110010
00110011001
11100110111
10101001010
01001100100
11010101000
01010110000
01111010100
01111101000
00011110101
11110011101
01000101010
01010111100
01001000000
01001011100
11110110100
00010011100
10000110010
01011001001
01101011100
10110011000
01001001110
11000010001
11010011001
01101111000
01011000011
00011010110
01011100011
10100110011
01011010011
00101011001
01111110010
00001101110
10101010011
11101010110
10001100000
00100101110
01011001110
01010011010
11111001011
11000000100
00110010010
10001010001
10111011101
01011100111
00000100100
00101111011
11000011000
00110101000
11110110011
01001010110
10111101000
01011111000
11001001011
10011011011
01110111000
01101010000
10001100100
00110101000
11001101110
11101011111
11011100110
11100100110
10110000101
01111110101
01110000110
11010111111
11000000100
00011101011
01110110100
01101011101
00110100010
10000111001
00101011110
00100010000
01110110000
11001100110
00010011101
01000110000
10100011011
01011011000
00100001101
01100000110
11110101011
00101101001
00000011000
00101100000
11111110110
10110001011
11111110000
00110101101
01001000011
10100001111
00111001100
01010001010
00110100110
01011001111
01011101011
10010111110
00111101100
10000010110
11011011001
01011011100
11101011101
01100000001
10010111001
10010110111
11000101001
11111101010
11001110101
10100010111
00100110110
11111000110
10100101110
10110110101
11000101100
10011100011
01000000000
00000010010
01101001110
01100100101
01000000101
10101001000
01111010110
10000111010
01100001101
10001110010
10000000001
11011100111
00001000011
01010100110
00110111110
10001110001
10010000110
11110011011
11110000100
00001011100
10010001110
11011010101
10111011100
11001100011
01100110000
11000111010
01001000111
01110000010
11011000110
01100001111
01101001101
10010011001
01000100010
01110010000
10000000101
00001001101
11000011010
01000001000
10110011100
11100100010
01010101001
01100001010
00000000101
11001110010
10000110010
10010111111
01101011110
10000000010
10000100011
11101100100
10000000011
00010101010
00101010010
10010100010
01101111101
11101101000
00010010011
00101000010
11110000010
10101001011
01111111011
00111000111
01100101110
11000110111
01001100101
11110000100
11001111101
00010001101
00010111011
10100101000
11100101001
10001100101
11100010111
00000001100
01110000010
11011110101
11100111100
00000010101
11001010110
10100110101
11011000001
10111000110
01010000001
11110011010
01111000000
11000100000
11111011010
01010111001
11001110110
01100011111
10001101001
10011100101
01101111001
01111010100
10011110001
10011001100
10000101111
01011000100
00011010101
10100101111
11100101100
01111000100
11000100001
00001110111
00101001001
00000111110
10011111110
00010010101
00100110011
00010111111
10100111101
01010000000
01110110100
01011101010
10000000001
11101011000
01000011111
00011111100
10011011110
11000011010
11000101010
00011110000
10110101101
01010011110
00100000100
11010011110
10110011001
11001111000
11110000101
00101000000
10011100110
11010011001
00000000011
01101100110
01010000010
10000000111
00100001001
11110101001
00101001010
00010010100
00000110100
11001001010
01011111101
01111110010
00001101010
01000100111
10000110101
10110010000
00011111001
11001100010
10110110001
11001111010
00011111000
00011111000
01101100101
00110110100
00111011110
11110111010
00110011100
01100100111
01000001110
11101100110
01011111010
11110100100
00010101011
11001010101
01100000111
00111010011
11000010000
11110100110
11000011100
00100010111
11111011011
11101110010
00001001100
11001011000
01001000111
00100011010
00100110011
00111010011
00101100010
11010001101
10011001010
10000111000
00100100100
11111010011
01001111001
11110101010
01000100110
10001011111
01101001111
11001111100
10001001110
11111101000
10001010101
11101101100
11000110000
00001101100
10000100000
00100111010
10110011011
00000110011
11001110010
00010100000
01110110011
01000100101
00001110000
00110011111
10100100011
11011010001
11101011110
00101001010
11000000111
10110111001
00000110101
00011101100
00100001111
00010011111
00100111110
10101100000
10010000011
11011101001
11100011111
11011111000
00110001001
01000011000
00000011010
11100000011
00100000111
01111001101
11100000110
00100010110
01001001111
00001011001
10001011100
00101101100
10100101100
10010000111
11100011000
10000100011
01000010001
00001000100
11110101010
11100100101
01110001000
10110001010
01011010111
11000010011
11001011110
00101010101
10101100100
10100100110
11100100100
00000101001
11001100101
10110100111
00010101010
01000100111
01110101010
00011001000
00011110111
00011101101
10011000010
01001111000
01101011010
10010110010
00100010100
01101001000
10111101010
11001100011
00011010010
11111110101
00110001101
01010101011
10010111100
01111111000
00100010110
01110100011
00111111101
01001100001
10000111110
00101100011
10011010111
00111100001
01101101100
00011010111
00010100101
01001110000
00101010101
00001100101
11001011110
10100110100
11101010111
00111011101
00100101110
00110001010
00101101110
11001010100
10110001100
00010001001
00100110001
00110010001
11001100011
10101000110
10001011110
01101101011
01011101000
00101111000
01100001011
10011110000
10000011111
11001000100
00010110001
10101101010
10011001001
00011001000
01100101111
11010111110
11010001010
11100000010
10100000010
01000001111
00011110001
10111100111
10011101000
10001011111
11111111111
10001000100
01010111101
01011001000
10001111110
11110100100
11000001101
00110001010
10011100101
01010101100
10111011110
00101000000
10000100111
00000010101
01110010000
10101100101
11011001011
10100111101
11000010101
01000001100
11000100011
00110011010
11111110001
10110011011
00101101101
11011111011
01000000111
11010101110
00110111100
10000011111
01100100101
01011100100
00110000000
01000111010
00101110110
11100001111
11111111111
00110011111
01001001101
00000010100
00100001100
11001110110
11011000100
01100001010
00100001010
11100001111
10111110010
10001010010
11000110011
00111011100
01100011000
00110010100
01110011001
11011111000
01010111100
11101000100
10110101010
11111010000
11001101001
01110100110
10011001101
00001100000
01111011001
10110110010
10001110110
11110000100
00110011010
00001111100
10000000011
10011000111
10110010001
01000001010
11011101001
10110111110
10001000011
11000101011
01100111100
10110000000
01100001100
10000001111
10111101001
01010111100
00000101001
01011101101
00101011100
10001100111
01110010111
11000110001
00001001110
11011001000
11100000111
00100100100
01100100101
00111000101
00011010111
10001111100
11101111001
10011001001
01101000011
01111100000
11101110111
00000100011
00100111110
11100001100
00111101110
00000111010
11011011100
10111000101
11000010110
10011011110
01110001101
00100101010
11010111011
01110110000
11111110111
10001011010
01001100000
10110111110
10111110101
01110010011
01010000101
00000010001
01100110110
01110111101
00100011000
00110100100
00010011100
11100111100
10100001001
10011010101
00001110110
11111011000
10010110010
00001001110
10111001101
01110110100
01100100101
10000101011
10000011010
11111010001
11001100110
10101110111
01001110011
10101100110
00111100011
01000011111
00101011010
01111001101
00100101101
10100101111
10100011111
00110011101
11100000010
11001010111
01011011100
00110111110
10000010011
11000100001
01011110010
10110100101
01000000101
01100101000
11110011111
00000101011
10000000010
01011100101
01100110010
10001001110
10101101101
11001000111
10111011010
11100101111
00010000010
00001011101
00011110010
00011011111
10011001000
11110100010
01101000000
10110011110
00011100001
11110011110
11001010110
00101001010
10001011110
11110110000
10001010111
11011101000
00101011111
11101100001
00100110100
11001110000
10111000010
00010111001
10100110000
01011000100
01010010110
00010111100
01100100100
01100001001
10010011010
01100110111
11000000100
10111101111
11011111100
11110010010
01101100100
01111111001
10001110001
10011101111
00000000001
01100011000
11010100000
01010001111
10100100011
00011011001
11111001001
01011100100
10111010101
11100000010
01101001110
01101010011
11111010011
11111010010
10111101001
10010101010
00011100100
10011110001
00011001000
11111010111
11110111001
00110100000
10111001100
00110010010
10110011101
10110000101
00101011010
01101000000
00111110110
11110110010
10110010001
00101101010
10010110111
01010000001
00010000010
01100000010
10101001011
00000010110
00100110111
11101000010
00010111011
01001001111
00110001011
10000000000
10100100001
10000111110
10001100100
11011101101
00001101111
10011110011
00111100011
00000000101
11111101010
11001010100
11010011000
10100010001
11010100001
10110100011
01010011000
01100100111
10000011111
11000011010
11110001001
10110000011
00101001101
10111100110
11000110110
11010011001
00010001011
01001011101
11101010010
01111101111
10001111010
01000101001
01101101001
11011010101
10010010100
11011101111
11110111001
11001100000
11111101100
00011001010
01100101010
10101000101
00011100100
11110110100
11110010010
10001001100
11101011111
00001111001
11011100101
00111010100
01010110100
00000101011
00001010010
11101101110
00111110111
01000000010
01011110010
10110110101
11110010110
11101000010
10100011111
01001000100
00001100111
01000100100
11100111100
10111111100
10011001010
01001111110
11011001101
01110111001
01010101000
00010011000
01000000000
01101001100
01100101000
11010110110
00010101010
00000010111
00001001001
00010000111
00111000101
00100111111
11100101000
01111001101
10100010011
01101101001
11010101111
10110001011
11101010010
01101001100
00010000011
00100110100
01001011000
11111001011
11101111110
00101110001
10100100010
01110001000
10000111111
11001001001
11011100010
10101000101
00101001100
00100110101
01001100001
10101100100
10100000111
11011101100
01000100111
01111111010
10000110111
00110100001
11010111001
01110111011
11010100001
10011001100
10110101011
01010011011
11101000101
11101010011
01101010011
01111111101
00100101100
01001011011
01110001100
11101010100
11100110101
00110011011
00110110110
10100000100
10001111011
01011000010
01001010100
11100001100
00111101000
10001111001
00110111110
00110000010
11000101101
00110111111
01011111011
10101000001
10101100100
10010001011
10101001011
01010001001
00001010000
10011001110
01100001100
00100101101
10000000110
01100110010
00011010101
10110100000
11010000001
01111101011
11100011010
11010001111
10000000010
00010110000
10100000000
01001000011
00101010111
00001101001
10101010100
00011110111
01111110111
11101011100
01100101010
01010111101
11000101001
00010000100
01110001001
01110111000
01011111111
00110010110
01101110100
01011000111
10100100110
10100001010
00000010100
10000100100
01100111001
11100001011
10100100010
10000000101
00100011111
11010100000
00111111111
10011011000
01001000101
11111111001
00111110110
10101001011
11110111010
10110001000
00001000001
01000001101
00010111010
10101000100
01100101001
01001111011
10000001111
00111111101
11011000011
10110011011
11010101111
10010111011
00011000011
10001010100
01001101010
11011111101
00010111000
11100100011
00100111101
11111011101
10000011000
10110001110
01001100100
11111010011
11111001010
01010011010
11011111001
01110110011
01110010100
01000010110
10000000011
11110000110
00100011010
11100110000
00010110011
01111110111
00011000111
10011001011
10100111011
00000010110
11111100100
00111001010
01011101111
11001001100
11000011011
10001100101
01000100010
10010110101
00100110011
10001001000
10000110011
01110011110
01010000110
00000110010
01000101010
01011000000
11111111111
10101101011
00011010001
11001111101
10110101101
11111011100
11010010110
00111010101
00111010110
10110011101
01011100000
00110010011
11000001110
10100010100
11000101110
00001011110
00010001110
11001001100
11110100101
01010000010
01001011101
11010101110
01110111000
11001111010
00101010110
10010010000
11011010011
01001011010
00100101110
11100000000
11011000010
11011001000
10010100111
11010000001
01100000110
10111001110
01101101100
01010001111
00101110101
10000101101
10000100101
11001111110
11000010110
11111101101
01100001001
11110000100
01010110100
00000000011
00100111000
10111000000
01111101101
10110011100
01001010110
10010011110
10001100000
11011111011
11010000001
11100001001
10010100011
00110000101
00001001101
10101110110
01110100010
11110010101
11111000000
01011001011
10111000100
10011111101
01001101011
10110110110
11110000001
00000111110
11011001011
01011101011
10111101000
11110010111
11011111111
00000000011
01100111111
01110110001
10000010101
01011111011
10001101000
11011110101
01001010010
01011001110
10001100001
10010010011
01000111111
01010001000
11101101000
10001101011
10101100010
11011010101
00101110011
11011010110
10010011010
01001111101
00101110011
11010000111
10010110100
01010000010
01100010001
11010101100
10100011010
11000001001
01001001101
00000010010
00100100010
10101100111
01101001110
10010100110
10111110000
10011100110
10001001101
01000000111
11000110100
01011010001
11000001001
01000100111
00000111000
11110101001
10000001101
01011010111
01011001100
00101011001
01001110100
10010011101
00100000011
11110001111
11010110111
01000011010
01101001110
10110011110
11001000000
00100011011
10100101010
11010000111
11010110110
10001010110
00011000110
11010000110
11100001011
01001000010
10011010111
11101011101
01101111010
10011011010
00000110100
00101100011
01111110001
00011111101
10100111110
11101001111
10001000001
00011010100
10110101001
11111010100
00011100111
01101001111
10101011011
00000001101
00000101111
10111100100
01000010110
00000100011
01010001100
00001001001
10001101100
00011100100
10001010001
10010000001
00110101010
00011110011
11010010011
01100010010
00001100000
10000001110
11101010001
10111101011
01000110101
11101110011
00101001110
11000111011
10101110110
11111111100
01000110011
11110110011
11101000001
11010100001
00001111101
11011011000
11000000110
11111100000
00100111110
11110100101
10101000010
01110101010
10010001001
10111010011
00100010001
01011101101
00001111110
11011101011
10101101100
00101101110
00010011100
01100111000
00001000010
11100101111
01011111110
01001100001
10110011001
01001100011
11110011100
11001010000
00101001110
00100100110
11010101010
11010010010
00101110000
11110111011
10000110000
01010100001
11001000111
00001000010
00111000011
10110001010
00000101001
11010010101
11100110001
01110100110
00011110000
11011001111
00000100010
10001001011
00000010011
11011111001
10100000000
11000010000
11100100101
10011011011
11111100001
01000111001
10000100100
01010000011
11010001000
10111111111
10110001111
00001011101
00100111111
00000010010
00011000001
11111011111
00001111101
10010000001
11100011010
01010110110
00011000110
10110011000
01100010111
00000100111
00010111011
10100111101
00111100001
11000100010
11100111111
11000001000
00001011011
10100010101
00001100011
00001011010
00010011011
10010101110
00101000110
00101101111
01101100011
01010101111
00010111000
10000100010
11011100000
11001000110
11110011100
10110111000
10000001010
11010111001
10100110110
00111101001
01000000011
01111100111
00000111000
01111100001
00010010010
00101100110
10000101001
01001001000
11110111011
10010010111
00000110110
00000011010
01010100101
10000101001
10111100100
00111000011
01111111000
00111110010
11101011000
01101010001
11010110001
00101001000
11000110000
01001111001
10100010011
00000011010
00000011010
11110010110
10110101110
11011111011
00110010111
10010111000
11001011000
10011101001
11001101011
11000110111
10001100000
11110111110
11100010011
11001010111
10111010010
00101011111
00101001100
01100110111
10010010000
10101101101
01100110100
10111100101
00001111110
11110010110
10110110010
00100111101
00011011110
11111100011
11000110010
00001110101
00101110100
00110111110
10011001110
01111100101
00101011011
01101010110
11111110111
10010101011
10010111000
01010100010
01011010100
00001011000
11100001111
00011100010
10110000010
10011110000
00011010111
10101100101
01011100111
01111101001
10100001001
10001101110
00011000000
01100100110
00111010100
10001010001
10111101010
10111101100
11010000111
00011000011
01110101101
00001000010
10110111111
11011110011
01000100010
00001110011
00000001000
00001001010
01100100000
11010101110
01011100011
10111011011
11000101001
10111001000
11100100101
01111101010
10001101001
00001000010
11000010000
01111010010
10000000110
10011011100
00111010100
01001010101
11001010011
11101001110
00001011111
10010111110
11010101001
00101010010
01111101011
00111111100
01111010111
01011100010
01001000001
00000101111
10010011101
11000001101
10011111111
00101011010
01010100000
11000000100
01010110001
00010101011
01000100111
01100101000
01111110111
10000010000
11101111001
00101100010
00001100110
00100000000
11110111010
01100110110
10011001001
01111110111
10001011000
10001101011
10111011101
11001010111
00000100111
01000110000
11001000100
10001010110
01000000000
00011100010
11000111100
10101011010
10100100100
10010011000
10000111101
11011011100
01000010010
01110010111
01011011110
11111100001
00100110110
00011000101
01001110001
11101110100
00100101101
10011100101
10011001000
00011111110
10100000111
10101000001
10011100111
01101100010
10101011111
11000010100
01101101011
10101111101
01110000011
01001100010
11001100101
01110000010
10001001011
10101100101
01001111100
10100001000
00001001001
00100101010
01100010010
10100101011
01011000000
11110111001
11001101010
10111101000
11000010110
11010110010
01001100011
00000000011
11100000000
10000011000
10110010101
00000111110
11100110101
11101001001
11011010110
11110100010
01100010101
11001111011
10110001100
01011011000
11111101001
10010001001
00011110101
10110111111
11001000101
11111100101
01001101101
00011010100
00011000110
01001111101
10110010101
11111011010
01000100011
00111001100
11010001101
00010110000
00101111001
10111010101
10000011110
11011110101
10001100100
00001001010
00000110011
11101010011
01111100100
11110010101
01000001001
00000010010
11011100100
11100010100
00010010100
01101001101
11000111111
01111001111
00101101000
01101000011
00110100000
00111010101
01111010110
11110110111
00100000011
10001010010
11101100011
00110010101
10000001101
01001110011
11111001111
11000100001
10001011001
11111010001
10100010010
01001000001
11010101001
10100010100
10111110111
11111101101
10001010100
10111110100
10000001100
10011011100
01111011000
01101010000
11010101010
01001000010
10111011110
01001000100
01110110111
10110000110
10101011000
00000101000
10100100100
01010000111
00000100001
01111000000
11100111010
01111111110
10010011110
00110101010
00011111000
00011110001
00010111100
01010011010
10001001111
00101000100
01000110000
10001001001
00001010011
01100000010
10100011111
01000000111
00010101000
00011101011
10100100100
00001110110
00111001001
00000111110
10101011010
00110110100
01111110100
01111010001
10001101010
00101000001
00001111101
11100000010
00001101011
10111101101
11101111100
10001011101
10010000001
11101100011
10011100110
01000010100
11110011010
10000000000
11111010000
10000111101
10000111101
00010101111
01000101101
10101000001
11111111101
00000010010
00100111011
00111101100
00011011111
00001011100
11100011110
11101011000
01101011111
01111111111
00111010110
00011010101
11110101111
10111001011
00110111011
10100011011
01010101111
10110011000
10010010110
00000110001
10111011101
11001110110
00100011011
10010100111
10100111111
00010101111
00110110001
11110111100
01011010110
00000100110
11100101101
11101100010
00100000001
00000101000
00110010110
10011101010
11111110011
00000000101
00111000101
11000010011
10111101010
00110110011
11001000010
01000011100
11010100001
00010000001
01000000010
01110010010
11011011101
01100000100
11110011000
01011101101
10001000111
01001001101
01011000000
11110011101
11010101110
00111000010
11110110111
00001001011
00000101000
10001000000
00100000110
10100110100
01100000010
11001101011
01000111000
11001100001
10111001001
01011001111
10101100100
00101001111
00100000001
00001101001
10001111011
10101110111
00010100001
00001110010
11011110101
10101001111
00011100111
10110101001
10100010000
11000110101
01010110011
10100100101
10111010001
11011101000
10011110110
01100100101
10010110100
00001111010
01110110000
00001110110
00001010101
10000100111
10101110000
01101111111
11010001010
00010010010
01011101001
01000101100
10011101111
01011101000
10010111110
10110110011
10110111100
01110001111
10101001001
11011100001
10011100101
00000010011
11110100010
10100110101
11100110111
11010001110
01111000010
01110011110
00110100000
11010101100
10111110000
00110100011
11001001011
11011100110
11000001000
10101011001
11100000011
01001100111
11001101100
00110011100
00000100101
11010010101
11100101100
01100100101
00110000101
01000001111
10110101011
01001101111
10101110110
11101011111
10101000001
00011100000
11001000100
11111001111
00100011111
00011100011
00100101000
10010101011
01000101110
11111110111
11010001100
10101100100
11111001111
10100110011
00111110101
11000000010
00000010101
10011111101
00111101010
00101000010
10110010011
00110100001
11010001000
11011011110
11100101100
10110001100
10101001110
01111011101
11010000010
10000100100
01100111111
11110001110
11010101101
10011000000
00010001111
11011111010
10110110111
00110101101
00101110101
11100001111
10101101111
10100101101
11010100100
01101010111
00101010000
10110100001
11001011111
11000010101
10010010111
10111011010
01110111101
11110100110
01111010111
01101000101
01001111000
11101111110
10011101101
10000000000
01000101101
10100101011
11100011111
11000011101
00110000000
01110001100
01111001111
11110000111
10110011011
01100011100
10011110100
01101000111
10110111011
01010011011
00001110110
10100010011
11101000010
01010101101
10000101111
11100101111
00011110011
00011000001
01100110111
10101001101
11011100110
01001010100
11110101110
01111000001
11000011010
10110111100
00101010000
11011000101
11011110011
00100011101
11010110011
11100101011
11101100100
01000011111
11001111000
01111100011
10010101000
10010001011
01000110000
00110001100
01101011000
01010010101
01100000100
10010001001
11001111001
10010001101
01101100110
01100101011
01100010000
00100001101
01011110110
01110100100
11110001010
00011101000
00001101111
