01000111011
01101110010
11110110100
11001001010
01111101101
01011011110
00011011000
01010100001
10111111010
11001011010
10110101111
00000001110
11000111011
10010101100
00001000011
10110100001
11010101000
00101010110
11010011101
10000010110
01101001011
00110010101
00000011010
10000111001
00001001101
10111111011
00101011000
10011011010
00001000011
10001000101
11101000011
01010000110
11010100110
10001100011
11000011100
10111101110
00001100100
01110111110
01010011001
10111111111
01110001010
11001110010
01101011111
11110101101
01111101100
00000110000
11000001001
00101100100
11110110000
00001010101
10011100111
01110111010
10111111001
11111100000
10011010011
11100010110
11001110011
00110101011
00000100110
01101010011
11010001101
11111011101
10001110110
10000100100
10100010000
10011100111
01011000001
00101011001
10000010110
01101110110
10110111100
00110000001
01000111001
11101111100
11100000000
00101100011
01101011001
01111101100
01101010000
01110111101
00000000111
10000000000
00101110111
11111000000
11110011000
01100101100
11011101111
01001011101
11110110110
01110100111
01011011111
01111011000
01001000111
11111011010
11101000101
01000000111
01101100011
00111010111
10101101000
01001001000
00010011111
01110101101
00011111100
00001110101
00011010000
01000000101
10111100010
11101110000
10000110110
00001110111
10000010000
11100001011
01010001111
10111100111
00100010011
01000110100
01011101011
00111000101
01011111101
11111001011
11001000111
10111110010
01101101100
10000001001
01111011011
10111011000
01001011010
11111111011
11011111001
00000101101
11101101000
00101000100
00011110000
00110101010
01101000001
11011010000
11000101000
00001101111
10100010001
00111010001
00011111110
10011000111
10100100001
10001101101
10010101010
10000110100
11101111100
01010011101
11000001000
10110111011
11011000100
11100100010
00110110101
00111100111
11010001100
11111101101
10010011110
10100110000
01111100100
10101111001
00010111111
00001110010
01111110101
01001011011
01110010011
00001010110
00001000111
11011010011
01001101101
00010011111
01010001100
10000011010
11010100101
11110001100
10111001111
00000111011
11110000011
10101010000
00110100001
10101110010
01011010001
01101100011
01100111101
11100101110
11001010010
10001110010
11101110011
00101101000
01001100000
01110010011
10100111110
10101101010
01010110010
10100010100
01011100100
00001010010
10101101000
10010000011
10111110011
11101101011
00101101000
00001100001
10001001110
01011100000
01101001101
00111100001
10110001001
00001100001
11000001010
10011101001
00111111010
11101111000
11101100111
10100000001
10100111110
00110100000
01001111010
10110111101
00100010001
10001110011
00010011110
01001010110
11110011111
10011000001
10100000000
01100010111
00110111101
11101011101
00111011000
11010111110
11001011100
01001110001
00001110001
01111001000
11110111011
01100110111
11111110110
10100111000
11110001110
01010010011
01101001111
00110011011
11110110001
00111111001
10010011101
10110101001
11110101010
01110100001
10001001000
11011101010
01111010000
10000010000
11110111011
10111010001
11000000011
10110000000
01110011100
10101000110
11100110111
11001001011
01111100001
11101010111
11100011010
01111011110
11000010000
11111111000
00011110011
10000101101
00101101001
01111000101
11110011110
11110010101
11011001001
01101101101
01011111110
01000111010
00000001111
10000000100
01011100000
11011010000
00100001000
00001000001
01110000011
00100110011
10011100011
11111011111
10011101111
00111100101
01100011101
01001001010
10000001001
01011001110
01110100100
11111110000
10101011101
10111000011
10111000101
00010010100
01000110100
00011000111
10011110110
11101101001
10110001010
01011111011
10110111100
11001110000
11100000100
10000000000
00101111011
10101111111
00100100011
11101110001
11011001100
00111110000
10110110011
00010100110
11010101100
00101110110
00110110101
10000110111
01011001010
01011000101
01101110111
10101000110
00100101010
00000000111
01101100010
01011001100
11111111001
00101101111
10000001001
00010100100
00111111000
01111011110
01101011001
01001101101
00000100101
01101000110
11011100010
11110011111
11111011111
11100001111
00101111010
11111111001
00011011001
11100101011
01000011111
01100010101
10100011100
10001100001
01110110101
01010010010
10100001111
01111010100
11101001010
01101100010
11101110000
01101100001
10110110000
10101000001
01100110101
01101111011
10000110101
10110100110
10010100000
00011001001
01100000000
01011010101
01100111111
01110111010
11011100000
11001000001
00001011010
01010011110
11000101011
01101011110
00011001001
00000000010
01011101011
01111000000
00110010100
10010011110
10011011111
10110000110
01000011011
00111001001
00010110011
00100110111
10110101001
01101000010
11001101011
01001110001
10011011011
00001001011
10001011100
11010110001
10111000000
01110110111
10110001101
01101111110
00011010111
01101001101
10001101100
11000100001
11110010010
01111110011
11011100000
01111110010
01000001101
00010011101
01100100100
11101011000
01111011101
01001010001
10110001111
10011000010
00010101010
01111011110
01010111010
11001000101
10110110001
10110001100
10001011010
00001100101
01101011010
11111011100
01001101110
11101100001
01000100100
10010001111
10001100101
11101111101
10100110001
01010100110
10010010110
00100101011
10111011111
01110110110
01100111000
11001110010
01100110110
11010101010
01110100010
00111010000
01011101100
11111100011
00011100000
11001100101
00011101101
01101000110
00001101111
10101100001
01111100101
10100110110
01110111110
10000000100
01001001010
10110111011
11011101111
01011000001
11110010101
01001101111
01110001111
10100011011
01101011111
00111000011
11100011010
11000000000
10000011100
11001100101
01001101011
11110111010
01110100001
00011111010
10011110001
10001101101
11011010000
11010011111
11011100001
01101110110
00001100111
01010010111
10001001000
01100010011
01001001001
10110101011
01101010111
11000100100
10011110001
01111111010
01010111100
01101101011
11111111100
11100110000
01001110111
00001001011
01101011101
01011011111
10101011101
00010110110
00111001001
01010000011
00111010000
01000101101
11001100101
01111010111
10000111100
01110111100
10001000001
00110100110
10011100000
11101000011
01010011110
00011010011
00111100111
11001001000
10001100011
01100001111
00001000001
00100111010
11000111110
10111111100
00011101010
11110101100
11010011000
01011001010
00011111100
10010101100
11001011101
00110011110
10001000111
00000011011
00100011111
00011101101
11100001100
10101101000
11000010100
00111000101
00110110001
00001000111
10000011001
10100001111
11000011101
00100001010
11011101000
00000001110
00110001011
01100101111
00001000010
11101010000
10000010111
00110001010
01110000101
00010001100
10100000011
10111011100
00011110110
11101001011
01111111001
01001100001
11111001001
11000011101
11101011000
01000101001
01101101100
00100000000
00000001110
11101011111
01110100001
11101111101
10101001111
10011010100
10001000100
01101000001
11110101101
11001000001
10001000001
00101101100
01110010111
11000110000
11101111111
01100001111
11110101110
01110010000
00011000011
10000000010
00111010110
00010110111
00101101110
10011100010
00111001100
00110001001
00100101010
10110110100
00001001010
10111101100
11001011011
10001010011
00110011011
01101111101
00101100100
10100011010
11001101101
11111101001
11011111000
11001010110
01010110100
00010110110
01111001000
00100111010
11000011101
01100000101
10000001100
01111010110
00101001001
11001000110
01100011110
01010011011
10100110001
10101111100
11111110010
10110101010
00010111101
10101110111
11101010111
11110010101
11110001110
00001110000
10001001111
01101110010
11100111101
00001010011
11000010100
00000110000
11101011101
01000001010
11110010001
00000000010
11101000101
11111010101
00010101011
01100011101
01101000011
11101111010
11101101000
00010111000
11001110000
01101110011
01000111011
11110010010
11011110111
10100101000
10001000001
11011111110
00111001010
01100010101
10011010010
01010001110
11000101100
10001100100
10011011100
01101111010
10101010111
00000011000
11001101001
11001100110
00011001100
10101111001
00010111110
10110010000
11100100100
11001101110
11010001111
11010111100
00000010101
01000110000
01111001101
11010110100
10010101011
11010110001
10111001110
01110110100
00000000101
01000110100
10101101101
10100110011
10110101000
10100000110
11110000000
00101110101
11011101011
10101000000
11011000010
11001000001
10010101111
01010111100
00101011011
11000111010
10010100000
10110011111
01110010001
01001000001
10011010100
11010000010
01011000000
10011101110
00010011110
10011101110
01001100111
10110101111
00010000100
10101000000
10000010011
11000110110
01100110110
01001100010
01001000111
10101001001
11101011100
10010001110
11001110001
00000100011
11101101100
10010000101
01100110001
10111000110
10011010110
10011011101
00111111000
01110111111
01110000100
01110101001
01001001101
11100100001
01010111101
10101111010
01000110101
10101110010
11001110110
11111100110
00101101001
11111010111
00000110101
01000010110
10110000110
11001011110
11111000010
01100010101
01101111111
00001001001
10011111111
01000101101
10110000011
10101001010
01000101010
10011111000
00010100011
10011001011
10001011011
01110001010
00111110001
00100000100
01100000100
10110000110
01101110111
01001101101
10110011101
01001111100
00000000010
10110110110
10100100001
00100101011
10011001111
01110011110
00111010101
00001011000
10011100101
01101001110
11011001000
01001010011
01011011011
10000001111
00111011100
01111111111
11111000010
00000110001
10111001111
00001010101
00010001111
11111011000
10101100110
01010010010
00001111011
01111100101
01111110111
10000011001
11011001001
00101011001
10110101101
01110001010
01110000110
10100100011
00110110000
01001111110
10101111001
00110001001
01100000001
01100000011
11110000111
10000100000
11011010110
10011110001
00110010000
00110000001
01101001110
00011001101
11110010001
01000111110
01001100010
11110001001
01101110111
10100001110
10001110001
01010000100
00001000110
00100100100
10110110111
01001111100
11011000111
00111000100
11100111100
11011110000
00000100101
10111110110
01000100000
01111010010
00011000010
10110111111
00011010100
10111101010
10001011010
11101101111
11110110001
00101001110
10110101010
01000100100
00111010010
01001010110
01100001101
11000011101
00011101000
11000110001
11000010011
00111110001
00010001101
00000011110
11110100111
10001101010
10110011100
11101011101
10011010101
01000010011
11010101110
01111110110
11111000001
00100100111
01100000010
11110110001
00110101111
10001010100
11110101100
01111110110
10010110000
10010101001
01011101101
01000100110
11001100010
01100010011
01101001010
11111011100
00011001110
00111100011
10110111110
11000101010
01111100001
11011001100
11110011011
00111001101
01010100100
11001100001
00001011011
11101100011
10001111110
11011010000
11111110010
00101001101
01100100110
01101000111
10011110011
10000001100
11001000100
11011111110
00001000010
00001011100
01101111110
10001101110
01000011101
10110111010
11010101110
10100100110
10111100111
10010100110
10100111001
11111001111
01100000111
10000011101
01000001000
10011100111
10110101111
00011110111
01110100100
01011011111
01101000010
11100110000
01110011101
11101100100
01111101110
00110110110
00011011011
10001111101
11101001111
10010001000
10101011000
10000001110
01110000100
01011101101
10000110010
01111100110
01110001111
01000001101
10011100100
00010111110
00001111111
01001100010
01011010110
11001100000
01011111011
10011001000
11111100001
11101110010
11010100111
11100100010
10000010010
10100010001
01010001001
00010100100
00100000001
10110111011
10001101001
00100100011
11000000010
01100010001
01101010000
01111001110
10001011110
01100101011
11001110101
11111110010
01000111011
11000000011
00111101011
11110010010
01110001100
11111001011
11101010001
11011010010
01111011101
10100011111
10000011001
00111110111
00001101101
11010001010
10101001010
10110101101
11011011111
01100011110
00111110010
10100100001
11010111101
11100100001
00100101010
00110101111
11100111000
11000001000
00011110110
00100000001
01101000011
11000010011
11000000100
11001100010
01111100100
10011111111
00011111001
01001101101
00101101000
01100110010
11100011001
00010100100
11100110100
10000000101
11000110110
00000110010
10101010100
00101011111
10001100001
01111110111
10111001110
01110101111
10000101100
01101100100
01001000001
00001111110
10010010001
01001101001
11101100100
00001011110
11000101001
11011100011
11100110110
00100110011
00011100000
00100110101
11011000100
01110101100
11100011111
11010001000
00101101101
11110001101
11111101100
01000100101
01010110011
00100110000
01010111101
00111011011
00001001001
11010011101
00010110011
01101000110
10000110001
00101100111
01000110010
11001100101
00011101011
10000010001
01000111011
00111101001
10111001001
00110101011
10011011101
00010000101
00000010000
10010101101
10100000011
01100000111
00111001011
01111100010
00011111001
00000011100
00000010000
11100011100
11010001010
00011100111
10011100001
11110001101
00010011101
11111010101
01110011110
11001011101
10101111011
00111001010
01110110101
01000001111
11111010100
00111110110
00110101110
11001000000
11010001111
10000101110
01001110100
00110101101
10110110110
10010111000
10010001011
11110010000
01000101001
00001110110
11101111100
11101111111
00011011101
01110000110
01100010011
11100001100
10010001000
00001110111
01111101011
10001010101
11100110010
01001000010
00110111101
00101010011
10011011110
00100100000
10011111001
00111111011
01100010101
11011010101
00110101000
01010011110
00011111110
10010101101
01000111011
11101111100
11000010101
00101010001
11011111010
11111111111
11001010110
00111010010
11011101101
01101101010
10000111110
01011001110
11011011100
00100001001
10000110001
10111110010
10110111100
01110010001
01100100001
10001100000
11110111110
11010011111
10101011011
11010110100
00000010011
01111110110
00111110100
11010011101
11101111001
11010111111
01111000011
11011100010
10101000110
11110111101
10001010001
00110011000
01000010010
10001110001
11001100001
01010110110
10000111000
10000010010
01001110100
11110011111
10000100100
10000111110
00101101011
11000101001
10101001101
10101101000
10010001111
00011010000
10101101110
01011000110
00001011111
00100001100
01110001010
00011001001
00011011101
01000000110
11011000100
01000011010
00101111101
00111100011
11100100000
11001000111
00100001101
10010001000
11001101010
01001101110
11110011001
01001010100
10000000110
10011010010
00100111111
10001011011
01100001010
00011001000
11111000000
11010110111
10100010100
00110011010
10000011010
01011101101
01110010010
10101101000
00100011110
01111100011
01011111110
00011000011
00110000011
11101110110
10010000110
10010011101
00010001001
11110100010
10011011000
00010110010
10100100010
00110101100
01011110000
10011100100
10111101010
01101011111
11011011010
01010010011
10000100000
01010000010
10011110111
00010101000
01010001001
10100010000
01000111110
00010100100
10101001101
10111101011
11101000100
01111111101
10111101100
11001000010
01001001111
10011111000
01011000100
00011001001
10100100000
00110000110
00100110011
01100011111
10111110100
01111111110
00111110110
01010100010
01101111101
00101101000
01000110011
00010110100
00010100110
00110000010
01000010010
10100111011
10001111000
11011110000
10101111110
00101111100
11000110010
01010010011
11111111011
11001110110
10111001110
11010011001
01101100000
10010101011
11011111000
01000010001
01010100101
11000000010
11011110000
00111010101
10010011011
10010111101
10111011100
00010100110
01110001011
10011001111
10100110010
10010000000
11001010011
00011110000
01110000010
01000001101
00101110011
11001100111
11110000100
10100011111
00010100101
10101100100
11011110000
10100100011
00000111110
11101111110
00001001010
10001011101
01101101100
00010111111
10001100011
10010011001
00000100000
00010010010
00001010100
00000101101
00100111100
10000001111
11111011111
11110010000
11001000001
10010000011
01001001101
11111001000
10000001011
10111010101
01001010001
10110111110
11000101110
01010101110
11110000110
10011111110
00010001001
10111001011
00111110111
01100000100
01110100010
01111001010
11001101101
00001000010
01001101000
01101001001
11010111100
00000110000
00000111000
10011101001
11110100001
10010011001
01101001011
10110001100
10100000000
01001010110
10110001100
01101100011
00010000100
10011111011
00000011111
10110111000
10110010001
11001001000
00110011011
01101010110
11100100001
00000101111
00001110110
10101000110
01011101110
00011111101
10001010111
01111010010
11100011010
10011010101
10000000011
10010001000
00001010100
11011011001
00101111010
11111111100
11111011010
00001100000
10000100110
10010000100
11000101110
10110111110
00010001011
01111011110
10010001111
10001001100
10110010101
11000100010
01110000111
10011110111
11010011110
10010001111
00011000111
00111010111
10110001000
01011111010
00110001010
10000100000
11000110011
00101011111
11000111100
10010111010
00111101110
01001001010
10011100101
11000011100
11000111101
11011011110
01111111010
00110111101
10111010100
00100011101
00100110110
01000011011
11001111101
00101110010
11110101100
00011000110
10010010111
10101100100
01111111010
11110100011
00111000111
01000011011
00100101000
11111101000
01010110111
00100010001
01101110100
00010100100
00111000110
00011101100
11000000111
01100110101
01110110010
10100000011
11110000010
01010100001
11101011001
11000110111
01011010001
11001100001
01010110100
10010000110
11100001111
00010001100
10011110100
00000111011
10011101011
10011011100
10000000111
11011101110
01101001111
10101110110
11011001101
11010101101
11101100010
00010010010
00001010101
10011011010
11100010001
11110100011
01010110010
11010110000
00010100010
01100101000
10000001010
10111111010
00100001100
00100101000
01011000001
01010010001
10111101010
10110101001
01110101101
11111100110
11110101000
00100000110
00100111100
11100011110
10101110000
01111011010
11010000011
01010110001
11001101010
01010101111
10111111111
01010010111
10110111011
11010101101
00010110010
01101111101
01001100110
01011101110
01000101011
11000000000
00101001011
10000100000
10100100101
00101010010
00011110001
00111000110
00111101101
00001101011
11101001011
10001110110
00001000011
11101011101
00101101100
11110010001
10110110000
00111000110
11100010111
10001111110
00100011010
01011011110
01010110001
01010011110
00111001000
10011001111
10001011011
00010111100
10000100000
01010000111
00110110001
10010010011
11010101011
00010110111
11100110000
11110110110
01110100010
11000001111
01011011100
10100000110
01001011000
01011111001
10111010100
11011011101
11011111010
01101100110
11000000011
00010001010
11001101100
00010000010
00010000101
10001011011
01111010000
01110001100
11101000110
01001010101
11100011100
01100000010
10101000100
11000001110
11111011100
00100100111
01000011111
01110010100
10001101110
01001100100
11011100001
01000110011
10110101110
00101001111
11100100011
01101110100
11001111010
00111101011
01010000001
00111111111
10010000110
01111011100
01000110011
00100001010
11001000010
01000011011
01010001000
00001010011
00100010111
00101010100
00000110000
11111001101
00000111100
00000110010
00001000001
01000011101
00000010111
10011101010
10100100011
01110001011
01110100001
10101110010
10001000001
11000001111
00001011000
10100001011
00111010100
10100100110
10010010111
00101110010
00101001010
10110001001
11001000101
10110001011
11101001100
00010110110
00001100101
01101011101
00010000001
01110011001
10100010100
01111111110
01010101011
10010001001
10000010100
10001000011
10100011100
10111011101
01111111111
00010110111
01101100001
10111100101
11001111001
10010010111
11110010001
00101100000
00110111000
10111110100
01110010010
00111011100
10011101000
00010101000
01110110011
01000111001
11101001010
11001111111
01101100101
01010101101
10111110110
11101101010
01000100111
00011001111
01111001011
10010000100
10111111111
00011010001
11000011011
00011000111
10010111101
01000011000
11111100000
10000111011
10101000010
00100001100
00100100000
01100100001
01000111111
11110001111
11011110110
11111011100
10010100100
11111100111
01010111100
10101100001
00001111110
00111100110
11011110010
00000011100
01000011110
00111110111
01110101100
00111001111
00110101110
01100001110
10101010100
11101100011
00011011111
10100111000
11111001100
00010011100
01100000010
00100111000
10011111010
11000110111
01110100011
00000010101
01001000001
01011010101
00011011110
01011000011
10100111100
11110111101
01010110110
00001111111
00000011110
01000100001
01111101110
01001001111
00101101011
11000010100
01111011011
10010110100
00100001101
10010011001
10000000011
01011100101
00000010001
10010000110
01011000000
00011100010
11010111000
10011110000
10100000010
01011001100
11001100001
00111000010
11000001100
11110001011
10110111001
01001001111
01011001010
01010100111
10010100101
01111001001
01010011011
10001001110
01001101111
00011000111
11100011111
00011110001
11001100100
10101011100
00100000001
00101001110
11010100111
00110111000
00001010010
11100010110
00010111010
00111100111
01101011010
01000001110
00101110100
00000100100
01110001001
10000000100
00001100100
00111111001
11011010101
10011110000
11110100111
00001100010
11101000000
10010001011
01100011100
10100101100
10001101111
11110111110
10111011101
01001001001
01011111101
01101101011
11111111010
00101011111
00010011001
10101011000
11011100011
11001011010
11110010101
00011000111
10001100011
01100101110
11010101011
11011110000
11101000000
01100110101
00000010111
00010101111
00100101001
11110001001
10111110110
10111001110
10001010000
01011110010
01110111010
11100101000
01010011010
00001011111
01000011001
10111111010
11111110100
10101011111
10010010110
01001100111
01110111111
01010010000
01111100100
01100011000
10010000010
11100101110
00110111010
00011001000
10000010011
11011101000
11001000111
11000001110
00101100101
00001111011
11101110011
10111010010
10111110111
01011111101
10110100011
00001110001
11001010000
10011001010
10100000101
10100010011
11110001000
00010010010
00100101011
01101010001
10110001100
10000100001
10011101001
01110101001
11010110110
01010011000
10100011010
10100010000
01101111011
11010010101
00011001010
10100100100
10101000101
10000000011
00001110011
01000001101
00010101100
01010000010
11110010110
11100010100
10011101010
11111110100
01010101010
00101000000
10110010100
10001011001
00110111110
01001001101
00110110000
11110110010
10010000110
11100000111
11001001010
10111011110
11110101101
11101010011
10101001111
01101001001
01111111100
11100000001
11100001000
11111110110
01011001110
11100110011
01010000011
11010011001
10110000010
10011000110
10101101000
00100110000
01001011001
10111011010
00010101011
01000111010
11011101100
10110000010
11001001101
00010001010
10010101001
10111100010
10010000111
10000111000
11001111000
11100100100
10111101010
10101111110
10110110010
01011110010
01101011010
10000101111
11011111011
11110101110
00101010001
11011011001
01111100000
00001010111
01101110010
01101011101
00101111110
01100101100
10101011101
11011100100
10000111110
10000110100
11101000001
01111111011
11111011011
00010110011
01000101001
01000101010
10100100100
01011001100
01000100010
01001101110
10000110001
10011100000
00100011010
10001111101
00011101000
11011101001
01111010001
10101010111
11111100110
01100010110
11001010001
01100001110
01000011011
00100100001
00010001101
11001011110
01001110000
01100010001
11100100111
01001010111
01001011000
10010001100
00000010010
10111111001
10111001101
11000001010
10101011100
01100111011
10100110010
00000000001
01100111101
10001001001
11010011111
00011111101
01011011011
01111101011
00110000100
00010110111
10100101110
10110101010
11010011001
01011000010
10010001101
11000101000
01001011100
00111100111
10100100110
00001111001
10111000000
10011000111
00000011001
01010010101
01001101001
01100110110
10001110100
01000000111
01001000000
10011001101
11111100111
11101011101
10011001101
01001011110
10000011011
00000101001
10011101101
10001110100
10001100010
10101100110
10011101010
00001100000
00001001010
10101110001
00010011101
00110010011
10011101000
00010000100
01000100010
11011000100
01111111010
10011101010
11101100001
10000011001
01010010001
10011000011
11101110111
10010100010
01010111101
00010000001
