11101010011
10100001101
01000001000
00000110110
01001000111
10110111111
01000111001
00111100110
01001010110
01001001101
10110010001
11001110100
11010001100
10111110111
00111010011
11011100101
01001000101
01100111000
01000101101
10000111011
11110011110
00111000000
01110111111
10001100101
00001100000
10100010011
11000101100
10111011110
01101011101
00110001111
00100110100
11000011010
00001110110
00011011110
10001100110
01101010011
10101101110
00111011111
11001110011
10010101011
00011010000
00010111101
10101110011
11011101011
00100110011
10111010010
10100100001
00100001100
10000011100
00011100010
11110111110
11110011011
00111101111
10000000001
00101111110
01101101010
10101000101
01101001011
10100010110
11100101001
11000101100
11101010100
00111111010
10000101110
01000010001
01111110001
01101100101
10101000100
01011011110
10101111001
11101110100
10000000100
01100111010
10110001001
10011111001
10100001111
10010111100
10001110000
11111010111
00010100100
01011001011
10000111110
01011101100
00000011000
00001010001
00101111011
00001000111
00010101010
10010000111
11000111110
01000111000
00101100011
00110001101
01110010010
00100011111
00100000001
01111010000
11011101111
11101011000
10111001111
10100001110
11000000001
10011101100
00011001000
10011101101
10111010111
11101101000
11001111101
00101101111
00101101101
00111101110
11000001100
11010101110
01011000110
00010011011
00111100110
00101111000
01110001100
01001010001
10110110100
11111110101
00001000010
01110100011
11101001011
01110100101
11110111000
01010110010
00100010001
10011100101
00011001011
01010101110
00101000010
00100011101
00110100000
00010010100
00110110101
10111101101
01011110101
11010001101
10100110011
00100110001
11110111110
00000001100
11000100011
11001000011
01111100000
10010001010
10110100001
01001011110
01001011101
10000101110
10010010110
00110111100
10001100101
01001110000
00000101100
00110011001
00111010011
10111010110
00100001101
01101000000
01001111000
10110111000
11100110011
00101101011
01001001111
01110000111
10011011011
01111000101
00000001101
00111001111
11011011011
11001111101
01001110101
10000100110
11111011010
10101101000
10111011011
00000010110
11111110000
10011011111
00010000101
01011001011
10011001111
10001000011
01010000000
00110010100
00000000011
01110011100
10101011100
11010110111
11101010100
10011111100
11101011010
11111100101
01010111001
01100101111
00011111001
11000010011
00001110101
00111011010
11100010101
01001010001
10101011110
01101000011
10010000101
01100000011
00010111000
10001001000
11101110100
11001000110
00101011000
01101010010
01100100000
11110011010
11000101101
10001001110
11100111101
10000110101
00001110010
11010011111
11100011001
01101011011
00011100111
10100100101
01010001010
00001001101
00111001110
01101110011
11001111110
11000100111
00101000110
11011001101
01001100010
00000011000
00100011111
10011101010
10010111000
11001000000
01011110011
01010010111
00100101000
10001001001
10101111001
00100011011
00110101111
00100000001
11010010110
10011101101
00101010111
10111001110
11110010100
11011010111
10111000111
11010001000
01100001000
01100101001
01010010111
10010001000
01100010100
10000111000
11100010101
10010001000
01100110000
00101101001
01001111101
10111110000
11101000100
00111011111
11100101111
00100100000
01100011111
11111001110
01101000110
11101000100
10100111101
10111110111
11001001101
11101011101
01000011101
00100110100
11101110011
11110111000
00110000110
10110001100
11011000001
01101100011
00111100100
00100111110
10110110000
01001010011
11011000011
00010110110
00100001010
11000010010
11011110100
11101000000
10110110100
01001110111
00111110110
00100000111
00001000101
01111100110
10110011110
11011001000
00001100011
11011100001
11100101000
00101101001
01001100110
10111001101
11110010001
10111101011
11000100011
01110101001
00001101011
10001101111
00111110110
10111111010
01100001001
00101100111
11101101111
10001110101
10001100010
10001110110
01101001000
00010001111
01011000101
01001011011
11110010011
01110000010
01101110011
01100101110
00110101101
11010111010
10010010000
01110101010
11000111100
10111111010
01111001100
11010010000
00001111001
10010110011
11101100100
01010110011
11000000010
00111101111
11011101011
11011111001
10001001001
00000011110
10111000101
11110000111
01101100100
01000001011
10110111111
10010110000
10000110111
00100101011
01101111010
11100100111
11001100000
10100010111
01101001101
00110001010
00011001010
10000101110
01110110000
10001011011
00110010001
10000000111
00101011111
01010011100
01110000100
10000011111
11010101000
01100001100
01001011010
11110000010
11010111110
10010111000
11111101010
11000000000
10011100001
10110000110
11111011011
11111011010
10111011010
11001001011
01100010001
01110111001
01001011110
00110000011
00101011100
01001000111
10000011100
11100000110
11001010011
01101010000
10000111011
11001111001
01010011000
01001101101
10110111010
01011101011
11111111001
01001001010
11110011101
00100101001
00110010100
11000000110
01011010011
11001100110
10111010110
01001110001
10000111001
10110001101
11001100111
10101000111
01010000000
11110100101
01011111011
10110101001
01011100110
11010010000
01110111011
10110010110
00111001101
00001001011
10000100111
10111110110
00100110101
01110110101
10100111100
00111010111
10110000101
01110001010
11101001010
01100100110
01001001010
11101001110
11101010110
01000111000
10110010110
10110100100
11001010110
01011100111
01001001000
01110101011
01110110010
11011110001
01000100010
11011111111
10001001011
10101001000
00001100011
11010110000
11110110100
01010110011
11011010011
01100001100
10010000001
01100001100
10101011110
01010000100
01100100101
01000110101
10001011010
00001010001
00101000111
11010001111
01111000111
10110011010
10001101001
01000110111
01101110001
10101000100
00001110011
11001101100
01000011101
10100110011
01111000011
11001100010
10011011111
11001000110
00110111101
01011100010
11101000010
10101000110
10011010010
00001101101
10100100100
11010010101
10111100010
01111101100
10110010111
10001010001
00001100110
10111011000
00101011010
01111101011
01100111110
10000110110
01100011001
00110001001
01100011110
10011101001
01100110111
01100011111
00001101100
10001010101
10100101100
11100100000
00000011011
10110101001
11110101101
01010111101
01000111110
00101100000
01100110110
10111010101
10011110011
10110110101
10110000100
00000011100
01111010011
10001001100
11000010100
11010101100
10100010000
00010111010
01001001000
10001011100
00100100100
00100110100
11111111010
00011001010
11101110001
00110111010
10111101101
01011001001
11010010100
10100000100
10011001111
11100000000
11110110010
00011111101
00110011001
11010010010
01011111110
00000101111
11111001110
11011111101
10101101001
11110010110
00111110110
00001101100
00000101000
00011100110
00110111001
10001111101
01101110000
01111101101
10000111010
00000011110
01010000011
11100000011
10100000001
10000110010
00001000111
11001011011
01111001001
00001101010
01100010001
01101100110
01011100011
00110011100
00110110001
00100101011
10110000001
00111011111
00010100101
11010010011
10011111111
01110001000
11010001010
01011001001
01110001101
01111100110
11011110010
10000001000
11010110100
10110100111
11100101000
10100010110
00000111010
00111011010
11110100001
11101111110
10011101100
00011001000
00111011101
01001110111
00110010000
11000110100
10110010110
10110000001
01101011111
11001101100
01110001111
10100100011
10010101100
00010010110
10010001011
11110111001
01100001110
10111001110
00101000111
10010101110
11001000000
11101001110
01101000110
01010111011
11000011001
01011001011
11010101000
01101111000
00101011001
00001100011
01110001000
10011100001
10001110011
00111010011
11001101110
11100000000
10101010000
10010110011
11100110000
10101101101
11101110100
10100101111
00110001011
11101100000
11111000010
11111011011
11100100101
00111010100
10000000100
11101100000
00110111100
01001001001
00111001001
11011000001
11110000101
11101000100
11111011010
00100000110
11100000101
10100110001
11000011010
10110110001
01010100110
01010100000
00000111000
10010100111
01111100101
11111001111
00011100011
10001001100
01100111010
11110100010
01101000001
00101100001
01100101110
11000001011
10101000100
11001010111
01000000010
00100010000
01010011011
10010010100
10000110010
11101000110
11101110100
11110000110
01011100000
10101000101
01010001110
10010101100
01001100011
00110000110
10101111100
00100111100
11010100111
01010111100
10000100110
00111101100
11001110111
01110101101
01011110010
11101000111
01110111100
00111111110
11011110111
11001100010
10101100001
10001110110
01000100001
01000000110
01010011101
01111000111
01111100001
01010111011
10011110101
01001000001
10111011000
00101111111
10101101111
00100010001
01010100011
11101111011
11100011011
01000011101
01110010011
11101001110
00111011000
00111101001
00111010010
10001001001
00110101001
01110101110
00111010011
01000011001
01011000100
00111101101
10111101101
11010000011
00110100101
00011110011
11010000111
11010011010
11000101000
10010100001
00011101011
11001110010
10010001011
01111100111
01111111010
11100000110
10110001101
10000111101
01110000000
11011101111
11010111100
11100001110
01001111011
10110110111
10011001111
11101110001
01011010110
10000110000
10101010000
10000011001
10111111010
00111010011
00010111000
10001001010
01101101000
11010001001
11010110000
10010100110
11011101010
00101001001
00000110110
00001100100
00011000110
01010101100
11011010001
00110001100
10010110110
11101011000
11110001011
10010110101
11101101010
01000001101
00111011010
00110001001
10000011101
10010111110
10010000001
11111011111
10100100000
10110010000
11010010011
00101011010
01011110011
10110000101
10111110000
10100100100
10100010101
10111100110
11000110101
01010100100
10111011000
00111011001
01101100110
00110001100
00110100010
11010011010
00010101101
11010111110
10100111010
01101111111
11110000111
01101010010
00110000110
01100000110
01110100100
01010110100
01100110110
10000110100
01110100100
11100110101
01111100011
00011001011
00100101010
00000011000
01001110001
01100101000
01011011000
10011100011
11001101011
11000001100
11000100001
01010010001
10111011100
01110101101
01111011001
01111101001
00111010111
00110001111
11010001011
11011001100
01100111111
00111000110
01111001000
00110111110
11011010001
00000111010
01101101110
01100011010
11000000000
01001011111
10011100110
10101110001
11101110111
01000001100
11010110000
00000010011
10011000000
10111111000
00010011110
11011111110
11110111011
01101100100
00010101111
01111001011
00010101010
11111000000
10010010100
11101000111
00010111101
10101010000
01010000111
00011100011
01011011010
10000101001
00001001011
11111010101
01011101010
01100011010
10011110111
11001100011
10001110011
10011011101
11000110001
11000001100
10111001101
10110000100
11010101111
11011101110
10111010100
11001101110
11010110111
00100010111
10110101101
10101011101
10010100001
00111010011
00011010111
01111000101
10000000010
00111000000
10100100100
00101111010
01000000100
11101001110
01000011010
10001111011
00000110011
00111100101
00100000010
01100110000
01001101100
11110001101
01101101100
01101001010
00110101110
01100111100
01110110000
00000010011
00000011010
11101101100
01000101101
10001011011
01011000011
10110110100
10111000011
10100010111
11111110111
01010101111
11101100000
00101011111
10001011010
01000000110
11100011000
00010010100
10000011011
00101101000
10011001010
10000100100
00100100100
11011110010
00001101111
01111110001
01100011111
01111101001
01011110111
00110110010
11101111010
00000100001
00010111111
11011111100
11011010011
10010100000
00000000100
11100111100
11001011110
11001001011
00100001110
00010000100
10001010100
01011110000
10000011011
01010000011
00010111101
01101110100
10101010111
11001100100
00011110110
01110001000
01000101110
00101000010
00010000100
00101011010
01010010001
10110000000
00001111011
00101111101
00011001101
10001000010
10011110101
00101111100
01000000111
10101001011
01010111110
11010000001
00001001001
01100101111
11100101101
00110011011
11000001010
00101011010
01111001111
00011001011
01011101111
00001011001
11001100100
00110010100
01011110110
01011110010
00100000100
01111110010
01110100100
11100100000
11111011010
00011010110
10111001000
01011100011
00101011001
00111011011
10000000010
01000101001
10110111000
01101010110
11101010000
01000010010
10101100101
01000111110
01110111101
10000010110
00011011000
01010110010
01010110001
00101110111
00111010010
00010011100
01011010110
11110101110
11010101100
10011110101
00000110101
10100001011
00111010101
11100100011
00011111111
11110010100
11011100101
01101010111
00001000110
00101100110
11111010010
11110011100
10010001110
01011111000
01101101110
00101111111
10110110011
01100000100
00001001110
01101011010
11111001100
11110101000
11000101011
01100100101
00011110101
10111000110
10111001111
11001111010
11101111100
01110101111
10110011011
10111001000
00011000101
00001100111
00111001001
11101110101
10111010100
10001101101
01101001101
01001000000
01100101001
00011100111
11011110010
00101011010
10111101010
00111100011
01100011011
00011011001
01110111101
11110011111
11000111111
10011001000
00010001010
11000011111
11100110010
01010000000
11100111110
10110010100
01111011111
10010011011
00000110110
01110101100
01110000000
11100000101
11010110100
00100000011
00101111011
00010011001
11111110011
11111111101
00010010101
01111100000
11110111101
10110010111
10001011010
00110011000
00000101100
11000000001
11010000011
10101000011
00010110010
11001110000
10010110101
11110011010
10001111000
00100110111
11001101101
00000101001
00000111110
10100111101
01000111110
01110101000
10011111011
11110100000
10111010101
01100010011
10100101000
01011011111
01101100100
11100001110
00110000110
00001111101
01001000101
10101011011
10100010100
10111001110
11011111110
01011000010
00111011111
00010000011
10010111100
01010100000
10111011100
00111011101
11000001111
11000010101
00110010100
01001011001
11010000110
11011011010
00000010011
00111100001
11001101101
11111000011
01011101000
10011101011
10010101101
11000111010
01011100101
01010110111
00101010010
01011111000
11000100111
00101111000
10100100111
11001111110
11101111101
00110001011
00011101011
11010011101
01111100110
10000011001
10111101110
01011101010
11101110110
00011101011
00110100011
11000111010
10011011110
01100000001
00000000000
10100110111
11101101001
00111101001
11111010011
10100011100
00011000111
01011001010
11101001000
00011110110
11001100001
01110100011
00011011101
11001011110
11101111110
01110101011
10011010100
11001001010
10000010101
01001111111
11100000100
00101010111
11110011101
11000110110
01010001100
00101010111
10001111001
11011111100
11111110100
10100010111
10111010010
10011010010
00101111000
01010100101
01001110011
11011100001
00000011100
00000100011
10001011101
00010010100
10001100110
10110111111
01111010001
11100101001
01111100110
11111110101
01010110101
01000011100
11001111100
01110011001
11111100001
01100001100
01011011000
11011110100
10010101110
01110001100
01101100000
00100000001
01111100000
11101111111
11110000001
10101110101
10110010110
01110100100
00010011101
10001101111
01110011010
00001011101
00111111001
01110011000
00011101100
11110101000
01111011111
11111100000
01101110010
11010000111
11001010011
01101110110
11110100101
10000111010
01100100101
00010100110
01111000100
11111111010
00000011011
11001101110
01010111100
11111111111
10010010110
00011001001
10110101011
01000010000
01000010100
00001111111
11110000111
00000001110
01111110111
01011110001
01010000010
11101101110
11101010111
00001001111
01011011001
10100001000
00101100101
01100111110
10110101011
01000010101
11011101000
11001011110
01010011110
01011110101
01101000110
11110011110
11110111100
00010000101
11101111000
10100111001
00000110011
00100100110
10110110010
00110101011
10101110010
00000101101
00010000101
11110001010
01000011110
10100001101
10011111100
00101110100
01010111110
00101111010
11110111110
10010010011
01000011001
00111111101
11110100001
00111101111
00010100101
00001010111
11111010101
00111000010
11001111110
10000111001
00010010100
01101100001
10110110010
10011110001
10111011101
10000110001
10000010110
11011011100
10001111100
01001110101
01111100111
01001101101
10110011100
11111110000
10101010100
00001110100
11110010110
10101000111
10100010001
10111011100
00000011000
01101000011
01000101101
10000001101
01110011010
01110101001
11101110010
10101001010
10011110000
01010101110
00011110110
01110010000
01111011000
01111000011
10000011001
11101100110
00100011110
00001100101
10101001000
10100011010
01100111001
01100111000
01000101110
10001010000
10100111101
01011010101
00000001111
01010011000
00101100000
10110110110
10110011000
00101010111
10001011100
11000011000
01001110011
10100110001
10011010011
10001000000
10011111110
01111010000
01001100111
00001001101
11010010000
01111000001
11001000011
00110010001
10111000010
11101110111
00000000010
01010101100
11001010000
11001000010
01100001000
01010101000
01000111000
00101000010
01111011101
00111111100
01011010000
10001001000
00000000111
11110001101
00000000001
10001110110
10111011111
00000010011
00011000101
10001100010
10001111011
10010001100
10001011111
01110010000
01011110000
10001010110
10100100010
01110101101
01101110011
00101100100
00010010011
10011110101
00000110001
01010101000
00001100000
01010100101
11110000100
10001001111
11101001001
10000100111
01011001110
01000000110
10101110111
00100000001
11011101010
01100010000
00101011010
10110110000
10000011101
10001100011
01100101101
00101011100
00100000011
10100111001
10100000100
01010110001
00000001110
10100111011
01011100000
10000110000
11100011111
10110110000
00110101000
10011001010
11011101100
10101000101
01101101110
01101010111
00101100010
10000111010
11010010000
10010110110
00011110000
11000101101
11011110100
01000101110
00000000111
00010100100
00011110011
00000111000
01111011110
00111101001
11100010011
00010100011
00110001101
01101010011
11001101110
10010011001
11110101001
00111000111
11111100101
11100101000
00011011011
11011111001
11000011100
10110101101
00010011010
00101111001
01001000011
10010011111
10110011101
01000001000
00101001110
10011010111
01111011110
11001111000
01110011011
01111110101
11111010111
00100011001
01101110110
00101000001
10101001100
00111111001
00110010101
00100111001
11100100011
01010110000
11001111111
00101000100
00101001010
10101001100
01101111100
11101011101
10101111100
00100110010
01100111101
00111011100
11001000011
01000011110
10111010111
11000010000
01111010100
10101011000
11000011000
10110010000
10100001001
00001010111
10111010111
01100110001
11111110101
11100001111
01111011101
01101100100
01101001010
10000101101
10110101000
00000010101
11001010001
11001101101
10111110111
01101111011
01101010001
11010110111
01110001110
01111111100
10111110011
00101111000
00011101110
01001010111
11100011110
10101111010
11101100100
10010101110
00011001111
10010110001
10101010000
00000011001
10101110100
01001000100
01001111101
11110000011
10101100110
10011000001
11011010100
10011101010
10111011011
00101011111
10111101111
10010011111
01110101011
10101001100
11101001110
01010111010
00000010110
10011111001
10101010001
10010011101
01011111011
11110111110
10000011000
01010110110
01111011010
10000111111
00110100111
11111110001
00001110101
00101011110
10000000101
00110011101
10011111011
00101111111
10101000011
01111101110
01001100001
00100010111
11001110000
01110011010
11111010110
01011110111
11100100100
01011100110
00001110010
00111100110
11100101101
10101000111
00011100101
00100111101
11001101110
01001111000
00110111111
11000111110
00011110010
00110100010
01000100100
11100110100
10110010100
01111011011
01110110000
00010000011
01010100111
10111001001
11000111001
01110111111
10101011000
11001111000
01110100011
11111011100
11000110000
11111100001
10011001101
11010100011
00101110110
00011011010
00010001000
11101111110
01101101100
10000010111
11010110101
00001111110
11110100111
01001010110
10100110000
01000110110
11100011010
11101001110
01110010111
01011111000
11000001010
11101010011
11000101111
10000101100
01001000000
00111101111
01011101100
11001100111
00011001101
10000011111
10001000010
10000101011
00001111001
11100101100
00001101000
11101001110
11100101111
11100100011
10101011110
01011001110
00111001111
00101110111
10101111101
01011110000
00111110010
01101000001
11110010011
10011001111
00011011110
00110001011
00110110001
10110001110
00001101010
11000010100
11000110011
11010001010
10010010100
01001100011
00010101100
01111001011
00111110110
00010010110
11101010001
10111100011
01111110110
10110100110
10110000101
10000000101
00111100011
00100111001
11011111011
00000101100
11111101110
10101111001
11100011010
11010010010
01000000011
10011001011
11011010111
11100100010
01110110110
10010011011
00111000011
11010011001
01000111110
10000111001
01000110110
01010001101
00100100101
01011011000
10101010010
11101111111
10110001010
01110110110
11000000000
01101000001
11111011101
10101000100
00111000010
10010101000
00110001011
10011001100
11110010100
11110111101
01001010110
00001010111
01110001101
00000100100
00110010010
00101101011
00101111000
00101010010
01111000110
11110101101
01100010010
10110110100
00101111000
10011011001
00011100110
11101110110
10111101101
10010100100
00111010110
10001100011
10111101001
11101110010
01001111011
00110011110
10110101011
10001110111
01000001001
00111000000
11011100001
10001001000
11110000111
00100110111
00001110001
01101011111
00000100110
01100000101
01000010000
00111000110
11011001110
00111011111
11111110100
10110110100
00111101101
11110010001
11101011100
10101111101
10000100010
00101000010
01110010010
10111110110
11010001011
01011100011
01001100110
10010001010
11001010000
11011100110
10101000001
00011110111
11110000110
10001000010
01110010100
00101000001
00010101101
00000010010
01001011010
11111100011
01110010111
10100100010
11110111100
01010101101
10010111101
10101111100
10111001101
01011011011
01010001100
01110000101
01001101101
00011000100
11000001101
10001001001
10000011001
01111110011
00000010110
00111011001
10101101011
01110111011
00011100100
10001100011
11110001100
11011111010
01100000010
11100100000
10001100001
10011011011
01111001010
01111111100
11100100100
11001011011
10110100100
10100100011
11000101100
01011010111
11111101111
11111111001
10001101111
10000001001
10010110001
11011101010
01101011111
11100110010
00011000110
11001001100
00111111111
01001000001
10111000111
11100000011
00010101000
11110111111
00100011111
00111000011
01010100001
11010000111
10000010000
00000000110
11111101101
01110011000
11001011011
01001100111
00100100110
10010001011
01100011000
01001101111
00011110001
10110010110
01001011001
11010011010
10001110101
01101111001
00010111111
00111000111
11111011111
11110101010
10111011011
01101100100
10111101001
00001100111
10011110110
11100101000
01010100010
11101001000
00010011001
00001100001
01011010000
11101011111
01000110101
11101110011
01100110111
11001100011
11001010001
10111011100
01111110001
10111011000
00111110000
00000101001
00001010010
00000000000
01111001111
00110011010
01000101010
00110110011
00100100110
01100000000
10100001010
10100111000
10110010000
01110000010
00010001000
01111100000
10100100010
00000100000
10100110100
01001111000
01010001000
01000111011
11011010010
01110000111
10111101110
00111110110
00101011101
01100111111
11111111001
01000101000
01001010011
01010111011
10011110001
01100010000
00101110101
01011011101
11001111011
10100101001
10010100100
10111110100
11010011000
01111100011
00000100011
10111100101
00010001111
00101001010
10110001101
11110101101
10101000100
11011011100
01101101111
10111000001
01010110100
00000100000
11010101100
01011100000
00010100110
11011001111
01110001001
11100111010
00110110010
11110101101
11011000101
11000011110
10011000001
10100100101
00001010001
01110001000
11110100011
10111011101
11111111000
01001010011
01000000000
01100111110
11010011101
00000010100
10100101101
01111111110
00110011100
10001101010
11001111101
01100110000
11101000110
11010101000
11010011111
01101111001
10010100110
11010101100
10100110111
00111110101
11100111100
11010001000
11001000000
10010111110
01000001000
00101100100
01111011100
10011100011
01001101001
01010110111
01110010110
11100111110
11100000001
