10010000001
10110111001
01000010101
10000001001
00001101011
11111100010
00010001100
00011100111
01010111101
01011011010
11001000010
00001010110
10100101101
00000101110
01101000011
11000111011
10011101101
00010010100
11000001101
10011110000
11000001011
01111000100
01110001011
01000100010
00111111001
10010001011
11111100000
00111001100
10111100000
00100111001
01110111110
00110111001
11001011111
01111010111
01100110011
10010011111
10001100001
10010000101
11001110010
01100111110
00011001111
00011101100
11101011110
01010100101
10000000000
11000101011
00110000010
01110111111
11010010101
10101100010
10100111010
00110011111
10010111001
11001101011
01011100100
01110111110
01100011101
00111000100
01101001001
11110001100
10100111011
11001001111
10010001001
11101101100
11111111110
10010100110
10101000011
00101110010
01000101110
00111001100
10111010001
00101100011
10011011101
00010011110
10100110110
00111010100
00111000110
00011101011
01101011011
11101101001
10110111001
11001110111
11011101111
01100000111
01110001100
01111111010
00011100111
10110000011
11011010110
10001101011
01001000100
10011010011
11011111010
11111010010
11100001010
10101100101
01001001010
00110010011
10110001100
11100010101
11101001010
01001100011
01101100101
10100000000
01100111011
10100010111
10011101100
10111000110
01000100110
01101110011
01111000110
00001010100
11011111000
11000000010
01010011101
01101100111
01110110011
11110000011
00111010010
00010001011
11011111001
00100101000
10001111111
11111101011
01011101110
00110010001
11000000101
00001010011
01001000000
00100111100
11110111110
10010101011
10111110110
01000001001
10001100010
10010110000
01110111000
01011110101
11101001100
11000001011
01100010110
00110010011
01001110010
00111001000
00000110010
00010100101
01111010011
00100101001
01101010001
01100010100
01100000001
10111010100
10111000110
01101101100
00011011011
11100101101
01001000011
11110000010
01110010010
01001101010
01001101011
00010100000
10011100000
10100100010
00111011001
01111111000
11011010001
11000111111
00101001110
11000101010
10001110000
11011110100
11000010101
10111111110
01011100010
01111111110
11000000000
01001110011
10111111000
10110001110
10111001001
00001001010
01110010010
11110110001
11000100011
10101010011
10110000001
00011011101
00011101111
10101010101
11110011101
01010010111
10100100011
00011010111
01011000101
00000010111
01010101100
11011011000
10001101110
00100100101
00100100000
01101010110
11110010011
11011000110
01000011011
10000111110
11100010010
01100000111
00000010100
10111001101
10001000010
10100110100
00100000100
01011110111
10100001100
10001100110
01100000101
01010110010
00111110000
10111101101
10100111111
10011011100
00110101001
11000010101
11010111001
00010000000
11011101101
00110001010
10001101101
01011011101
11000010111
11011101010
00011001111
11101101110
00101101001
11010000011
11111100111
11101100001
10000110110
10100101011
10100001000
10001011100
01010110101
11000010100
01100101001
00001011110
00000010010
11110001111
01111110100
10000001110
00111010101
00101111000
10111101101
00010000100
01100011000
10111110100
10111100111
01001100011
01000101001
11011010010
11100110000
00001000111
00110111000
01000101101
11100010010
01011011010
01010000101
01110011111
10001111001
01110000001
10010001110
10101010010
11010110111
01011011110
11001010110
10011000010
11100111000
01011110001
11010000011
00011001001
01010101010
11011111100
00100010111
10111111111
11000001000
01010100101
00110110000
11000001101
00001000011
01100101111
00010101100
00000011011
11010111110
00010100110
01101111101
11001001011
01010000010
10101101011
00001011110
00011111011
11101100001
00001001100
01010110111
01011110101
10110100111
10100100010
01101100010
11001010101
00011100111
01010011010
01011101010
10010110111
01011100010
11101101011
10010010010
01100100001
00001110101
10010010111
01110100011
01100000111
01110000111
01011001001
10111010101
01000100010
01011010001
01000100001
11111101101
10010111000
00011110010
11110110001
10110001001
11010000010
00111110011
10111001001
01010011100
00100100110
00100010010
01001100011
00000000111
11111000100
00001000011
01000101100
11100000001
10001011110
01011100111
00111111111
11000001011
00010110101
11101101100
10000101000
00101111010
11110001101
11011000001
11011111000
00000110110
00001000010
01100000110
11100010000
10001011001
11000110000
10101111111
10111101110
10110101011
11110000010
10100111001
00000100001
01011000111
00010110010
01100001111
10100111000
10100111110
10100001000
10001000001
10001101110
01111100011
00101111111
11010010101
10000010010
10101000001
10100101101
10011100101
11111011110
00011111001
10011011110
01000111101
11111110001
00110101100
01111110000
00010010001
01111001000
10000101001
10000000010
00101100010
11100000100
10011001011
01011011010
00111110111
00011001000
01000011101
00110010101
10011011010
01001010011
00011000111
11111110011
00010011110
00010100001
11111100011
10011100101
10010100111
10000100000
00010010111
11001001011
11000111011
01111001010
11110000100
00100000100
01100100001
01010010010
00000100010
10001011111
01101101001
10101010110
00111111110
01110000110
00101111100
10000000011
10110111001
00100011100
10100100010
11010110101
11000100001
00010011101
00011110100
01011011110
11100011100
00001101010
10010001100
10000110010
10011101101
00110001101
00000100010
11011000001
11010101110
10100110010
10001100111
10111101110
00011001111
10011100010
00010001111
10010000011
10010111000
11101001111
00000011011
10100101001
00110010010
00001011101
01010111110
10100010100
00101001110
11010010011
01011101110
01100011101
00000101111
10010101011
01011000101
00010100101
01000001001
01111111110
00011110110
01100011100
00111010001
11111101110
00101111101
01011100001
01111010101
01010010001
11101101011
10000100000
00100100010
10000010100
11100101110
00100110111
01111101011
11001010000
01101010110
00000100111
10100001111
11100111110
01111100101
01100100000
01001101101
11011100101
00011101101
11111001000
01000001111
11010110110
01100100111
11111010101
00110100000
00111101101
10101101001
10110100100
00111101100
01100001001
10101001111
11000100001
10111110111
01101000001
11100101101
10001010101
10011101011
10101000000
01010010101
10101100111
01110111111
10110011011
00000001101
00110100101
11010011101
01011000011
00011011100
01011010111
01011001101
00010010111
00011101111
00100010000
00011011101
01011001111
11010011010
01011110010
11001010110
11110101000
10010100010
00000011001
11111101100
01001011001
01110101001
01000100111
11111110010
11100111010
11100010111
01110000011
10110000000
10011110111
11101001001
10111111000
11110111001
01101110011
01101001010
01000110111
01001000111
01010101001
00111000110
11110001101
00110000011
00011001111
10010011100
01101010101
01100100101
00100100100
00000001001
11111110110
11101100001
01010010011
01101000001
10111101110
00000000001
00101000010
11000011101
01100101111
01001001010
11111001111
01000011011
00000110110
11101010111
10110001101
01110111110
11011111010
00010001010
01000111110
11000110100
10010101110
10110101100
10110111010
00110000001
00000000111
00010111101
11111111011
01101111001
01010111001
11001010100
01000011010
00011010111
11101000001
00010101111
11101110010
01000000010
00100111001
11110110101
11110011001
00011110110
10111000101
11100001000
01110000101
00011000110
01100001100
10101000111
00100010100
01101010000
11101100111
01011001010
10111110011
01111001011
11111110100
01010000111
10110011001
11010111010
11101110010
10101111101
00100100000
00100110001
11001111010
10111011100
11111111011
00001101100
10101111111
00000111010
11001110000
11000111010
11011101010
00010101001
10111010001
01100110010
10000101000
11001111111
11111101110
01010011100
00000011100
00100100010
00010101100
10010111011
10110011111
10111000010
10111001100
11010100111
00001000010
01000110101
10011011110
00101001110
10111000010
10100111000
01110011110
11011101100
11000011101
11100010010
00101101001
10011110010
11001011100
11101100011
00010111010
11010101100
01111101001
01001001011
01010011111
11000011100
00000001111
11010011010
11011101101
11101011100
00110111110
00110011110
10110101110
11011011010
01111100010
01101111001
10111100000
00010001110
10001111001
10000011010
00011101110
00000011011
11011110001
10001111011
00110001001
10101000111
01100100010
11000111011
00100000110
11000000011
00010101010
00111100101
10111000100
10110000001
11000011011
10010010001
01110011011
00111010111
00000001100
11011000110
01110101000
00110111100
10011011011
11111011110
10001110010
11111001111
01101111101
10110011011
00011010100
11110100000
00001000011
11001101101
00100001010
10100110110
01100100101
01010011111
11000011001
00000110100
11000010001
10010110110
00010011011
01111111101
00000001111
01101100000
01101101100
11100110001
01110011001
01111010000
01101100110
11110010011
10010010001
01000100000
10000001111
10100000010
10011011011
11010000011
01100010011
11011001111
10110111100
00001101010
01101111101
10110000111
10110010111
00100011010
00000011010
01101100100
00000110000
01011110001
01000011111
10001010011
11010101001
00010010101
10100110000
10100100001
10001111000
00100011101
00011000111
10111100000
10011101011
10000110011
00010001110
10001001110
00000000000
01100000100
01001001101
10111010110
00100111100
00011111011
01011000001
00110111011
00011100100
01101100100
01100010101
11101010101
10011111010
10101011000
01101111011
00011101010
11011011100
11101100011
01011110000
01100111111
01100111101
00110110110
11101001001
00010110110
01010110111
00101111111
01100011011
01000001011
01001100010
01111101001
01101111011
10110011011
11111010000
10110000000
10110001010
01100111000
01001110000
11000111000
01010000100
11110100011
11110000001
10001100001
00010111111
00010001000
10101110111
11011110010
11100001110
11001101110
01110001101
10100000000
11101101010
01111011101
10100011001
00010111000
00100111101
11101110110
01111000001
00001001011
00000110011
00010010001
01000011001
10001011101
11101111011
01101011110
00101011101
01000110101
00110111001
10000101101
11001001101
00100010100
01101011011
00010110010
11101010100
11001111111
01000011000
01011100000
11011111001
11100000100
11110110101
10011111100
11111101001
01011111011
10010011000
01001111110
10000111111
10111000110
10100111100
00010100010
11000010110
00101110111
10110100101
01010011111
00110010101
01110010000
10110001111
10011110111
00101110100
10110010100
10011111011
11000110011
11000010010
00000101000
10011101001
01000000110
00010011011
00010111001
11101010011
01000101010
00010000100
01001100110
11111010101
00000101010
10101111001
10110000000
00011010100
10001101110
11110010100
10011101111
00000101010
01011101111
11101011000
10111010001
01101001100
01100111110
01001110100
11110000001
01101011101
10001000110
10001111010
01101100000
11110011010
11111000011
00001000110
11010000101
01110110111
10001101111
00100111100
00101111011
11001110000
01001111001
00011000010
10100000101
00000001001
00111001111
00000100000
00011100101
01110100101
11011001000
10000110101
11000110001
01101000110
00101110111
00001110011
01101100010
01111001100
00101101000
11011000100
10101000001
10011001100
11100111100
00000010110
01010101101
10110000011
00010010001
10000000001
10000011001
11000111100
01011111000
10110011011
11000001110
11100000111
11000010101
11101000100
11110110100
01010010000
10011001101
11000001100
10101001010
10010011011
00100101111
01100001101
10011101010
00111110010
00101010110
10000010000
00010000001
11011001011
10011110010
11110100110
10111111101
11000000100
11010001110
00011110011
10010011000
10010001001
01111100001
00101111000
11101001111
00111011111
00001000001
01101100111
11011110011
01001111100
10001110111
00100100100
00101110101
00110101101
01011100011
10001111000
01101000001
00101011100
01000010011
01100110100
11000100010
00000010001
11010101001
10100110111
11001101101
10010110101
11000111011
01110011011
01000100110
10001001010
00010010000
11001011001
11110101011
10100110011
10100111100
11010001000
10110111101
10100110011
10111111101
11110000101
11110000111
01010110011
00110010100
00011001001
01110101010
01110100110
11000100010
10001011101
10111111000
01111010101
11000100011
11011111010
11100000000
00011010000
00110100011
10000001000
01111010111
10100011000
10011010000
01011100111
11111010001
01100000011
01000000001
11000101010
01010100111
10100000001
00000001010
00101110011
00011110011
10101011111
00010001100
01001101100
00010001000
01111001001
10100111011
10110110101
01011111111
01100010101
10000010000
10110110011
11100110110
10100001101
10111101111
10110101001
00101111100
00001011101
01111000100
10110100001
00100011001
01010101111
01000000011
10010000100
10101101000
00100101001
10100000100
11001111111
00100101000
10101011000
10111110010
11000000000
11101000111
10100001000
00011001110
00110101000
00011101000
10111100101
10011111001
01101011011
00010110001
00011001100
10000101001
01011101111
10110110011
11100111010
11100100011
11101111000
00001111110
11010110100
01110100110
11000001010
10100110101
11101000110
11010100111
01110101000
11111001001
01001000100
11010000110
10101000110
00010010101
00001110011
10010101011
00011110101
11111110000
10001011111
11100010111
00010101111
00111011110
01101001100
10110000100
10100000001
10111010100
00111001010
01110011100
10010101000
11011101100
10010010110
10001001101
10000001000
10100000111
01001000111
11110111111
10011000101
00101101010
11011001111
00000001100
00011000110
01000000110
10010001010
10100000110
01001101101
10000001000
00010000101
10100100110
11110001000
01011101000
01101101110
01100011110
10001110110
01110111110
10000001101
11111110001
01000010101
01110011100
01100110100
11100100001
10001111111
00110000010
01011011010
11111011110
10000000110
10100110100
11001000111
00100101000
00011110010
01101101001
00000111001
11011100001
01011110111
00111110000
11110010101
11110000001
00101000110
00111100101
11011010110
11001000011
01110100001
00100011101
01111001011
10110110100
00100010100
11111111111
10010001111
01110101110
00000010101
00110100101
01110000101
10010100100
11110101100
11011011101
10001110111
01010010001
00100100111
00011111111
00011010011
11000100100
01000011111
00110010101
11110011011
11101011011
10110011000
01111000100
11111011110
11110101001
11001001011
11001011111
11101001011
10010001010
11101010001
10111110011
01010001010
00010010101
00001011110
10100000111
11110100011
11111001110
10110111111
10000001111
01011111001
01001110000
11011010011
01110001111
10000110010
11101001110
11001101010
01100100001
00000110111
10001100110
11100001011
10001110111
10101100101
00101101010
00010100111
10100110110
10111000100
01101100110
11000010101
10111011111
01000111011
11011011011
10110101110
00011001111
00010011101
01011000100
01010100011
10011011000
10110000011
10101101001
01000000101
00011010011
00100111001
11101111000
01001101011
10010101101
10101100001
10101111011
10010111100
10011110110
00110011010
01000010100
00011101000
10001100011
01100100100
00000110011
10101110101
01010000110
00100000101
01010000000
01000111011
01101011100
10110001001
11111110111
01000111110
01010110110
00001011001
00111000000
11111110000
11101101111
01100111101
10011110010
00011001011
11100110001
01100011110
11000010111
01101101100
11111000110
10100010110
00110010100
01010111001
11101101111
10100101100
10011100100
01100010000
00101110011
01010010100
11010000100
10100010000
10101110011
11111111110
10011000000
10010111010
10011001110
11101001100
00101101110
01000000100
00001000111
01000110111
00011000011
11010010000
10010001011
01001111011
00101100100
11100001000
11101111111
01101100010
11100100010
01100101111
10010011000
00110010110
10001010011
01000110010
11111111100
11011010000
00100001100
01000011010
00100110000
01110011010
01110011100
10101010000
00110111110
00101101111
11110100110
11100100001
11010100001
01011001101
11100110000
01001101111
11111011011
00110011111
01101001000
10011111000
11011010010
11010001100
01001011101
00100111010
00110000000
10011000001
11111001110
01110000001
11010000101
11011100001
11011110100
11010000000
10010000011
01010101110
00001000011
00100001110
01111101011
01101111001
11110100010
01010010111
11101000100
00111111011
01100111011
10100111111
11110110100
10100010111
01110100000
11111110110
00101010110
01000001111
01001000111
01111010110
10011010000
01011001100
00010010010
00000100101
11001110111
10011100100
00100000010
00111001101
00001111111
11110101010
00010000011
00101110101
10001010001
10110111001
10110110000
11001101100
11100010001
00111010011
01011001111
00110000000
00111010110
11000110110
10010001110
01101100100
10101001111
01000110011
11100100001
11010010011
01010111100
11101010000
00011100101
00111111111
11100100000
01000001101
00110000000
01000100110
00111011001
11001111001
10010011000
00111100110
11001110100
11100101100
11001110011
11011111010
10100111111
00011000000
10110111101
01110010101
10010011101
11000011010
10100011001
10111101011
11110101001
01110110001
10110111101
11000001110
01000101000
10111010011
11101001001
01111000100
01010101010
00000010100
11001011000
01111010111
11000110100
11001000110
00101111100
01100100101
10100111111
11000100100
11110001000
10110010011
10100111100
11011100111
10101011010
01010110001
00101010100
10100000001
11111000000
01101111101
00001111011
01101011110
01100000101
10001001011
01101111011
10001001010
10101000000
00001001000
01110010110
00111110011
01101010101
10100101111
00110110101
11001111100
01001001101
11110000111
10001110100
00111101001
01111110001
01101001110
00010110111
11101010111
11000110001
11001110011
11100001011
10000010110
01100011111
01111100110
01110001010
11010100011
00110011100
00010101010
10011111111
01111010100
10101010100
01011010011
00001101100
11000010100
11000011010
00111000101
10010110001
01000000110
01111101001
10010101100
10000011101
01001111000
11001000000
10000100100
00100001010
11000011001
11010000100
00110110001
10010000111
01110000111
11001010100
11011101001
11110110110
01000110101
10010111101
11111011100
10101111010
00101100100
00010000000
00000010011
10111011001
10010000010
11011100010
00010011111
00001100100
00001001101
11100001000
00110011000
01111101010
10110000100
11011100000
00001110010
01101000010
10100010100
10101011001
11000000011
01111011000
10001001010
00010011111
10100000011
00111111110
01101101110
01000101010
01011010111
01111000000
01111110111
01110101100
00111101111
11100110101
01100101101
11001011110
10001100111
00011110001
01001110100
01111001010
11100011000
11001100000
10101110101
01000010111
00111110000
11111100010
01001110110
01111011101
11000011011
10010100100
11010100100
11110101110
01001011101
00001111000
10100101001
01100111001
01011100100
00011010010
11001111111
01011011100
01001001011
10111101111
10011010010
10101111011
01000010110
01011011000
01000000011
10010100110
01000010101
11110101111
11001111011
10001101010
10110010110
01000101111
00111000001
10000011110
00010010111
01011100000
11011000011
00001100010
10010100110
10000110001
01101011010
00000101111
01110111111
10100010001
10110001001
00000001101
11101010000
01001111101
01001010011
10000110000
10000000001
00010100010
11001011010
00011010110
01011110100
00010110001
11000001010
10110010111
00000111111
01011010100
01011001010
00101100100
00010111010
00000010011
11100010100
11110110000
00010001011
00001111001
10101000000
01011100000
11101110011
11010100010
01011110000
01101111010
00111111111
10101111101
10001111100
01100110011
01111011011
01110011010
10000100011
10101011111
10000101111
11101001100
10110001011
01011011001
11110100000
10110010011
01111111000
11111110010
11000110010
00111111011
10001101100
01111101000
00110011101
10001010110
01110110100
11000011101
11010111010
10101011111
01000001001
11001010010
10010100110
01110001001
11110001101
01000010000
10111100000
00010100110
00100001001
01010000000
00101000010
11001011101
10100110001
10101010000
01110010111
11011000110
11000111011
00000110111
11100110111
11101001101
01011001110
00011111011
10001000101
10100010010
10010010111
10110000011
00101010000
10110011011
11100101111
10000000111
01110101011
10001010111
10000100010
00000011101
10000100011
11001111000
10001010100
01011011100
01010101010
01001011010
01101110011
11011001000
10011000000
01100100010
00001101110
10011000001
11001010010
01100101100
11010110001
11100110100
01011000001
01010011110
11110101010
01111111011
01111010000
10111101011
01000010101
01010100001
01000000110
01011111001
10100011000
01000110110
01010001101
00100000000
00100011001
10001101011
11111111100
01011001110
01000001011
00110011100
10100010110
00001010111
01010010011
01011100110
00111110011
10110101000
01010110111
01010100011
11010111100
10010100100
01011000001
11011011110
11001100011
01001001110
11011011110
10000100001
01111000110
00100111100
00101111101
00010011000
01110101001
10111110111
01100000110
00001100101
11000111010
11101000001
10011011111
01110010001
01100010011
01101100000
11010110010
11011011010
00010111110
11101110110
10100101011
10011101001
10000101101
01010001110
11001001111
01110101100
01001001010
01111101010
01111110000
00001001100
11100001001
00100011111
10101011110
10001000010
10100000011
00011100010
11000010110
01100010001
00011011001
00000100110
00011000001
01101110100
10001111111
01100011100
00000110000
00010101110
01001011011
11111000010
01110011000
01001010000
10101100000
11000011100
00001011000
00011001111
00110000001
10100011001
11100001111
00100111001
11100100111
01111011111
01100110011
01001011001
01111010101
11100101101
00110010000
00101011001
00011100000
11100100010
10000101000
11110101010
10110100001
11111010101
00001010010
10010000111
01110011100
01100101111
01011011101
11010010110
11100100000
00101001100
00110011100
01100111001
10101111100
11110010100
11101000000
11111010011
00000111010
01000111110
10100110110
01111000111
01101110101
00010110111
10101111010
01000111100
10100010000
10000101000
11001100100
11111000011
00101110010
00001101110
01101111011
11001001011
10001010101
00010010101
11101100011
00011010111
11011110010
00001001101
01100111100
11001101011
10000101011
00011011100
00100000101
11110100000
11011000100
01000010010
10101101100
01011111011
00100100110
00001011010
11001110100
11001011001
11001100000
00100110011
01110100100
00011001100
00111011010
00010100111
10110100111
11010111110
01110101000
10111011011
00011101111
01110110101
00011101011
10110000111
01010011000
00000101001
00010110101
10001111000
01101111101
10101111111
01110111111
11100100111
01111010011
10000010010
00010100111
11100010110
00000000101
11100010101
11001101000
01010111010
11101010110
01010110101
01100101101
00000001101
11110110000
10101001110
11110010011
10100100110
10110111001
10010011001
01001100000
01101111001
00100010100
10001101010
00100011011
01000011010
11110000111
00100001110
10000000001
11001111101
01001001100
00111111000
01000100011
00111101110
10001011001
11101100010
10100110011
11011101010
11010110010
11101101101
00100011001
10010011100
00000101011
10001101110
10010001101
11100101111
11101000011
00001100110
00111100000
10111010010
10110010010
11001011100
01001001011
10100010010
00110001011
01110010101
00010001000
10010000110
10101010111
10111011111
01111111101
01000100110
10001100001
00010101011
01100100100
01101001011
00011110111
10000111010
10110101101
11101111100
00000001100
10111000110
10011000011
01000101110
10111111011
00110100110
10000001111
11111001101
00110111001
00101110001
11000111000
01010010010
10001000011
10111111000
01111000110
00110001010
10010111101
11110110011
10111110011
00000000110
01000001110
10101101011
11011011110
10000110001
11001001000
10000111111
11010111100
11101001011
01010111110
01111101101
10110101101
11001100000
01100111001
00010000000
01110000001
11110011101
01100111000
00100110111
11111101110
11001011111
10100101000
01101011011
01110000101
01011010101
00100010010
01011101111
10100001000
01111001101
11111101100
10100011010
10001101101
11000001111
00100110101
00110010001
10110010100
01101000110
00010111101
00111111001
01011101111
01110001110
11011110010
11011100010
11111010000
00010000010
11001011101
01101111000
10001000101
11110110000
00001000110
01110100001
00011011010
10000110000
10011011011
10011110010
01111101011
11110010010
01010111000
