01100010011
10011011101
01001100101
10010010111
11111100000
01011000011
11011111010
10001001101
01000101101
10101010110
01100101001
11000010110
00001101111
10111011110
01101011101
00110010111
00011011100
01101000101
01000111100
00101110101
10000010001
00100110001
10100111001
10001100110
11100111111
11110000100
10100111001
10110100100
10110000000
11110011001
10110010111
10010000100
01110100111
01011001101
01111110011
11000110111
11011101000
11010001010
00111101010
01011100110
01100101100
10011000000
10110001110
00010101100
11111111100
00100011001
10000111101
10001100101
11010000001
11001100101
10101011011
11011111011
11000111010
10100001110
00001101100
01000011100
00011001110
00111011001
11111101000
00010010000
00000101001
11110101011
10000010100
00000011100
00010111101
11110011100
00100111010
10001101101
01011001011
10010001100
11000010010
01111110000
11000111010
00110000100
00110111101
10010011011
11000100100
11110111011
00010001000
10011100000
01100100100
01110111101
11011000010
01010000010
10010001101
01101111011
00000100100
01100011011
01101111111
10011111010
11001000010
11010011010
10110001001
00010111010
00011100100
01010110100
01101101001
10000100100
11110100010
11010001101
01111110110
10001000100
00111101110
00001111101
11000001100
00000110010
10101111111
11011101111
10011111101
01001000010
00101011000
00010010110
01000111010
11001111110
00000010011
10101101001
01110111010
10101001111
10001000001
01010100100
01010001101
10110100101
01011010101
00010110110
00111001110
10101100000
01111110010
10100100100
10010010110
01111111001
01011010110
00000001101
11011101001
11001110110
11001101010
00101011110
11110111010
01010101110
00011000110
11010100001
11101001110
01100111011
10110110100
11011111010
00100111000
01101010001
01000000011
00001011110
10000100110
01011111100
01000110101
11100010100
00011010111
11110000011
00100000110
01111110000
11111111110
11101001111
11011001111
10111110100
11100011011
00001110001
11011000000
01110100101
10100000011
01001001111
10001101000
01110101011
01011001010
00001000001
11100101111
00011101101
10001110101
10100010001
00101100111
10110101000
10110010001
01101101010
00001111111
11001000000
01011111101
01100010111
01001110011
10001010010
00001111011
01011001100
01110001000
11010110011
10001010101
11100010011
01000100000
00110101111
00100100010
10011000010
00110010101
00011001001
11010001001
00111111000
00011000110
00100101000
11001000100
10111101111
11100100011
11001000001
11001011101
10010110000
11001100010
01001100100
01101111011
10110011010
11101000100
11101000111
00000010111
10111110001
00001000111
00010010010
00101010101
00101011101
01101010001
01011110100
00010101000
00000100111
11001001110
01010100000
10010111111
10011001111
11010000111
10101111001
10111100001
10001111000
11011001110
11110001110
11001110001
11111000100
10001110110
00101010111
11001110010
10011010010
01000010100
01111111110
01101011111
00111011110
01010010010
01111110110
11000110001
10010110011
10001111100
10110110000
11011100000
10001101100
00101111000
10101001111
01000111010
10100001100
10101110101
10011011000
10011011100
00010110001
00010011001
00110001100
11110101001
00001111011
11001011111
01010101011
10101010011
00100111101
11110000110
11000101111
11101111010
11100111100
00011000111
01100000001
11110101110
11011000011
11110110011
11110110011
00100100011
01111100000
01000001100
11111110110
01100100100
01001110011
00100101001
10111101101
10010100010
00101101010
01000111101
01011000001
11010101001
01010011100
11101110011
10011010110
01111100001
00010001100
10110010100
10010100000
01000110101
10001011001
01111000000
00100001110
11100000111
00001011110
00001010001
11011100110
00101110111
01000010010
10001001111
01011110110
10111001001
01110000111
10101001110
10001101000
10110011100
10010110110
00001011011
01011111010
11001110110
01001011000
10111001011
11100110000
00000110000
01001110101
00000111000
00101101011
10010111000
01000011000
01100000010
01110110100
00111010101
01110111110
01010110001
01010001110
00111111000
11110110001
11101101000
00011101100
10001101100
10011101100
01000110010
01110100100
00100110010
11000110110
10111111101
11010101001
10001111100
10001000110
00111011111
01011000111
11110111101
10001110111
10100010001
00011010011
11000110101
10101111101
00010001110
00010000100
00100111001
11001010110
10010111010
00110100000
11101011101
10100110010
00010001100
10110111010
01100110110
10111101101
10101100010
01101110010
10111001100
01110010101
01111110000
01111000011
00001010100
00100010011
00001001100
00011101001
11110001100
00110101110
01000001111
00010100000
10001011101
00101001100
10111001100
01110110100
01000001101
11011010011
01010111100
10110111111
11001111111
01101011110
10111010111
01000111001
10000011011
01001000110
11000100010
10011111000
11101010011
10111010101
00000011101
01101000100
01010011001
01000111011
00101111101
11110010111
10011100010
01000000101
01110000011
10001111010
00000000110
00101000011
00011111011
00011001010
01100111111
01001001111
11110111111
01101010010
11010100011
10010001001
11111100000
00000000100
11000111110
10110101110
00001010000
11000101001
00111111100
01001100101
01100000011
00010111100
11010100101
10001000001
10110101000
01111011000
01111110111
01101111000
10000000110
11101110101
01011011010
00100011000
10100011001
01111000100
01010111001
01000101110
10110111110
00000001110
10101110001
10101101101
11010000101
01110010100
11110100100
11101111010
11000110001
11101110110
00111111110
11111010101
10011001001
11111001000
01110100111
10010111011
10001000101
11000101001
10000010010
00011000000
00010010011
01111111111
11101001111
01111011000
10101100110
01000111101
01010010100
11001011011
10110010001
10100101100
11111010000
11111011100
01001010111
01011001010
01100101001
10101101011
10110100001
10100100011
11001000011
00110111010
10100111111
11110101111
00100100100
01000010000
11010100111
11011001010
00000001110
11010111011
00111110011
10000000011
10100100110
01001100001
11000101110
10110110011
10001001010
00110111110
11000011100
11000111110
00100101010
10111111100
10111010111
10011100000
11111010110
11010001000
11011000110
00101001110
11110101101
10110011000
10010011111
01001000001
10101000001
11111000110
01111010011
01010001100
00010101000
11111001001
01101010110
10000100110
00001010111
10011111111
00000100010
11111100000
11011000001
11111001101
10001010001
01011010000
00100100011
01111100001
11110001010
10011000111
01111110011
00101000011
01101001100
10000011001
10000101110
00110010110
11011001001
01100100000
00110010000
00001110000
00010101010
00100101010
11000010100
00010101100
11111001001
00011100001
11101110100
10100000011
00000011010
11110011000
11100110001
10110101001
00010101001
10001001100
00100001000
11101100100
10110010110
10001011010
11101110101
10011011010
01011000110
01001000010
10011010101
10100110101
01000101100
00110110011
01110110011
01011100101
01010110101
00101011001
10111100100
00100010011
01110110010
11000100111
00101110100
00110101110
10100000101
11010001100
11101011110
01010010000
11101110100
11011010111
00010111100
10101011101
01110011101
01101110101
10111000010
01010011100
10101011011
11001101101
00101110101
00000000111
11111110101
11010101010
00001101101
11001000111
10111111000
01110111001
10000111000
10111011011
10100110100
11001000001
11010010111
00011001010
10010100010
11110010110
01101001000
01010110111
11111111101
10010100000
00000110111
10001000000
00110010111
11101000010
11111110001
10101101100
01110000110
00011010101
01001011010
01000011001
00010011000
00000010010
00011111010
00011100000
10101100011
01101001010
11101100111
11110111111
11000111010
10111001100
11111010110
11010011001
11011000001
00111010101
11101110101
01000110011
01110101111
10110100100
11011100010
00000100000
11000111011
00101111111
01111001111
00010001000
10101010001
01100110000
10101101001
10001010100
10100010010
10011110010
01011000011
00100110010
10110101111
01000001100
00011011011
00000000110
01000111101
00000010101
01011101010
10110010010
00110110010
01110111001
00010110001
10000011110
00000010100
11001101100
10010000000
11001000100
01100011100
00100001001
01101001001
11100111011
11010100111
11111101100
11101110011
10001110110
10011010000
01111101010
00100101101
10110011100
10001100001
00100111010
00001000010
00100100111
10001100011
01001000000
00111101101
00100101011
11010010011
11101011110
00000010100
01111000101
01110100100
01110001011
00011111011
10001110001
11101001100
11110000011
00110010101
01110010011
10100001011
11101000110
01110010100
10001101100
00110110000
11001011111
11001000100
01110101011
11100001001
10001001000
01011100000
10110110011
00000011001
00010101011
10001000101
11111110001
10001001011
00001011001
00101001011
01110100110
01110110001
11100000010
10000101100
00111111010
11000111110
00010111100
01000011001
11000001111
11011111010
00110110011
00000101000
01000001000
00111001110
00111010001
00100001110
11010010001
01101101101
00010011100
10010001101
00010001111
00111000100
01001011000
11001001111
11101000011
00101001010
00101010111
01101101111
11010100001
11110011000
11000100101
10001100110
01001101001
11111100110
01000101011
00111000001
00110000011
11101011110
01100001101
10010110101
11110100001
00100111110
11000100100
11000001100
01011000000
10111000001
00001111000
01100101000
10011110010
00000011101
01110011100
10010110111
11000011100
11010100011
01011100010
00001011101
00010100100
01001000001
10001011001
01100011101
00101111110
00001100011
01010001110
00000101011
01000001100
10000111010
11010101010
01011110011
01011100101
01101001010
01111101101
10001111010
00101001001
11000110011
01110000010
11110101110
01100100101
10000000101
11110111000
10001010101
00010001000
00101000100
10001110110
10000000010
00011010100
11011000011
00010001000
01001011001
00010010101
11010110101
10011111110
10100110010
00111101111
10110110010
11001001001
00100001010
11111001100
10111011101
10101100000
11101001011
10010011100
00000001110
00101111010
10010101111
10011111111
11010001110
11111110010
10001000001
10101000110
10111101101
00000001110
10001010011
01100111000
01011001011
00101100100
11111011100
10000001111
00101111010
11011001110
10010010011
10110100111
00101010001
10100011111
10110010001
11010101100
01000011011
11010011101
11111010010
01111000011
10110010111
00011010110
10110100011
11000101111
01100000100
01010001110
00001001011
11011110101
11100001011
01000111110
00010101101
01110000110
11000100100
00100111110
01111111000
11001011101
11100001101
11010010101
01000111001
11111000110
00010000010
01101110100
10101001010
10111111010
11011011101
00110000011
00111110001
00100111010
01111110001
10100111101
11111101011
01001000111
01010110010
00011110111
11100000010
00010000101
00011100100
11100001111
00111011111
11001110111
10101110111
10010011001
01000001010
00000100101
11100001101
01001100011
01111010110
11011101101
11100001010
10111011011
01111010001
00110100011
10010011110
01000000111
11001101010
00111011001
00000001111
00111101011
01001101010
10000011101
01101101110
00100011011
00111001000
00110110001
11010110100
00110111011
00110000000
11111101011
10100000101
01010100000
10110100100
11011100101
10101001100
10110100111
00100010001
10000110010
00111010100
00011111000
10000100001
10111110011
10010001011
10000000110
01000101100
01100000001
11011110111
00111110011
01101000010
11101001100
01000000011
01100010010
10000101101
10111000000
10110000111
01010010101
01110010101
01100011001
01110100111
10100101111
11001001101
01110100101
10100001010
00000110000
11100110111
00101110001
11101010110
00110101010
11001111100
10100011000
10111100110
11100110110
10101011100
11101100101
01101100101
01110011110
10011001011
10110011010
10001110000
11000010011
11110101111
00111100010
01011111010
00100010111
10100000001
10111001000
00101001000
00001100010
01100100000
11011100110
01001000110
11111110001
10000000111
10010111101
00010100110
01100010000
00000011011
11001101101
00010010111
10010111101
01110000000
01111010100
00001101001
01010001010
00100110001
11001010111
00001100101
11101010011
11010111011
00001010010
11100000101
11101111100
10100010000
10001010001
00101111101
11100001101
00110011111
00000110010
01110101101
00011010011
11110111101
10101111010
10000100010
01010101010
10011101000
10111001010
11101111101
11011001001
10000001000
01011010010
11111000011
11111010000
11000000101
11101010010
10000011001
01000001001
00010010010
11101100101
11111110111
01101111011
00010101000
01101000111
01111001001
10100010101
00010001011
01101010010
01100011000
00010111101
01100001001
11100010100
00101011000
10000100110
10110001011
10011001000
00101011001
10101011111
00111101101
01010001010
01011011100
10010100101
00000010011
01101100110
10100010110
10001110010
11011111101
00100101010
10011011110
10110110110
10000100100
01001000001
10010101001
10000001000
00110000000
00110010101
00101110010
10110010000
00010100100
00100010010
10111100010
10000011100
01111000111
00111011000
01100001000
01100000011
00011110111
01000001001
01000111011
10101001111
01110111111
01001110101
00001010110
01110110011
10001001001
11001000111
10001111100
01001000011
10111111010
11001101001
11001111001
10010011110
01111110101
01000110010
01001101000
00011011101
01111100000
00010111111
10001001101
10100001000
00011111011
11011011110
01000111111
01111010001
00011100001
10100111110
00100110101
11101100110
10100001111
11011010101
10111101111
11100000000
00110001001
10100101011
11011110001
11111101010
11111110111
01111101101
10010101111
10011110110
01000100101
00111110001
11010001100
10011100111
10101010011
00111000111
00110011101
01100010011
01110001111
00111001101
11100101000
10011101111
01110110000
11100110001
01100010001
01101101100
00111010100
01100111000
10110100100
11010100000
11001001101
01001111000
10111010111
10101000110
01111110001
01000011010
01110111001
11001101001
10111001101
11101101110
00011010111
00001001111
10101011011
01001001101
10011101000
11010110011
11101010000
00001111110
01100011010
01110011011
00011110000
01011000010
00001010001
00010001000
01000010111
00011001110
10001010110
00011000000
00011111000
10111110101
10000001001
10010010110
01011110000
10110100011
10101101010
11100010110
11011011110
11110110111
00110010100
01000010000
01101011011
00010000000
00110010011
10001110111
10010000110
10110100100
00111001110
10010111101
11110011110
11010110110
00110001100
00100111100
10100110001
10101100010
10010111101
01100000101
10000101111
00001100011
11000001110
10101010000
10011111000
10110000010
01111101001
00111011101
01111111110
11110011001
00110011110
01011111001
11100001111
10010100101
01100101001
01000001001
10101010111
11011001000
11001110100
00101010101
10111110111
10010111100
01100000011
10011101101
10000111010
10101001101
10110110011
10010111100
10100110010
11110110101
11001111000
10001000001
00110000010
01011111101
11011000100
10001110100
11101101001
10110000110
10001010101
00110010010
10100111101
10011000010
11010011001
11110101111
00011101011
11011111000
10101001110
00001001101
10010110001
10001011110
10011111000
10100011100
01001111110
01000000001
01100101101
10000000111
01101110001
00100010000
01100111101
01001010111
10101010010
01110000011
10100010110
11001010001
00010111100
10000010001
11111001101
00000100111
11100110000
10101001111
11100010000
11011011110
10111011001
11111110000
11011101000
01000001101
10110011010
10100110010
00111000110
00000110101
00000000000
00110111110
01110110111
00011110111
01101001010
10111000101
10110000100
10111101011
11010100100
11101101010
00110001110
00101111110
00010100100
10010110110
10010010001
00011100110
01111101111
00111001110
10001011011
01111010101
10011011100
01000011111
01111011110
11101001100
11111000001
01111010110
00010011111
11100110101
00110001010
01100011001
01100100111
01011100110
01011010011
01000111010
11101010110
00100101001
10110100000
11011001010
00001000001
11000111011
11101000001
01111000010
00111110101
01111001100
10110100101
10011001101
10001100000
11110000100
00100101111
11010000101
01000110110
10011000111
00010011001
11011000100
00111101111
10110010101
01111010010
10101000010
10100001001
11101111101
10110110100
00001101010
01011000101
00110110111
01010101001
11111000010
10110000010
00010100001
00001100001
01011101111
01010010001
01010001101
11111010000
01100100001
10010000111
00100100000
01111000101
11110001000
01000111111
00110101001
11110111101
11101100110
01000101101
01000110010
00110101011
00100010110
01001100000
10101100010
01001100011
10101101000
10011100010
01010100001
01110101110
01110001000
00110101111
00000011010
01110101000
10001000011
10101000110
11010110001
10111111111
11011101000
01011100011
01110101001
00110101011
01000001101
01101100111
10011110110
10010100110
10001000001
11110101101
00001100101
01101010011
10100111011
10001101101
01110010001
11110101011
11110000011
10100011001
11100001100
01110000101
10111011111
01011101100
11010101000
01011011010
11011100010
11100100011
00101111011
11110100101
10011001111
11011011110
10011110001
10001110100
01001000010
10000100110
11010111101
01001010101
10000110000
10010110010
10100010111
11011100100
11011010100
00111101101
01111110100
10011100110
01011001000
11011000010
11100010010
10000001100
10111101111
01000100001
01000010110
10001011111
11010001010
10011001011
00101100101
00110001001
01000001001
01100011000
01100001001
11111011110
11011010001
00111110110
00111010100
11010110010
00001111010
11010000011
01111101110
10100111000
11111111010
01111010100
10111111001
01110001001
00110111111
10100001101
00011101010
11110111010
01111110001
00100100101
01111001011
10000000010
00101010000
00010101110
10001000110
10011010010
00000110011
11011101010
01101100010
10001000001
00110110100
11101010011
00100101101
00010000001
00011101011
11100010010
01011111110
10000101110
11000101000
11101111010
01000101001
01010000110
10011101011
01100000001
11111100001
11011100010
11010011011
00000101010
11010001011
11010101111
11110001101
10000101011
01110001111
00111010110
00010100011
00111001001
01110101100
11110001110
01000001010
00000111110
11100110110
11000110100
00010110111
01101001101
10000111110
10110000010
00010010000
10111110111
11011000001
11101100010
01100010010
01000110101
11011001110
10110011011
00011101000
01101111100
01000100001
11001101000
11110000000
00001001101
00011110001
10010001010
10111000010
10111101110
10100011000
11011100011
01111101011
01000101010
00011110101
01100110001
10100010101
00111011101
00101111001
01010111010
00101110100
01001101000
01011110100
10010101001
00001111001
00000011101
11000010111
10010010100
11110001000
01001000011
01111101001
00000000000
10101100111
00010000111
00010001111
00110011011
00000001010
10010011110
00111101000
01111001010
10111111111
00101101000
01100100010
11101111111
11011111101
11110110101
10111111111
00111010010
11110110111
11100000001
01000000011
00101100000
11000010011
00110000100
11000100101
10101110001
11000101111
11010110001
10000101001
11110101000
10100011111
00111010111
11110000010
01101000000
01101001110
11011100100
00000001000
10011000000
01011001100
11011011111
11010001010
10100101110
11101110100
10100010010
10010011011
00110101010
00111000000
00111001100
11010110110
11010100110
00001101100
10011111011
10000000001
01001101110
00100101111
11101101100
01010111100
11001101001
00001011101
01110110111
00001100101
11101110101
01001101110
00000111000
11011111011
11011101100
01011000001
11000011010
00110010100
01110011101
10101111010
11100111111
10100010001
11100101111
11010101100
10001101110
01010111100
10100111000
01101111001
10100001010
10100011001
00011000100
11001111001
10111101001
11010011010
01110100111
10110001101
00110110101
00011010110
01010011010
11101011101
10100111111
01000110110
00111111111
10011010111
11111110001
00100000110
10110000110
11001100101
10010101011
00010100100
11100111111
01101000100
00100001110
10111110100
00000011100
10100001010
00011010001
10100100100
01111000111
10000000010
01011000101
11001111001
11100011111
01110110110
00100101100
00001111110
10001110001
00010011100
11101001101
10010110000
11001001000
10010111000
10111000101
10001110101
11101010101
10001100110
00110110011
10011101111
01000011110
01100110101
11110101010
11101011001
11110100001
01101011011
11110101011
00101110001
00110110010
11101101001
11011110001
10001010000
01111010110
11100010001
11011011111
11011011000
01011001001
10010111000
01110111011
01000100100
11101100001
10001101111
10111100100
10000000011
11010011100
11101010001
11111100110
01100111100
10000011111
00111111001
01011001100
01101100111
11100101000
01111000110
00000100100
10100110001
10101100111
01101101100
01100111111
01110000010
11011101010
01010100111
01000011010
11010001110
11001111100
11011000010
11111010111
10100100101
10110010111
10110010001
11010000010
10000110011
10011111011
11110101000
01110010001
00101010000
11101011110
10011101101
00001101100
10110001010
11100001100
00000010110
10011011111
11000101010
10001101010
11010110110
11101010111
00010100100
10011110100
11010100011
11101110110
00101000110
01111011101
01000010001
11000111101
11110011011
10010011100
11010101101
11000110010
01001011011
10011000100
01000001001
11000010100
00110000100
00101111110
01101011111
10111110110
01001111111
00100000011
01000000011
10111011101
10111110101
10001100100
01001100010
00101001011
11000011100
11000011000
10010100011
01100110101
11110111001
01001000000
11111110111
01101101000
11001100000
00000010101
01001110101
11101101111
11001000110
01111010001
10010000010
00101000110
10000111000
11101000100
11111000010
01100110100
00010100111
10101010011
11000100000
11111111010
01100001000
10001100110
10111010110
10010001110
00101101110
10101000100
00111010010
10100101101
00101011000
01100011100
01101001010
11110100010
10011110101
01100001110
10010000110
00100111111
00001101001
00100001111
10011110001
10110011110
01111101110
00100101011
11110110111
01100001100
00010101111
11101011001
11001011111
00011000101
11100011111
10011001110
00111001100
10100001100
00001100101
11110100100
00110100110
10010110011
10101101110
10110000111
10000000101
00111110110
00001101010
11101110110
01100001010
10011010111
11000001000
10010101001
11000110001
11001101011
00101110100
00000100001
00111011000
01111100011
00011101011
11100100000
10101111011
10001110000
10110011111
00100110111
11110001110
10011111000
00111101101
10001010011
01011110010
00011110111
11000101110
01101111101
00111101010
00010011011
10001011100
10111100110
10111001001
01000111001
10010111110
00101010111
10101110101
01010100101
10001100101
01110011111
00101111011
00010101111
00011110011
10111100101
01111010001
11101010000
01111101110
00101000110
11010101011
11100100010
00000110011
00110011110
11000101011
00110111001
10000010001
01100111101
00111111110
00011000010
10000101101
00111101101
10011111101
10011001000
01111110011
10000100100
11100011001
10100100010
10101100000
10000001111
01001111000
11001111110
01011011101
10110011110
10001000000
01001100000
01100100110
11101100111
10110100100
11100101010
00110111010
01001101100
11000001110
01011110000
10000011011
00111111011
00100101011
11101011110
01111101101
11111100111
11100110100
00001111111
11101101000
11011110101
11110011011
11110000001
11100101010
00110010000
11001100111
11001000100
00011011010
00111010100
01010000001
11001000000
10110100011
11011010101
10110110011
10110111010
11001101000
10100100011
11101100111
00100101111
10100111110
01100001001
01110101111
10010111110
00010011000
01001000111
10110110100
11011101011
01110001101
01010100011
01101111010
10100001100
11011101110
11000000010
10001100011
11010000100
01001010111
11110110011
10111011001
10101110100
01100001000
01100101010
00111001000
00011101001
10011011110
11000101010
01111011100
10101000110
00001111100
00111111101
01100100011
11001001011
01101110111
11011000010
01111101101
11011110100
10011000111
11000100011
00110110010
00110001001
10111111101
11110110100
01001111111
00111010100
01010111010
00001010010
10001110001
10010101111
11101001010
11111111011
11110001110
11110001010
11000000010
10100011100
00001001100
01101011000
10110111010
01110110110
10100010011
00101001110
11100111011
00010010100
11010001101
10010011110
01010010100
10010100101
00001100101
10111100101
00001000101
