01001010000
10101000000
01111110000
00110000000
10111100000
11010110000
01110000000
01011100000
11000100000
10110000000
11100110000
10100110000
00011100000
01110110000
01000100000
01000000000
11000000000
10011000000
01000110000
11001100000
10110010000
11100110000
00101100000
11001110000
10011100000
01100100000
10111100000
11001010000
01101110000
11011110000
11110000000
11001000000
00110010000
11000000000
01011110000
10110010000
01010010000
10000100000
00011010000
10111000000
01011110000
10100000000
11000100000
00011110000
00011100000
00000110000
00001010000
11011010000
00001010000
11011110000
10100100000
01110010000
00001010000
00000000000
10101000000
01010000000
00101010000
01101100000
01001010000
10001110000
00010000000
01000100000
01101000000
10100100000
11011100000
10100100000
00101110000
10110100000
11100110000
10100010000
00101010000
00010010000
11011000000
11011010000
11100000000
10011100000
10100000000
11001010000
10111100000
10110110000
00010010000
11010100000
11000000000
10101100000
10011000000
10000110000
01110010000
10100000000
00010000000
10110000000
10100000000
10010010000
11110010000
01111100000
11000000000
00000110000
00100000000
10000000000
01000100000
10100000000
01000000000
10011110000
01111110000
01011000000
10011000000
11000000000
11010010000
00010010000
01001010000
01001000000
10101000000
10111000000
00000010000
11010000000
11101100000
01100110000
10000110000
11101100000
10110100000
01011100000
10100100000
11111010000
11110000000
11001000000
11011110000
11010000000
00011010000
01110000000
10010110000
11000100000
10101100000
01110110000
00110100000
01100100000
11001000000
10001110000
10000100000
10100010000
00101000000
10011010000
00111010000
11110100000
10101100000
11001110000
01000110000
01110000000
01110010000
00010000000
01010110000
01101100000
11111000000
00001000000
01100000000
11111000000
10011010000
10010100000
00110100000
10100110000
11110100000
00110000000
11101100000
11001000000
11010100000
00111000000
01101010000
11000110000
01001110000
10111100000
00100100000
10111100000
01100100000
10101100000
00000000000
00010010000
10111110000
10001000000
01000000000
11010100000
10010100000
10010100000
10000100000
10100010000
00100100000
10010100000
00001100000
01001000000
11110110000
01101100000
00011000000
11101000000
10000010000
10000010000
00111000000
00101010000
01010110000
01001110000
01101110000
10001000000
01110000000
10011110000
10010000000
00101110000
11010010000
01110110000
11010110000
11100010000
01010000000
10101100000
01000110000
11111110000
11101100000
10000100000
00000010000
10101000000
11010110000
10011100000
01001010000
10100000000
11010110000
01101010000
01001000000
00101110000
11110100000
01101100000
10001010000
10100110000
11110110000
11111100000
01111010000
11011000000
01010110000
11101110000
00101100000
10010000000
10000100000
01110100000
10011010000
11100110000
01111100000
11001000000
10111000000
10111100000
10101010000
10001010000
10101110000
11010110000
00001100000
01010110000
10110110000
00100100000
00000100000
11111100000
00000110000
01100100000
01011010000
01001100000
10111010000
10110010000
10001010000
01101100000
01110100000
10101100000
11100110000
00001010000
01000000000
01101000000
10000100000
00010000000
00110000000
01010000000
10000010000
11011010000
11101110000
11111000000
10000110000
00010110000
01010010000
10100000000
11011110000
01011000000
10011100000
11111100000
11101010000
01101010000
10101110000
11010110000
01100110000
00111110000
01110100000
01001100000
10110110000
01010110000
01010100000
01111100000
11101000000
00001000000
10010000000
11100100000
11001110000
01011110000
00000110000
01011000000
01100010000
01010010000
00101010000
10011010000
11000000000
01111100000
01110110000
00101010000
11101010000
10110010000
10111000000
01000000000
00000110000
10001100000
11100000000
00110100000
10011100000
00111100000
00100010000
11110010000
00101000000
10110010000
11110110000
00010010000
01111100000
01000110000
00011110000
11010110000
11100010000
10110110000
11111100000
00001010000
00001000000
01110000000
01111000000
10001110000
00110000000
10100000000
10000010000
11100110000
01111110000
00011110000
10000100000
10111100000
11000110000
10011100000
11101000000
10000100000
01110100000
00111100000
11110010000
01110000000
10111000000
11111110000
01101100000
00110000000
11001000000
11110100000
10011000000
00110110000
01111000000
01111000000
00111100000
01010000000
11001000000
10100100000
11100010000
00001100000
00001010000
10010100000
01110000000
01011100000
00011110000
10011000000
01010000000
11101100000
11111000000
01111000000
10111010000
00011110000
00011110000
01111100000
01100100000
10001100000
01011010000
10110110000
11111100000
00000110000
00010110000
01101100000
00010100000
11111000000
01101000000
11011110000
10010010000
00110000000
11011000000
10011100000
11110100000
10000010000
01000100000
00011010000
01001010000
11001110000
01110100000
01000100000
00101000000
10101100000
10111000000
10101010000
01101100000
11101010000
10110110000
00100000000
11000110000
01011110000
01111000000
01001000000
10010100000
00000110000
01110010000
01011010000
01000100000
11100100000
11000000000
11100100000
11001100000
01000000000
01110010000
01111010000
01010010000
10110010000
10100010000
01111100000
11000010000
11101110000
00100110000
00100010000
01111100000
10101110000
01001110000
00111010000
00010110000
10011010000
00011100000
00110010000
10100010000
01110010000
01011110000
10100100000
00000000000
00111110000
11111010000
10100000000
11001110000
00111000000
11110000000
01111010000
10001110000
11001000000
11011110000
11010000000
00111000000
01011110000
01100100000
10010100000
00110100000
00110010000
11000010000
00001110000
00101000000
00011010000
01101010000
10011010000
01110010000
00000010000
00101000000
11011100000
10011100000
11101000000
00110100000
10101100000
01010100000
10010010000
10101110000
01001100000
10111100000
11111000000
00011100000
00011110000
01001000000
11001100000
10001010000
10000110000
11010100000
01011100000
10010110000
10100100000
01011010000
11100000000
10010010000
11010000000
10011010000
00111100000
00110000000
11101010000
11111110000
11010010000
00110100000
10100100000
00100010000
10101010000
01010000000
01110100000
00010110000
10011010000
01010100000
11011110000
01001010000
11110100000
10110000000
00111100000
10010010000
10001010000
00000000000
01011100000
11110110000
11101010000
11001110000
11110010000
11110010000
11011100000
01010110000
01101110000
11100010000
01101110000
00010100000
10110010000
01100010000
10001100000
10000000000
00001110000
10110110000
10001100000
01101000000
11100000000
11001110000
10111110000
01000110000
00011110000
10100100000
10100110000
01101110000
01011000000
10101100000
00011000000
00011100000
11000110000
00110010000
11111110000
01010110000
01011000000
11110000000
11110110000
10001100000
01101110000
10101010000
00101110000
00101100000
01101100000
00000000000
00011110000
11100010000
00111100000
00000010000
11001110000
00110100000
01000100000
00010100000
01100110000
00000110000
01011000000
00000000000
00111000000
10100010000
11010010000
10001010000
10001100000
00001100000
10000100000
01011110000
10111100000
01011000000
01110100000
01000100000
01000100000
10111100000
00000110000
00100110000
01110000000
11011010000
01100010000
11100000000
10000100000
11011110000
10001110000
01101100000
01110110000
01111100000
11100000000
00110110000
11001000000
01100000000
00000100000
00111000000
00100000000
11111010000
11001110000
00111000000
00110010000
10101000000
10111100000
00101110000
01011000000
01010110000
01110000000
01110010000
00000000000
10100100000
11101110000
01100000000
00101100000
00101010000
10111000000
10000100000
10010010000
10010100000
11111000000
00110010000
01011110000
00001110000
10111110000
01111010000
00101000000
11001110000
11011110000
01001010000
00011110000
01001110000
10110000000
01111100000
11111010000
00010110000
11100010000
00001000000
11011100000
01011000000
01111010000
11111010000
10111100000
10010010000
11101010000
11111010000
01010100000
11010000000
10011000000
01100110000
00110000000
00010010000
00010100000
00000000000
10011100000
01010100000
00010010000
11101100000
00001010000
01001110000
11011110000
01100000000
10101010000
00101000000
10110000000
00010010000
10111110000
10001010000
11000100000
01011000000
11010000000
11111010000
10101000000
01001010000
11101010000
01000100000
00110110000
00001100000
01101010000
01101000000
00110110000
01111010000
01000000000
11101110000
00010110000
11011010000
01101110000
10110100000
01101110000
00100000000
01001110000
01100100000
01111110000
01001100000
11011100000
10000000000
10100000000
11011000000
11001010000
00001000000
10011110000
10010010000
00011100000
00001110000
11000110000
00010000000
10100010000
00101000000
10001100000
10000010000
11110010000
01111010000
01000010000
01110100000
11000110000
10111100000
01010110000
10010010000
00010110000
11010100000
01001110000
10110010000
00010100000
00101110000
10001110000
11010100000
00111000000
10010110000
10011100000
11101010000
01101010000
11001100000
00101100000
00101010000
01111010000
11101000000
11110100000
10001110000
00010110000
10000110000
10001000000
01100010000
10000010000
00010100000
01010110000
11010100000
00100100000
01110010000
01111010000
01101110000
00000100000
10000110000
11111110000
00110110000
11010100000
01000110000
01100000000
01100010000
10011010000
00110000000
01111000000
00101000000
10000110000
00100100000
10101110000
01101010000
00100100000
00111100000
10001010000
01101000000
11000100000
00011110000
11101010000
00101000000
11111100000
00111000000
00011100000
01000110000
00110110000
11110110000
11011100000
10111100000
01101010000
10110100000
10010110000
10110010000
01111000000
01000010000
11111010000
11100010000
11010000000
01000010000
01101010000
00110010000
11000100000
10110000000
10100110000
01111000000
11100000000
11110100000
01000100000
10101010000
11010000000
10000110000
00001110000
01000110000
10101100000
11110000000
00000100000
00110110000
01001100000
00101110000
10001010000
10000100000
00001100000
10111000000
11000010000
01110110000
00110010000
01101110000
10010010000
01110010000
10111110000
10101010000
10001110000
10110000000
10011000000
10101000000
10101100000
11011110000
10000000000
10001010000
00011000000
10100100000
10110100000
11111010000
00100110000
01100100000
01011110000
00000100000
01010100000
01100100000
10001100000
11011010000
00011010000
00100110000
01001000000
10001100000
10101010000
01001100000
11010100000
01101000000
11001100000
10010110000
11011100000
00110100000
00001010000
00001010000
11010010000
10010000000
10011010000
00010110000
00100100000
01000100000
01000010000
11011100000
00010000000
11010100000
00000100000
01110100000
10010000000
00000110000
00100010000
00000010000
10001110000
01000110000
11000010000
01010100000
01010000000
11010010000
01001000000
10010110000
01111000000
11001110000
00010100000
00011110000
01111110000
01010100000
01001110000
00100110000
01000010000
00000110000
01110010000
01101100000
10000000000
11011010000
10111110000
00101010000
10001110000
11001100000
10100100000
00101010000
01110110000
00101100000
01100100000
11001100000
10011000000
10001110000
01111000000
00111100000
01001110000
01000110000
10101110000
01101000000
01011000000
10000110000
01001010000
01000000000
10110000000
00100010000
10000000000
01000000000
11001110000
00001000000
11011110000
11000010000
00011010000
01010010000
01011010000
01110110000
10101010000
00111010000
01110110000
11000110000
11111110000
11001110000
11001000000
11111110000
01000110000
11101110000
00111100000
00000110000
11101000000
11000010000
00001000000
10000100000
10111110000
01001110000
01000110000
11001000000
00100100000
01001110000
11001000000
10010010000
10100000000
11001000000
10110100000
01000110000
10001110000
01100010000
10101110000
01100100000
00000010000
01010000000
10001000000
01110100000
10111010000
10101100000
00000100000
00010110000
10010010000
00001010000
11100100000
00001110000
11010100000
10000110000
01010110000
10100110000
10100100000
00110110000
11011100000
01011100000
10110010000
00000010000
00001110000
11101110000
01011100000
10000000000
00110100000
01000100000
10101000000
11011100000
01000010000
01011100000
10000100000
10000100000
01000110000
01001010000
10001110000
11100100000
11100100000
10010110000
11111100000
01001100000
11111000000
11100110000
01111010000
11011000000
01101100000
11111100000
11101000000
10011110000
11011000000
10000110000
11101000000
10011010000
01101100000
01000100000
01100100000
01001010000
10111010000
10011000000
11011010000
10111100000
01100010000
10010110000
11000100000
01011010000
11011010000
10100100000
10010110000
11010100000
01001100000
10111000000
11011110000
00110100000
01110100000
10001110000
00010010000
11110010000
10010000000
10101010000
10101000000
00010000000
11110000000
10110110000
10111010000
11010100000
11001010000
00101000000
10000010000
10101010000
11110010000
00111100000
00011010000
10000110000
11111000000
11010100000
01110100000
00100000000
01000010000
11011100000
10010000000
00001100000
01110000000
10010010000
00011110000
10000010000
10100000000
11101100000
00001000000
10101100000
10000010000
00011110000
10001100000
11011010000
10010110000
00100110000
01000000000
11110000000
00111110000
10101100000
10101010000
11010000000
01100010000
01110000000
10100010000
00001010000
10100100000
11011100000
00110010000
10010100000
00100100000
00101010000
11100100000
11001000000
00001110000
01110100000
11110100000
11101100000
01010100000
10110110000
01110010000
01101000000
00100010000
00100110000
00000100000
10101110000
01111110000
11001010000
11101010000
11110110000
11010100000
00010010000
11000000000
11011010000
10000100000
00101010000
11111000000
00010010000
00100100000
01111010000
01010110000
01110000000
00100000000
01100100000
10110010000
10110110000
00010010000
01110000000
10101110000
11001000000
10011000000
00011010000
01100010000
01010100000
00100110000
00101100000
11010010000
11101110000
10011010000
01101110000
01000100000
00111010000
01011100000
10100100000
00001010000
00001010000
01110000000
10010100000
01000100000
10111100000
01100100000
10001000000
01000010000
00001100000
11101000000
11110110000
00000100000
10001110000
10001100000
11111000000
01101100000
01000110000
00001110000
10011010000
00001100000
00011100000
01010010000
10110110000
10010100000
10010000000
01000000000
10011010000
00100010000
00100000000
00000100000
01100100000
01011000000
01111010000
10010000000
11111100000
10110100000
01010000000
11100010000
00110110000
10111000000
10000100000
11001100000
10101100000
01111110000
11010100000
00100010000
00001000000
01010010000
01011000000
10011010000
01110010000
10101110000
00011100000
00000000000
10100010000
00111110000
10010010000
01101100000
00100010000
10110110000
10101110000
10010110000
01011010000
00101010000
00011000000
01011110000
10110100000
01001010000
11101010000
10011010000
11001000000
11000000000
00001010000
11110010000
00110000000
11110100000
10101110000
01010000000
01011000000
00101010000
01000000000
00110000000
10011110000
11110010000
11110010000
00010000000
00000110000
00111000000
01110100000
00110110000
10100110000
01110100000
00101100000
01111100000
10110000000
00001000000
01011100000
11100110000
00101010000
01100000000
10001100000
00101000000
01001010000
00110010000
00010010000
00011010000
01001000000
01001010000
01111100000
00101100000
11110100000
11000100000
00110110000
00000010000
10001110000
10100110000
11111110000
10110100000
11001000000
01000110000
00000100000
10110110000
10011100000
00101000000
00011100000
01011100000
11010000000
10100100000
11000000000
10100110000
11110100000
10111100000
00100010000
10110100000
00001100000
00011110000
11110000000
10111000000
01000010000
00100110000
01010000000
00000010000
01010100000
00111000000
00111000000
11111000000
01111110000
10001100000
10010100000
00001010000
00001010000
01000100000
11011000000
10111000000
11101010000
00111010000
10110100000
10100110000
00010110000
00111000000
00100110000
01001000000
01111000000
11101000000
00110000000
10101010000
00100110000
11100100000
00001100000
11110110000
11100010000
00000110000
00111000000
10000000000
10000010000
00100110000
10110010000
11111010000
01110110000
11010010000
00101100000
10100010000
10110010000
10111000000
00101110000
00100000000
10111010000
01011110000
10010110000
10100110000
00111010000
10101010000
11101000000
00110000000
11010000000
11110100000
00110000000
10010110000
11100110000
00110000000
10011000000
01010010000
10101000000
11101100000
10000010000
10110100000
00101000000
00100110000
11100000000
01001100000
00110110000
11101100000
11001010000
01110100000
10111100000
10010110000
10011010000
11010100000
01100010000
01011010000
01110100000
11101000000
00100000000
01111100000
01110010000
11110010000
00110100000
10101110000
11110100000
00000110000
00100100000
00010000000
00011000000
11100100000
10011110000
01110100000
10101110000
10101010000
01111010000
01011110000
10110000000
01001010000
00111100000
00011010000
10001100000
01101010000
00111100000
00000010000
10101010000
01110000000
11010010000
01101110000
10101000000
10110010000
11100110000
10111100000
10111000000
01111110000
00011010000
01001010000
01011100000
01010110000
10000110000
00011010000
01100110000
00111010000
00011100000
01011100000
00100000000
11010100000
10000100000
01000110000
11110100000
01110110000
11100110000
11110010000
10010100000
00001010000
11000100000
10101110000
10111000000
00000100000
10010010000
11100000000
01001100000
10010110000
11010110000
10101010000
10001010000
00110110000
11101010000
01101110000
01000110000
10101000000
11111000000
11011000000
00101100000
00010010000
11101000000
10110010000
10101100000
00001110000
01101110000
10101000000
10011110000
10110010000
11100000000
00111010000
10010000000
01000100000
01111000000
11010110000
10011100000
00100000000
11001000000
00101100000
11000110000
11101000000
01000110000
00010100000
11111010000
00101100000
11111110000
11111010000
01001000000
00111100000
10001100000
01010010000
00100100000
00010000000
11101010000
00100010000
00000000000
11010110000
11100100000
00010110000
11000110000
11010110000
00110010000
00101100000
11001000000
00001000000
10100100000
10101010000
11110000000
11010110000
01011110000
10100000000
01010010000
00011100000
01010000000
11110100000
00000110000
00010110000
01101010000
00001000000
01110000000
10101100000
10011000000
10111000000
00011010000
00111010000
11000110000
10010000000
00100000000
10111110000
11001110000
10011000000
00100110000
01011100000
11110010000
00111110000
00000100000
00101010000
11000100000
10000110000
00000100000
11101100000
01011010000
00011100000
11111100000
10100110000
01110100000
11100100000
10110000000
10110100000
11000110000
00101100000
00101010000
10010000000
01010110000
11110110000
01000110000
11010010000
01010100000
10110010000
00011100000
10011000000
11110000000
00010010000
01011100000
11001100000
00001010000
00100100000
00001110000
00011010000
10010010000
11000100000
11100110000
10100010000
11111010000
11000100000
11001110000
11101010000
11111100000
01111110000
00010000000
00011010000
10010110000
01111100000
00000010000
11000000000
00101000000
10010010000
10011100000
11111000000
11001100000
01000010000
01010110000
11000010000
11111010000
11010010000
10011110000
01000000000
00001010000
11110000000
01011010000
00000010000
00011000000
00111010000
00000000000
00001110000
00001100000
10001100000
11110110000
00111000000
11000010000
01010000000
01010010000
10000110000
10110010000
10010100000
11010010000
00000010000
00000110000
00101100000
11110100000
11001010000
11001010000
10100110000
11011100000
10101000000
11000110000
10100110000
11000110000
01100000000
11101100000
01000010000
00001100000
11101000000
01111100000
11100010000
10100010000
01100110000
01101110000
00111000000
00011000000
00001010000
10000000000
00101000000
11010110000
00100010000
01101110000
01000000000
01011010000
01101100000
10111100000
11011100000
00010010000
10011010000
00110110000
01101100000
10011110000
00100110000
10000010000
01011000000
00110010000
00011100000
10011010000
10101110000
00111110000
01101010000
01000100000
00010000000
01011100000
01110110000
11100000000
11001100000
10011000000
01110010000
00100100000
01001100000
11001110000
01010110000
11000100000
11010110000
11101000000
10001110000
11101000000
01101010000
00010000000
01001000000
01001100000
10100000000
01011000000
10110000000
00001100000
00110000000
11011100000
10011100000
00100010000
10110110000
01100010000
00001100000
11100110000
01011110000
11011100000
00001000000
01011000000
00001100000
11000010000
11100000000
00011000000
00010010000
00111000000
11111110000
01011100000
00101010000
01010110000
00110000000
11110100000
10111010000
01000000000
10110010000
10100010000
10000110000
10011100000
01011110000
00110010000
10111110000
10111000000
01100010000
00101000000
01110010000
00111010000
00001000000
11100110000
00101110000
00111000000
10000110000
01101110000
10110010000
11011000000
10100110000
00010010000
11110100000
10000100000
11011110000
00100100000
11001010000
01001110000
00011100000
01101010000
11001000000
01010110000
10010000000
10100000000
10101100000
10000110000
11010110000
10011110000
01001010000
11111010000
01010010000
00001110000
11101010000
10111010000
00011000000
10100100000
11011100000
01000010000
00010100000
11011000000
11110100000
01101010000
01001110000
10010010000
10111010000
10010000000
10111000000
00001100000
01001010000
10100000000
10011000000
00001100000
01011000000
11111110000
11011010000
11110110000
00010010000
00100010000
11111000000
01110100000
01110100000
11110010000
10000100000
00001000000
11011110000
10000000000
01101000000
01001100000
00100110000
01100110000
10110110000
11110000000
00110010000
01010000000
01010110000
11110110000
11111110000
11111000000
11100000000
00000100000
10000100000
11100000000
00011110000
10100010000
00111000000
11100100000
11010100000
00101000000
10011110000
11111010000
00001110000
10101010000
00111100000
11100110000
10010000000
01011010000
01011110000
01001000000
11111010000
00011100000
01111000000
00101000000
00011010000
10010100000
11111110000
00100000000
10111100000
01000000000
01101010000
00011010000
10001010000
01111010000
11111110000
00010000000
00010100000
00010010000
00001010000
00011100000
01100100000
11110100000
11110010000
10011000000
11100000000
01100000000
10100110000
01010010000
10001000000
10011100000
01101010000
01011100000
01001100000
10000000000
11111110000
01001000000
00011000000
10001010000
11111100000
10010010000
01011000000
00101000000
11101010000
01100110000
10111110000
10111100000
10001010000
11011110000
01101010000
10100010000
10101100000
01010100000
01101110000
00100110000
11000100000
10010010000
11011110000
10001100000
01001110000
00010000000
00000000000
00000100000
01010010000
01011100000
11101100000
01010110000
00110010000
00101010000
01111100000
00001010000
10000110000
00111110000
10101000000
00001010000
10100110000
10011110000
00001100000
00001010000
01011010000
11110000000
00010100000
11010000000
11101110000
11111100000
00111100000
00100110000
10011100000
00100110000
10011000000
10001010000
00010110000
10001110000
10111000000
10110010000
01111000000
00111110000
01000100000
11001100000
10101110000
00101100000
01000110000
10011000000
01101010000
01011110000
00001100000
01011110000
11110000000
01000110000
01110100000
11010000000
10111010000
11100000000
10111100000
11001000000
10001010000
11011000000
00111100000
11010100000
00100010000
10000000000
01011010000
00010000000
10000110000
01111100000
01100110000
11100100000
11001010000
10101100000
11010000000
10101000000
01111010000
01000010000
00010010000
11000110000
10100000000
00110100000
00000100000
01010000000
10000000000
01111000000
11111010000
00011100000
11011010000
01000110000
10101000000
10001110000
00111010000
00100110000
10110000000
01110110000
11111010000
11100010000
01100000000
11100110000
00001100000
11011010000
01110000000
10101100000
10101000000
11011100000
10011000000
01111110000
01111010000
01111010000
10110010000
01100110000
00011100000
11011000000
11111110000
00101010000
11111010000
00010100000
00011000000
