00011100110
01111001110
01001110100
11010010010
00110101011
10101001110
10100011100
11001010111
10110110101
00101100111
10101100111
11000001001
01000001000
10001010000
11010001110
00001111111
01110010010
11000000100
01000110000
11111101101
00101001101
01010111101
00101011101
10101100100
10100001001
01000111110
00110110110
01010101101
11001110111
11111111010
00111100000
10001100111
00011011010
11110001111
01011000110
11001101100
11111000000
00011001000
11010000010
00110101101
00101100101
11011001100
10101001000
11011011111
00111001001
11011000000
01011001010
00000000111
00101011000
10000111000
00011111101
01001101101
00100110011
10001101000
00011011001
00110010101
10010010111
00110001011
10001100100
10110111000
01110001111
01010100101
00001011011
11101010101
00101011011
10111000001
10010011000
00010111001
01100010001
00101000110
01010101100
00010000100
01010101111
01111111101
01100011111
00111100110
01011001101
11001110111
11111000101
00001101010
00000000011
11011011110
11000010011
00000010010
00100000111
01001011001
00111110111
01101100011
01010000110
10110100110
10110001110
01001001100
01001011110
10001001110
11110111111
10101001111
00010110000
10101001111
10000100010
11001010110
01100110000
11111101011
00100101001
00011010001
10101010101
01000011010
00100100011
01001010011
00011101011
10001001101
01000001101
01010001001
11001101100
10010111001
11111000100
01011100010
01001110001
01001110110
10100001110
11101101011
10010101000
11101000110
00001110110
01110001100
11010010011
00010011010
00011011000
10011000010
00011000010
10001111101
00100100001
11000101110
01101001000
10001011011
00100001011
11100101111
01110111011
01110010100
11001011100
01100011001
01100001011
10101001101
11101000110
11010111111
11010010011
11001011011
00001100010
11011010010
01101101001
00010001101
10110011001
00110000010
01111001111
10011110111
10100100110
10110010100
10010110001
10011111000
00001111111
11011001100
11100100000
10111001111
01000010001
00001111011
11110001111
10111010001
00111110100
01110111111
00000001001
11010110011
10000110011
11100011001
01000011110
10010001101
11000001011
10111000000
00000001100
01111111111
00000101100
00100010110
00101101110
00010101001
00110110010
10101000111
10011111001
00101101101
11010010110
10000000010
01101100011
10000111100
01011000101
10110110101
11110100111
10001100001
11100010111
01111101111
01110111000
01101001001
00100101011
10010010000
01001011010
00111011000
00110111101
00111000000
00101010101
01100010111
11111000101
11101011111
01100101010
11100101011
00001101110
01110000110
10011111101
01011110111
01111101100
01101011011
11100100101
01001111011
01001001100
10000001011
11111010000
11110101101
00001111111
00001001000
01001100011
10110010010
01001011000
11110100000
11010100111
00111011100
00100110000
10010100001
01100100101
01111111100
00101010001
01000101100
00111111011
11001110101
00101111111
11101110110
11111011011
00010101010
00100110111
10101011101
11100100100
01011100001
00010101001
10100010000
11010100101
00110001010
01110111000
10100000110
11000000000
01011110011
00010100010
00010010001
10111000000
00000110000
01011100111
10101000010
11101001110
00011011110
00110010101
01001101001
10100100101
01010000110
11011111000
01101111010
01111010000
11001000001
01110001110
11011011011
00010000110
10010111100
10000100110
11101100111
10010010001
10110111010
01101010000
01000000010
00110110010
10010010010
11010101101
11100011110
01010111011
10010101011
11000100110
00010101010
11111011110
00101001100
11000000110
00111011010
11011101011
01110110011
01110011101
01100111110
10110010001
10111101001
11011110000
00100111110
10010110000
11000101011
10110100111
10000000110
11101100100
10001001111
01101111100
11001000101
10001011001
10010000100
10110101110
10001111110
11101001001
11111011011
00000010011
00000110000
00010011011
01001001111
01101110111
00100110100
11011011000
01000110011
11100001110
00110111011
11011010001
10110001110
10100000100
11101011000
11101000110
11101000010
10010010001
10000100000
00011110001
00010010100
00010010100
01100010001
01001000011
00010001101
11010110011
11001011010
11001001000
00001100111
11010110011
10000011000
01010011001
11001010111
11100011110
10101000110
00110010010
11011011111
10111110000
01101111010
00111011100
11001010111
01111101100
10100110001
00000111001
01001010101
00101000011
00111011001
11111001101
10011111110
01001111110
11010101110
11000001100
11010100110
00011001100
01000100010
10011111100
01010100011
01001100110
01100011010
00000110001
11010111010
11010110110
00011010001
10100100101
01010111111
00010001010
10100011000
11001101101
01010000111
11100110001
11010011000
00111010010
00001101000
11001101111
00010011001
10001010100
01001111011
00111100000
01110110111
11111000010
01110001100
10100100010
11001111011
11001110000
10001100111
10000111011
10111110010
01110010111
10010000100
10111110011
10111010100
11001001100
00101011100
00111011001
10111100010
01010101110
01000010101
10111100010
10000000100
01010101010
11011001011
00000001000
10000000101
10001111010
11011111111
00001000011
00011011101
00110100100
10101110001
11101010001
00110100110
11101010010
10001000100
10111010110
10110110111
00100011001
11100011010
10110000100
00111111011
11011100110
01001111111
01011010010
01001011011
10000000110
10010101110
01111101100
11010100110
11111011010
11010111010
00011000110
01000011000
00101011000
10101101000
00010010101
01010110110
11111011111
01110001111
10100010111
01100000011
00101100111
10000011000
11110101010
11000110010
11110100110
01001011011
01100000001
01111110101
11101101011
01011000001
10010110010
10110100111
00100111001
10010100000
01100111000
01100100011
10100110100
10100001111
11110000001
11101111001
11001011001
01111111101
01010101011
10000111100
11010000000
01010111100
11000101110
01110101100
10010100000
00100011110
11001010011
10001011110
11001100010
00100110100
11001100100
10100101001
10100110001
00000011001
10010000111
10101010111
00011011101
10101001100
00110110010
01011011001
00101000011
01000100011
00100010111
11010001011
10010010101
00110010101
10000101100
10111111010
01100000111
00011001111
01101110100
01111100001
11111000100
00100101111
10101001000
11101010100
01111000010
00110011101
11010100011
01100110010
01110111110
11010000000
10001000000
11000111011
00001111000
01100011101
01101110000
10001011101
10011101110
11001000011
01101010000
10011101100
01001101011
00011110101
11010101001
00001101001
01111000000
00100111111
11001111110
11010000001
10110110110
10111110001
00111001011
11110101010
11100110100
11110111111
11000001000
00001001001
00001000000
00000101010
01011111100
01110101001
00111101111
01100011110
11110101010
10101111011
11010001100
11011001010
01100100111
11000110000
01011111100
00101001011
00101001011
10001010000
00011010110
10110100101
11000011011
10011100011
11111101001
10101010010
10011001110
11101100010
10101100111
01101011110
00010010001
00001001101
11100111001
00111101101
10000001100
10001110001
10110000010
00000010110
01011110100
10110000011
01111110000
00101001111
11011111101
00101010101
01011100101
00010110100
01101010101
00011101110
11011110101
00001110001
11000001110
00000001011
00000110010
10000110110
11010101000
00110111111
00100110010
00110101110
01010101010
01011111111
01100001001
11010010100
10110011000
01011001110
11101001001
00101100000
11011010011
10011101110
10110100111
00000111101
01110111000
01110001001
00101110110
10110100101
01101000100
00110101111
00000010101
01010110011
00010000000
00111100100
00000101000
11111011011
00000100001
11101100110
00000001110
11100001001
10000000100
11110011010
11011101011
11011000110
01000101111
11000000001
00010100100
11101011000
00100110011
11101001101
10101101011
01100000111
00010010110
11010001101
00111011001
10001000110
00101010001
11101011010
01001100101
11111001011
10111011000
11111101100
01101111001
10100001001
11000110111
01101101100
00010010011
01001100010
00001001010
10111110110
01001001111
10111100100
01110011101
01000000111
00001010101
01000000111
11010111111
01000001101
01010001100
10010100011
01000000001
00010101000
11000001100
00001100101
00000011010
01000110110
10100000010
10010100011
01011100110
10001100011
01101001011
10101111000
00101011001
11000101001
10011111110
00001100110
10101010011
01010000000
11001111001
10101001000
10100110100
11101011111
00110000110
00000011110
00110110000
11100011001
11001000100
00101101011
11110101001
10111111100
01110000011
11101101100
00011100000
00001000100
11110100110
11000101101
00000000001
11110100001
00100010101
01101101100
11001000000
11010011010
01001010000
10111110011
10101001000
01001100001
11001011000
00110100101
10110001000
00101001101
10110001011
10110010110
00110101110
00011111110
00001010101
01100010011
11011111110
11111010100
01001010101
01001001000
00000110010
10101100000
00111110010
10011111011
00011001110
00111110101
11010100100
10101101001
00100100111
01001000011
11000011001
10101000111
00000001011
01101001110
10011111100
01000010100
11110010101
11111100010
10110101011
11000100000
11101100101
10000111111
10110000110
01000100000
01111000011
01100100110
10110101000
01111110111
11001110000
01010111100
01101101101
00111111101
10101100011
00000011100
10001010000
11001101011
00110111111
00001101011
01111101101
00001010000
11100000101
10010100100
10010110000
00011110111
00000100011
00000101010
00110001010
11011011001
11011010001
00100000100
11110110100
10011101111
00010001011
10111000010
01101000010
01100001010
10100111101
00101100111
11100001001
01101011100
01001101001
10001010000
01101011100
01110111011
01011001101
11101110110
00001010011
11100110111
00000111110
10000000100
00010111011
01011001001
01001001011
11110001000
01100100001
01111101100
11110111100
00010111010
01010111100
00111110101
00001100011
01011010110
00111111001
01000011010
11100111001
01110110110
01110001001
00001110111
10000011111
11011101111
11000011101
11001010110
10101001110
01110000011
10110010110
01110100100
01100000011
10110001010
01011000110
11010110110
01011101101
00000011101
01010001000
00010001010
01001101110
00000111111
10110100000
00000011001
00010110111
11101010111
00100101010
01001101011
10011110000
11101111101
10100000110
00001011111
00111110000
00010111100
00000101001
01001000110
01101100110
11000101111
11000000001
01001000101
01100001110
01100100111
11001110010
11110101010
11111010100
10000100000
00101010000
01010101110
00011000000
01101100110
00110111111
01000011100
01110010000
00101001010
10000010010
11000001000
10101001001
00011000010
11111110000
11001110011
10010101011
00110000000
10001000111
00101111011
10011000111
00111011110
00101100011
11011101100
10001010101
11110010011
01001000011
10111000001
10111011000
01011111011
11111001110
10000110011
11100010011
01110001110
11000111011
11100111101
10010110111
10001011110
00101000001
11101001000
00101111000
01101010100
01110101001
11000010111
01110110011
00100101100
01110011100
01110001111
11000000010
00100000010
10101110101
11000010001
10101010110
01001110111
11011001001
11011001001
01000101001
01111010110
11001000110
10111001011
01101010010
01011110100
10111011101
01011000011
10000011111
01000001001
00010110111
11101101000
11011110100
00011110001
00011011110
00010010110
01011010111
00010011001
00100010000
00000111110
10000111000
00110101000
10101000100
00101110000
01001011001
11100111000
00101010100
10111010111
10111000010
01001011011
01101110011
10110101100
00001001000
01101001100
11000001110
10011101010
10110011100
01101000110
00101101001
00001011100
11111000000
01101111000
01100001110
00001011110
00111011000
10100101110
01100100010
00101111100
00110101100
01101011010
00010110101
00001000011
11010101011
00110101010
00101010110
10111100101
00101001000
11011010101
10101001110
10000011000
10111101000
11000000011
11101011100
10010110110
11010001011
00011101000
11011100100
01100001000
11011011000
01001110010
01100101101
11011110101
00001000010
10101010111
10000011111
10101011001
11101101101
10100101011
11010110100
00001110110
10000011110
10000100001
10110011111
01000111011
00110111101
00011010110
00100110001
01011001010
10101011010
00000000010
11001010111
11101001100
10000011001
10101100000
11100100100
00001010110
11010011111
01111110011
01110010101
10101011100
10100100111
11010111110
10000101011
01010111100
11101011000
10000001001
10101110101
00100011011
10011001101
01111010100
01111100011
01011100110
00100101001
11101110110
11111000000
01001011101
01011000001
00110011000
00011110110
00111111001
00100100001
11010101000
00101101100
01001110011
01101111010
01011011000
01100111110
00000001010
10010000001
11000001001
01011101101
11110111001
11001001001
10100100100
00110101001
01001000001
00101000101
01110100010
01001100101
10110101111
00001111001
00001010110
11100110001
11011100010
00100100000
01001010100
11100110001
10110111011
00111001101
11110110011
00000001111
10111000010
10011000100
01111110100
00001011011
10010000111
11000100010
10100000011
10000001011
10101110100
11111110000
01010110001
00010100111
11110101101
00101101000
00101000010
01001011111
01101110010
11100111111
00001001110
11011001001
00001101010
00101100000
00010100110
11010000111
11111010101
00101101001
11101100000
11010011101
11111110000
00111000011
01101001011
00101100001
11010011010
11011010100
00000011110
00100000111
00000111001
11011010111
10101101010
01001101011
10011001010
11000000111
01011011001
01001001011
10100001011
01100111110
11000111111
00110110001
10110110100
01010101110
01010100001
01001001000
01001111100
10101100000
11110110100
10100000010
01000100100
10011100000
10001100000
01110110010
11111001000
10010111010
11000100000
11010100001
01101000101
10000110010
10001000101
11101111000
11101001011
11111110100
11011010100
01111010101
00101011110
11000110001
01100110000
01110101100
10000010010
11010011110
00010011011
10000001011
00110011110
01110111110
10000000011
00111110010
01110001111
01110010000
00100100000
11010011110
01010101111
11011000101
11100110011
11000001010
10001100111
11001100110
00010011100
00101000100
11011011111
11001000100
00101101110
10000000111
01001010000
11001010010
11010101110
10001011000
10101011001
00000101111
00110010001
01011110101
01110110100
11101001101
00101010011
01000101101
10010100100
11011000110
00001111001
01111111011
01010110111
00100001011
11011100111
01111001001
10110010100
01011111100
00100011001
00000100000
10011001001
00110011001
00011001001
01111110101
10010011110
10110011101
10011000100
10100001000
10111010001
00100101101
11000111100
00101101110
01010001010
01000001000
01100010001
01001110010
01000111010
10010000010
11101111110
11100100100
10010100111
10011000101
11000001001
00001000110
01011010010
01000110011
00100100101
10111010001
01100011101
00001110000
10001110001
11000101011
01111010000
10111010000
01000010110
00010011101
01101100100
11110001110
10011011011
10001011110
01110100011
11110011001
11101010110
00101101101
10100111011
01001110101
01101111000
10100011010
01010111010
01101000110
00001110011
10100100110
01011111111
01001111001
10101000100
00111011111
01011101010
11011011001
10010101100
10000111011
10110001111
10011001011
00000000010
10000110010
00110101110
00001011111
00000111011
01011101000
00000000000
10101001110
10101101001
10101110000
01111111011
00011001001
11100010111
10000001110
00100111100
01010100101
01111111001
11110111001
11010100100
00110000001
01111010001
00010000000
01000011000
00001001111
01110101010
01010101000
10001001100
00011010010
01111011100
00110011011
00111010100
00101110111
01011101001
00100010101
11000101110
11110110110
11110110101
01111010001
00010000101
01101001001
10100111101
10111011011
00111110011
10110001110
11101000011
00100111011
00110000110
11110110111
11011011011
10111000010
11100011001
00000110011
01110111110
10001101011
11100001110
10001110100
00100101101
11000101001
11001011110
11010111101
11001100111
11101101000
01111011011
11011010111
01001011000
01011001111
10100100011
10001010110
11110011000
00111101000
11010101101
11101110000
10011110101
00011110100
11001101110
11110101000
01000001001
10111101010
10011100110
00010011100
11101100101
10110000010
11010101101
10011100111
01110001001
10001110110
10001011111
00100000110
01100001001
11010111011
00000010111
11011101001
11110110001
10011100100
11011010010
11110000010
00000010110
00110000100
01101100111
10101000011
10101110011
01010011001
00011111110
01101001100
01111111110
10011101110
10101100101
11001111101
00101010100
00111011010
01011010001
11001000011
01100000100
10000100001
00111110100
01100110111
10011111101
10011100011
11011111110
01111100000
01110000100
01100011010
01111100001
10100010010
01001011101
11101100101
10000101010
10101111111
01011010100
10011101011
01101011111
11000011010
00011011011
11111111010
01011001111
10010100100
01100011011
11010110111
10110001111
10100000100
01000001110
10011011100
11111100100
10100000110
11110001010
11111000011
01101010100
01100110000
00010010110
10010010010
01000010100
00100111100
11010100100
11111101010
11110000000
11100111010
11101101000
01101000110
00010000100
10100101010
01010010110
00110110010
01011000110
00010010011
10100100000
01111011101
00011011011
10001101000
11111000111
11111111001
01101011000
10110000101
11011110100
00101010110
10100010100
11111111011
11001111001
11001000011
00001101000
10011110000
11000101110
00001100111
11101010101
10100111110
10011101111
01110001101
11101110010
01001101101
10110100000
10011010110
00111000100
00100000111
00111000010
11111111101
10111110100
01100001111
10110110010
11100010111
01010010001
11101110111
00000010111
01110010000
10101000110
01110000001
10010101010
11100000011
10000101111
10110001010
00100010001
00000110011
00111111000
10010001000
11001111000
10101111111
00111101001
11111000100
01110011001
11000110100
10000111111
10000101111
01010001010
00110010000
11011010111
00110000011
00001111001
11001010011
01001101110
01100001110
10010010010
10000101010
10000001000
01100101101
11010100000
01011011001
01010100111
01010111111
11111001111
00111011100
10010010110
10011010100
10000001001
00100010110
11111100000
01101001001
11111101011
10001000010
11110101100
11111111001
10000110010
00100011011
11111010010
10000010000
11000110100
10111101000
01100101111
01010110001
10100011100
10111111101
00101100110
00011011000
10101111011
01100101001
10101000100
00011101010
01001001100
10001001101
10110011111
00011111100
11001010100
01011010000
10010001011
00100010100
11011010001
00010111001
10110100000
01101101011
01000011001
10010110100
11110101110
10010001001
10101011000
11010101101
10111101000
00000010111
00110000000
01110001011
00000101111
11111001100
11101110001
10000001100
10001100011
00011100011
00101011100
01011010110
11110111000
00010110110
10010011000
10011010001
01001111100
01010110010
01100100100
10010110001
01100110010
10010011010
01110010101
10100001110
11111011111
00001101011
11001110000
10110101011
10010001010
11000010011
00001010110
10011011011
10001000100
00001001100
01001100100
10010001010
00010111101
11000111001
00100000010
11110111111
01111011101
00101101101
00100101010
10100100010
11100010010
11111111001
11000110100
00000000010
00000011001
11101111111
01001111000
01010010011
10110101111
11001011001
01110011100
11000001101
01010011101
00110111111
10111111110
11000000101
01000000101
00101011001
01010001100
11101001110
00010100101
11001000100
11110100101
00110001110
10100001110
10010111011
11000111000
01010110110
00111001011
10100001111
00000110111
10000110111
11111000001
00011100111
01010100111
00100100100
10100001111
11101011011
10000100000
00000110100
11101001100
01001011010
11001101011
01101100010
00111011010
11110010110
00100110110
00011000100
11001011011
11000000100
01001000100
01111111111
01111101001
00111100100
11111011011
00101111101
11010100000
00100001110
00110000001
11001110101
00110001101
01001100101
11110001101
11110000000
10101001010
00111000001
01010000011
00101001111
00100111110
10001111000
00101111101
10100001010
01000010000
00110001100
00011101100
00111111110
10000110110
10111110000
11000100000
11100000111
10011111010
11001111010
11001010100
10100100010
10111001100
11110001011
10100100111
00101110110
01001100001
00101001110
01001101011
01111011111
00001010011
01110110001
11111100000
01001011001
10101001000
10011010001
01000011001
10011001001
11001111111
00001011010
10101011000
10010111111
01101010111
11001100010
11111110100
01110100001
10001010010
01111001110
01000110100
01111010111
01001010110
11000100011
00110000001
00000101000
11001000110
10000101010
10100111111
11100111100
10001101100
11101110000
10000010000
11010111100
00000001010
11101001011
10110111011
10111010000
11011101100
00011001011
10011111101
01100001010
11100110001
11111100010
11111000111
10111001010
01100111111
00000001101
00100111101
01111110111
10010111101
10101110100
01100111011
00011101001
00111101010
11010111110
00001011011
00101000000
01101100101
10000000110
00111000001
11011100111
01100101000
10011011100
00000110010
10000001001
11000001011
10000000001
11111110111
00110110001
11000001000
01011111110
01000101001
01100111100
11010010010
00100100010
11000001110
11000100010
10001101010
11011101101
10100101001
10111101100
01000000011
01001010011
10000011010
00101100010
10100111001
10001000100
00010100100
10101001001
01001010100
11010111010
11011010110
01110101000
01101111000
01111111101
10100001000
01101000110
00100001111
01001111100
11010010100
00011010111
00110100110
00100011111
11000111010
11110001111
01000101001
11100010000
01100011101
01110001110
01000110110
11011001011
11111010000
10010000110
11111100101
01000000100
11001000000
10101000000
01100101100
11001000100
11001110100
11100100001
10100110101
11010101001
11110000110
10000110111
10100100001
11010010110
10001110101
11101100001
01010001001
10111000110
01010111100
01011011110
10111100110
00110110100
10100001110
01001010010
00010011010
10010010111
01011110111
11110100011
01101010010
11101101011
11011000010
01010100110
10010001001
10010111101
10011011110
01010101010
01101000000
11110111100
11011001101
00100000111
11011111010
01000111101
01111010100
10111000010
10000011110
00000011010
10100111110
01010110010
00000110100
01011110010
10011010000
00101000000
11010000110
01110110011
01011110011
11101000101
01001100101
10100000001
00011111110
11111000000
00110110110
11101100001
01000000100
00111101111
00110000001
10111110001
10000101010
10100000101
01111110100
00000111110
11010111101
10111110101
00101001001
00000000110
00110101011
10010100001
00100001010
11010110100
00101110000
10100101011
00111011110
10111101100
00000010111
00101110100
01100100100
10110100101
11011011110
11011111101
00000100011
10101111010
11000111110
00110000110
10100111000
11010001001
11111010000
11111101111
11110110001
11011011101
10011001100
11001100000
10000111011
10011111111
10000110000
01101010110
00101010101
11000001001
11001011000
11110110011
10010110001
11001110000
10011010101
10010110001
01011100100
00111101000
10000101000
00101101010
00110111111
10011101100
01101010110
00000001010
11110001000
00010010100
11110011001
11110100110
01111101001
00001010000
11110101010
00000110100
01000000111
11101110000
10100101011
00101111011
01110001011
10110111000
01001101111
00111110001
00100111101
00011100110
00101111101
00010101111
01001011111
01101110110
11010110011
01100111010
10000001000
10111101101
00010000110
01101101100
11110000101
10010111101
00010110111
10000111001
01100111001
11001100111
11101000010
01101011011
10110010010
11011111100
01000000100
10111001110
10011111000
01110101100
00001101000
11111011111
00101101000
10011111010
10101111011
00101001100
11001010011
00010101011
00001011000
11000011001
01010010011
11001000101
10010100000
00110011010
10010100001
11111010111
01001010011
11101110001
11110100111
11100000011
01010100111
01001100011
01101001000
10111010101
11100111101
01011010110
10001100101
10010000111
01000110110
11111101010
01111101111
10000101000
11111100101
11000110110
01000011011
01011011011
11001101010
10101111101
10101001110
10111001000
00001010100
11101110100
11010011000
01011101001
11101100011
01101101011
01100101111
11110100001
10010001000
11111011010
11110011111
00111110011
11011111111
11110110001
10000100100
10011111011
11100011011
11010001001
10010110100
10011011100
01001110011
