11011110010
01000010010
00111010101
10001000110
10110010111
00110001011
01100111000
10010110000
11110110111
11111101101
11011000001
01000000010
00000010110
01001010110
11010001000
01101010010
10111001010
10100010110
01111101100
11010000100
11001010000
10100111101
10100010101
10100000001
01000110111
01001111110
00110100101
10100111010
00001110110
00000100100
01110000100
01111101001
11100010111
11000011011
10110110011
10001000000
01110001111
10001111100
01000110011
10100000011
00010001001
10101000010
10010011111
10001110000
11000100110
01111111100
00100011111
00001101101
10111000110
11011110000
11000010000
00110100100
00101111111
01011100101
10000001100
11000100111
00101110010
00111101111
00010110101
11110100100
00010011011
10011101100
10110111001
11100010111
01110011110
10001101010
00011000101
11111100000
00101111011
11101000100
01001100110
00000101101
11001000111
10111111101
01100000111
00100111110
10110001110
01011101001
00010111001
01011000011
00110100111
11000000101
01000110100
11110000110
11110001011
10100100101
01110101001
11010011001
11000111000
00011001011
11010101010
00101110001
11111010111
11011011001
11100100000
11010010110
00010010100
11000110100
11000010010
00010000100
10100110100
10010001110
10011000100
01111111110
01100010110
01001100100
01011011001
00111101001
11101010011
01110110111
11011010101
00011011011
00111000011
00101111000
11011001000
11100010011
11000101100
01100011100
00001100101
01101110001
01001101010
01111010111
01011110111
01110000110
11101111001
11000100000
11000011100
10011000101
11000011011
01011110000
11110111001
00010011000
10011101000
01010100011
00110100110
11000110000
00111010101
11001001100
00110000011
00110011011
10101110100
11101101111
00001100110
01101000000
10110110011
10110010111
10000111000
10001110111
00111101010
11110000110
00010000011
11000111000
11011000000
11010101011
00010011100
11001100001
10011100100
00011000101
00010111001
01100110011
11010001100
00100110101
11111011001
10001010011
00101100100
11111011010
01010100001
11010011110
01011100110
01100101010
01010000001
10010011110
01111011110
00101010100
11001100110
11010001000
00100011101
01010001001
01001000001
10000000000
01010110110
00111110101
01000100110
11111100001
11110010001
00110010001
10100101000
01101110111
01100001100
11101001010
11001000100
11010001101
10110110110
11110101111
00001001101
10111010111
01111110100
01100111100
00100000101
01011010010
01000001101
11000111100
10101000111
00011011010
11110100011
00110100100
10011101111
10100101110
01011101110
10110010001
10101110000
00001101010
00100000000
10000110101
11000000010
01000111000
10110010111
11101000110
00101001110
11011111001
00010101100
01011101010
11011100011
10110101001
10001011010
01101110111
11100111011
00001111011
00111000011
01000101010
01001111111
10100000101
11101101100
00000000000
00111110010
00101010100
00000001001
00101001101
01111000100
10101101101
00110000000
11111001010
01010010001
11011000111
01010001011
00101011010
01110010000
10010100111
10100001011
10100000011
00010001010
10101011100
00001110001
11111111001
10010000110
11000101111
00011000010
10011000100
00011011010
11010010101
01101111110
01100101011
01000000011
01111010111
00110011010
01101000011
11000001100
11010000110
01000111011
11011111100
10101011100
01011101000
00000010001
00001110011
11010011110
11100110011
11110011100
11000000011
10011101111
11000011010
00111110111
11001101001
10011111001
10110000001
10101000101
11011000001
10010010010
01010111101
10111001010
10011001001
01001100101
01000111101
00101110001
11111001111
00101001010
01110111001
10111110011
00110111100
10011000101
01011111001
00111000111
01000011000
11000000010
10001011100
00110100011
01111000110
11100110111
11000001101
00110000010
01001100110
10101101110
01001101011
11010110100
01010011010
11101001100
11001101011
00011110010
11010100100
00010101111
11001100110
01011001011
11001110101
11100001110
00010100011
11100111000
00111111011
01100100110
00101100101
10111101000
00011110001
00010010000
01000100111
00000010111
11010111000
01111101111
01000011101
11111111000
01001101110
00001001000
00001011111
10000111011
01010010101
01000101111
11110001001
00000010010
10110011011
10010111100
11001100011
01000010110
01011011111
11010101111
01101010000
01000100001
00001001100
00000001111
01111100110
00000011011
10000110001
10101000000
00101010000
00001010111
10000011001
11100010011
11101001001
00101100100
11110011011
11111011110
10110101110
01010110110
11110110110
00000010111
10000010100
01000010010
10100010111
11111111101
01101111100
10101100000
11011010110
11101001011
01111100111
01101001111
01111110000
00001100101
01110111111
00000101111
10110101000
00100101100
10100100110
00011100010
10111100111
10001101001
11101001100
11000001100
00111101011
10101100010
11101100100
00000101111
10001100111
01010011000
01110010101
10001000100
11000110101
10000000111
00000101010
00000101001
11100000000
11011111100
01101001101
10101000010
10111000110
10001001100
10111100010
10111010100
00101101010
01111111110
00110011001
01001010001
01001000111
01011001110
11010111000
01110100010
10111101000
11001101100
00101011011
00010000111
11100011010
11110100100
01110111000
10101110001
01001001110
11010100110
01110111111
01100000111
10101100101
00110010000
11010000110
11111100010
01011010101
10110010111
11000001001
01101110101
01010110001
01001100010
11100001110
00000111101
10111100010
01001100110
01101000000
11000011111
11010110010
10010001000
01111100000
11100101010
01010000111
11001010101
11110111111
00110011001
01010011010
01000000010
11101100101
00100010101
00011010110
10101011010
10110110000
10011011000
01101000000
11111100100
10110110101
00101111101
11010101101
10101100100
11111001001
00010010000
11101011111
00111010000
11111101001
11111101001
00101111101
11011001100
10000001001
11110001111
11001010000
01001011010
10011101001
01011101000
10011011011
00100000101
11011001000
01010111000
10111111011
10000110000
01100011110
01111001001
11010000100
01110101000
00101010110
00110111001
11010000111
11110111001
00001101000
11101101011
11111001100
10101110000
01000011000
11010111101
11101101101
00000011000
00100110000
00110111101
01010001001
11001100111
11111001111
10010111010
00011011000
11110011011
11111010110
00000010110
01000100101
11111110000
01100101110
01001010101
11101110001
01101101000
10111000011
01111101100
01001011111
10100111001
00111100101
01000110111
01010111110
00100011011
10001100110
10001101001
11100001010
01001110011
01011000011
01110000001
10011101000
10101010101
11101011011
00100111111
10110001100
00011111101
00011111101
01111010101
00000011010
00101101111
11011110111
00011011001
10001011011
11010001001
00110101011
00100000011
11000000101
10101001001
01100000010
00000111001
00010110001
10100010101
00011010111
01111101111
00011001101
11011101101
10111000100
00011111010
10110010110
00001011101
10101010111
11110110101
11111000100
11001010111
01000011100
01101111011
10100010111
01100101101
10001100010
10101101110
10001011111
11111110101
01100101110
00010001000
01100101000
11110010111
11111110110
11111010101
10010001110
11101010101
01010001100
00011111110
11110110001
01010011110
11010000100
10110010111
00101000010
11001111010
10110111110
11101111010
00100101001
11000101111
10001011000
11010110011
10110101110
10101011101
00101101001
01010101111
11000100001
01111001010
10011110001
00000100001
01110001100
00010010010
01010001101
11101001010
11001010111
10110111011
01010001011
01111101010
10100000111
01111101000
10001010000
10100001110
00111010100
10110011110
10100101001
11001001011
01000001100
10001111100
11101011010
11011100100
01010110101
10100110100
00100001110
00001010011
10000010001
00100000011
00001101001
00010010000
01101111001
11011110111
10111111110
00000011001
01100100110
01110101101
01100111010
00101101111
00000111010
01000100100
00010001110
01001001110
00000100111
01010101101
10101111100
01001111110
00110011000
10010111101
01100100100
00010111010
11001000011
01100001110
10100011001
00010001011
10101001111
11001010010
11011000001
11010010011
00000111110
01110011101
00000000111
11110100001
00101010010
10001001111
10111001010
00000010001
00001101111
11101010101
01101001110
01000110101
11000011110
11010011100
10000111101
11010000001
11001110001
01111010111
11001011011
10001110101
01010010111
10011110101
00000011001
01101110000
01101011101
11000001001
01010010011
10110000000
00101111011
00111000001
00101111111
00101001111
01100100010
01101001001
00011100001
11001100010
00011000001
11101011101
00111100010
00110100011
10010100011
11111101111
11110110111
10101100100
01000110100
00011100110
01001110011
10001110001
00001101110
01011101011
11100010110
00100100000
10111000000
10010110100
11111110000
10101001100
01111111000
00000010101
01000011010
10100010000
01100011001
01000000100
11101111011
11010001110
11100001001
00111011000
01001000011
01110111101
11100010110
11000000010
01101000100
00001000110
00001001010
01111001100
10001010010
00101011101
11011111010
01010100100
00110110011
11101100111
11110100000
01110001011
01011001000
01101110101
10110001011
00000101110
10100001110
00110101001
01111011100
00101100100
00010010001
00010001101
01101000110
10010110100
10101011111
01100011001
00011001100
01111110110
10001010010
01101011010
10010101101
01100010100
00100101110
10011000110
01100011001
10111011001
11011010000
01110000010
10101000001
11010101110
11111000100
10001111000
10010000000
01101110010
01100100111
11000100111
01101111111
01001111001
00000011100
01100011101
00101010001
11100110100
10010101100
01100011100
00011010110
11001010101
01100011100
10111111001
11010101100
01110011011
11010001001
01011010010
11000100111
01010101110
01011001010
00100010100
11101000011
00011110000
01011100011
00100100110
00000110011
10001101101
10101100101
11101111001
00100101101
11110011101
00010001101
00110101010
11100011110
01011100111
11010001101
01001000110
10111001110
00010001100
11000000110
10110111101
11011011010
01100100011
11010010100
11101000010
11110111111
10000011100
01111011001
11101111111
11000001110
01010100010
10001110111
00110100100
11100000111
00010110001
00110011001
01110111111
10010011100
00011100011
11101110111
01100000011
00010100011
01011100101
00100001101
10111111110
01000001111
10000000011
11100010000
10110111000
10011000110
00101111000
01110100110
01001100110
10111110011
11011011011
00000111000
01010111110
11010001010
11110101111
11001110110
10110011000
10100001110
11100101011
10011001010
10010001101
01001110000
01101110110
11001110010
11110111000
10000101111
00001011101
00101011101
10101100011
11010101000
00000010101
11111000010
00100111110
11001110010
10101101111
01100101101
00011100011
00011001001
11001101010
10101101100
11101111011
10000010100
10100010010
00111111100
00111101111
01011100101
00100100011
00001011100
10000010010
00001101001
00000100101
10110100001
11010011011
00100101111
01010110011
10110111101
00110111001
01110110111
01010100110
01011000010
01000100110
10010100010
10001101010
10011110001
01100001101
10010010010
01101000111
00110000011
01100000101
11010000011
10111010011
10001001100
11100101110
01100111100
00000000011
10010101100
01010010011
11110010101
10101100100
01010100101
00011101011
11010100001
11011101011
11010100101
00000001010
01111000011
00010100111
11001111001
11001110110
01001000001
10001001000
11001111111
01010001101
11111111100
10100000110
01010010011
11111011000
10000100010
01001010011
11010100101
10101101110
10010010101
10101001100
11001100000
01001000001
11100011100
11001100011
11011000100
01011101010
00000110100
01001000001
10111110111
00001100001
00101001000
00000011011
11101110101
10010000101
01111010100
11011000001
10011111111
11010110001
10011010000
10110100101
00111110011
00101001000
11100000111
10010100001
01011110011
01000000101
10010001010
00001011110
11110100111
10111111000
11111100011
11000111000
00010000011
00011010110
11100111111
00110100111
11010111101
01001110101
10110011101
10110011100
10001001011
10011110000
00000011111
00000000011
10010110000
10011011011
10000100101
00110101001
11110000110
11111011010
01111110111
10101101001
00101000001
11011001001
11001001110
01110000101
00111000000
01111010111
00010101001
00011001000
11010011110
11000010100
11001100010
11011111101
11110100111
00111011100
01100001111
00101110011
01000001100
10001111110
01001000000
00101111001
00111110111
10010110101
00011111010
00010111010
11111011000
01111000010
00010101110
00001010011
01011100101
01011010110
11100100101
01100110100
10000000001
10100101111
00010011100
11010100110
01001001001
10111101000
00110000111
10101001010
00010100001
00110111110
00111001010
00011010011
00111111111
00010001000
00100100111
11100011001
11110001110
01001011010
00111111101
00001101001
01011111100
00110110110
01101111101
10100111101
11010011001
11000111001
01001101011
01110001111
01000000100
01101111000
01110110011
01001011111
11110011101
11110011001
11001101000
11100111011
00011111001
11111110010
11001010000
01101010110
00100010111
01100101011
11010000011
00011110010
01101110110
11001101010
01001011011
00111011110
01111011000
11011100101
00011010111
00010010000
11001011101
01100110010
10001111111
11000000101
10000111000
11111101000
11011111000
01111111111
11110000110
10110111101
11101001000
10000011011
11101100111
01000011011
10101100100
00001000001
00111110011
00001111011
01111101101
00011100000
10000010100
00001010010
10001010011
00000011101
00111001001
11101000111
00000100011
10111100110
01001001001
01000110000
11011010111
00101101100
00011100110
10111100001
11000010101
10111111011
10100000001
10111010000
00000000000
00001100010
01000001000
00011001110
10000000101
11000001110
11111001110
10100101110
00011110010
00001000111
11010010110
10110111011
01001101011
10011110000
10011010110
11111101110
01100011111
11001011010
00000111111
11011001011
11011011011
11101111000
10001000010
01110110110
11111110010
10010100000
10101100110
10111001000
01011111111
01011111111
11011001101
01001111101
00111101101
10010111101
11111110110
00010000011
10011001011
11111010000
00111010000
01100001110
11110110101
10101001110
11000110110
11011100000
10001101011
01110011100
00011101001
01000111010
10011110100
11001110011
01010010110
01000101010
10000011111
10110000100
11110100100
00100010101
11110010000
11011101101
01101111010
01111111110
11111000100
01001110010
01110001010
01001001111
10100100001
00100000000
01010110100
10101011101
11101101100
00100111000
01001111101
10010010100
10001101110
11110111000
00100010010
10110110011
00000100101
01101001100
10001000101
10001111100
10011110010
11111110001
01011111000
00101010001
01011000111
10010101110
11110111111
00111101100
10011011001
10001011000
11110100010
01110010111
11000000111
10010111101
00100100101
01010000011
10000101011
11010101101
00100000111
10100111011
00111100111
00000111110
11100111110
00001101001
10111101100
00000001011
10010000101
11000001100
11010001100
11001000001
00100011110
11011000000
11011101111
10000001001
10100000011
10010001110
01001011000
01011010110
11100011110
01011101010
00010110000
01110101101
00101101101
01101111001
01001101111
11110011001
10111110011
11001111001
01110111100
11100010001
01100001011
10011101100
10000100100
01010011000
01110000111
01111010010
11110010111
00111000101
10101001001
10111101111
00000011010
00100011111
01101010001
11010000011
10010011011
00011101010
00101110000
01000010010
01111011111
10011011100
01001010110
00100111101
01110101101
01000111100
10000000101
10001111000
01010101100
01111110000
00010000011
00011001010
01000000010
10110100100
01010011110
10000110110
00001110110
00001110101
01000101011
10011100000
11000011110
00111110110
11000100100
00101110111
00100011000
00000010010
00000000110
00110000111
01000001100
11111110001
01110011010
01011100000
11000010001
00100110001
10000010011
10101101100
11111110110
10111111111
00100010010
01101111010
01111000100
11001100100
11110010000
00011000000
11111100010
00011011111
11100110100
00111000010
00011110101
00111111011
01011111011
00100100111
00111111000
11010101100
11101111100
10000011101
00110000001
00010111111
11100101100
01100010001
10111110101
11000100001
01100111111
10001010000
01010010010
00101110101
11011001001
10101100101
10010101000
01000011011
10111000100
10101100011
11111101011
00010111011
10101100011
00111110110
00101001010
00001101110
11101000001
01101110001
00100100011
11101101000
00001111001
01011110110
10001010011
01010000000
01010101000
11011100010
10110001110
11101001100
00111110010
10001001011
11101010011
11101010010
00010001110
00101011100
00101100100
11111101000
01000110000
10010010101
01111001011
00000110000
11100111110
01011110111
11000111000
00000001101
11000000010
11100000100
11111110110
10111110101
11111000001
10100111101
00101001001
01011100101
10100001010
00011010110
10001100111
00010110100
11011110000
11100111010
10100111000
10010100100
11001100001
11000011001
10111100110
01011000110
11010100110
10101001110
00010011011
10000011010
00000110101
10011001111
01001011011
10111011010
10110110100
00001100010
00111110000
00001001001
01011010010
01111111001
00000110010
01100000010
01000001101
11011001001
10000101110
11011111010
10011111001
01010100111
10011101101
10010111011
00001001110
01110100010
10111010101
10101100101
01110101111
10101010100
10000100111
10000000111
10111100111
10110110011
11000110111
00111011010
01010000011
10010001101
11011110000
10010011111
10000000010
11100100101
01010011111
01101011000
10110000110
00011000001
11010111010
10100101100
00110111001
00001100010
10010100110
00000110000
00011111000
11101110100
10011101101
01011101110
00110001100
11101011001
01101011100
00100110101
01111010001
11011011111
00111010001
10001001011
11111110101
01101010100
10001001111
10011111001
00001011010
00001001011
11000110011
00011010111
11110001000
01111001101
01101101000
10011101000
10011110100
10000100100
11100011100
00101110101
01100111100
00001110010
01011110011
10011000111
01001101001
01111001101
01100001011
00011000000
10011111101
00111010100
00110101011
00110100100
11000010011
00011110111
10011001110
01010001010
11010001011
00011001011
00110000010
10011010101
10100100110
01000011110
10000011111
10010110000
11011011001
11100111101
00101110111
00100111110
10111110010
01001001011
00110001011
01100001000
10101111111
00000001110
10000110010
01110100110
01011110101
01011001010
01111101110
11101111011
10111011100
01101100110
11001010010
00010000010
01001001000
01101001011
00000011111
00100010001
01000111011
01111001110
01110011010
00010000011
11100111000
10111111001
10100111111
00000101100
01010001010
00011101001
10001111101
01011101110
01010001111
00010110110
01110000110
11010001001
10011100010
01011010010
11011100110
01010111110
01110000000
11010011010
10110000101
01001110000
01100100111
10111111111
10110110001
10100110111
00110101110
00010111101
01110011011
10001011111
11000010001
11110101011
00010101100
10100000010
00100100000
01111110001
01110001101
10101110011
01010111000
10101000010
10111101011
00111110001
00000000110
11010110111
10100000000
10101010100
00100100010
00011011111
11111000101
11101001110
01010001101
10111100010
10110110000
00100110000
11101010000
00001000010
01010100100
11000010101
00010111010
11010000111
00011011010
10101001111
11000011110
10010001100
10111110111
11001100011
11101000100
00000001100
00100111011
10000011001
10011001111
10000011010
00100100000
00000110100
11000001101
10000000001
00011000110
11100101111
11101111101
01000101010
11101100010
01000011111
10000001001
00000010100
10000100111
01100000011
01101101011
10101001010
11100110100
00110001101
10111011001
01010110011
01100111110
11101100111
10011000011
10001111111
01011110011
10101001001
00111011100
11111001101
01001011101
11110111101
00100010001
11000110011
00110111111
11100010101
10100000011
10010100110
01011001011
10000100110
10111000000
00000010101
11111111101
10000010010
01000010110
11111101011
11100010100
11000110000
11010101010
00001110000
01110101111
00101101001
10011110010
00100000110
11100111111
10111111001
00110100100
00100110000
00000100011
10001010010
11111001000
00000000000
10001110110
11000100000
11111110000
10011100000
11001101101
11110000111
11000011010
00110100100
00000100011
10000100111
01111100001
00010110001
01110001001
00000011000
11100110011
10101011110
10011001110
01010001011
00011000101
10111110000
11011111000
10010110100
00100000001
10010001110
01110010001
00110011110
11111101111
01000010101
11100010110
10100010011
00000111111
10000001100
11001000111
01001001101
01011001111
11110000011
01111110110
00111101000
11011000011
00010000010
01111101001
00010110110
00101001100
00000100000
00100001010
11100101011
01100110111
00001011101
11011101000
11011001000
11001011011
01011010101
00011110000
00000000100
00001110000
01100010100
00010011000
00000010001
10100000110
10011101011
01011101110
11010001010
11010001011
01000011110
01101011101
11110001001
01001011100
10100011111
01010101110
01100001010
11100010111
00011100010
00011111111
11010101001
11111010100
01101000000
01001011000
10100111011
01001000001
00011110010
11100100101
10100001100
01000110001
01010101101
10111011111
01110001110
00100111000
10101010011
01101001011
01011011001
10001100110
10000111101
10010010000
11011000011
10111010100
11101100001
11101000110
00101011010
01110111111
01010010011
10000111100
10100000101
10101001010
01011100100
01011111001
10011010100
10111000110
00010011110
00000100011
00110110011
01011101100
10011111000
10001000001
00110010010
10011000001
10101111100
10001011001
11010001000
11101100010
10011000001
00100010001
01000000111
00001010100
10001111100
00110101010
01000001010
10000001111
00111111101
11101010010
10010111111
01000101101
01101000111
00000010111
10010101010
11101010001
00110001000
01000001110
00010101110
10110001111
11010100010
00010111001
11101101011
00111110101
01110110100
01001111011
10011110100
11000110011
00111000100
11010001111
11000001101
11110001011
11011100101
11000100001
10001111000
11010101100
00111011110
11001010100
11100010000
00000111100
00011001111
00010110110
10010000110
00001100111
11101101000
10000010110
00110011111
10110101010
11111101010
00100011000
11100100000
01010101011
01011000101
01010000101
01011110010
00010100111
01110010100
00100001001
00110001000
11100011101
01011011101
10011001101
11111111100
00101001101
11100110110
10110100100
10000100010
11010100110
11110101011
00001011001
11101000100
11011000100
10010000010
00011101100
01110001111
00011000001
01001001001
00010110111
00000000001
11100100101
10010001100
00010000010
10011011100
10111110100
00100110101
11010001001
10001011110
11100110100
11101011001
10101111101
10101001010
11101101001
10101110111
10000100111
01101000111
00100111110
00000011001
10001001000
01100000110
01110111110
00010110011
11100110010
00111100111
11111010111
11110111101
01000100111
00010110101
10101000001
11000111000
11010111011
00101011111
01100001100
01010101111
01101010010
11110100010
10010111101
11100011001
11100000011
01100101111
01010100011
01100111100
01101100001
10001110100
00101101111
00110101000
00110110110
10000000110
01111111111
01100000101
00001011111
11100100101
11001010101
10010000001
00000010100
00011000000
01101011001
11101000100
00100010000
01101011101
10111110111
01001110001
00001011110
00001011111
00001101010
11000011011
10001111001
00011110010
00000010001
10010000000
00010000011
01011000011
01001000001
10100000100
01100101101
10001000001
00000111010
11000011100
10111111001
10100111110
11111110010
10101010111
01100110111
00111110110
10000000011
10100101010
01110010111
11000100010
10111000110
00010110010
10100010010
11111110011
00110100111
00010111010
11111110101
00111011000
10100110000
00100001011
11000110101
10010100010
01010001011
11011000001
00001001001
00011110110
01011010110
01110001101
00001110100
11000010110
00111110000
00110100111
00000111101
00001000100
11011010001
11000010110
11110111101
00100001100
11111111111
11111010110
00111101001
11110110111
00110000010
11110000001
00100111011
11100001011
10001101101
00011110100
10000100110
00100000101
10101110101
11111101111
10100001101
11000000001
11001011110
01011101111
01110110011
01011101000
01011110100
01011000100
00101000111
00000000101
00110010110
01110111001
00111101111
10001101011
11111001101
