00100111001
10111100110
01001000000
11111110100
10010101100
01011010111
10011111001
01001111001
10100000001
00011000111
01001000001
11001011001
11011011100
01011001010
01001001100
01010001011
01110010110
01001110111
00110111110
01110011010
10110100110
11100000110
11011101100
10000000110
11000010100
00010010001
11010011011
10111011110
01001101111
11111011001
01100011011
10000110110
00010101011
00111001101
01000101000
01000010101
11011100101
10000011111
00111010100
11100111101
00111011000
10000000100
11110110100
10110100101
10011100010
11011110000
00100110001
11100000101
00110101000
00011110011
11101110010
01011100011
01110011111
11101010100
01101010001
11011010001
00010000101
11001111101
01001010000
00100000001
11010011000
11001000111
00000100000
10010111101
00001000101
01001011001
00011010010
01111011101
00000011010
01001000100
11001001100
11101000110
00111101010
11111001111
01110001001
11111111110
00010010110
10000001011
10000010001
10111011100
01100101000
00001001101
00111000100
01000110100
10101001111
11001110000
11011111010
11111111101
00100011101
00110001011
00110000000
01001001011
00101100110
10000000000
01010110110
10000001101
00111101110
11011000010
01011110001
00010001101
00010010001
01010100000
10010001001
11000011010
11011011010
10110011100
11110010100
01111000110
00011110111
01011000010
00100001010
10011111011
10100100000
00000011010
10010010000
11011111100
10101101110
10111010101
01110001110
00110001001
11101000100
10100011011
11101110101
10000011011
00010001101
11001010001
00011101111
10000001100
00111010011
00000001110
11110101011
00101101001
10001010011
01110110000
11000101100
00011101011
10111110101
10010101001
11111111110
00000010001
01000010110
00100111010
11001111110
10100101111
00101000010
11111011000
11001110001
00100010100
10100000011
11101101011
00010001111
10011000000
00011011101
00101010011
10000010011
01110000011
01110110011
11011001001
11111001100
00100100110
11011111101
01100111000
00011110000
00000101010
10101000001
00101001001
10111001010
00011110100
10111111010
01001011010
11101001110
11010001011
00011011000
11001000010
11000001001
10111011101
10010011010
11011001100
10101110101
01110010001
11101000000
00011011100
01011000010
10001010101
00110011000
00001001000
01000111101
11001110100
00111101001
11111101111
01100100001
11000110101
10011110000
00111111111
10110111110
00111101100
00111010111
10111110000
01101110101
00011101001
00111011100
01000111101
11110011101
01010100110
00110000001
00110000011
01000011001
11000000000
01010110010
10001000001
11101001101
11100110111
00010011011
11011011100
10000101000
01011101010
01011000000
00101100111
01010001101
10000000100
11011100100
00000110101
11110010110
10011100101
00011001011
11111100000
01010101101
01100010111
00101011010
10000100110
01110010000
00011001010
10110010111
01111100010
00001011100
00110100001
01000110100
10110111010
11011101111
00000010000
01010100010
10000110101
11110001001
11000010000
10111011111
01111011010
10111000000
00100110111
10111100011
01000010011
00110110100
00000111111
11001001101
11100111001
10010001001
11111110110
10110110101
11001101001
10110111010
10001110101
00111000100
10111001111
11101010101
11100100000
10101010100
00001000101
10100100100
00110110010
10100000000
01000011001
10100010100
10111011100
10010010010
11100011000
00111101110
01110001010
11011100101
01001011101
10001001100
01110011110
11000010100
00011110101
11100111100
10110001011
10101011101
11000111011
10001111111
00011010000
10011100110
00000101001
11110110001
01101001000
11101010011
10001111110
10110001011
10010101100
10001000011
11101101000
11110000001
11110101100
01100111100
01001011001
00101110100
11111001100
01000110000
10111001111
01001111100
00011110111
01111101010
11111100111
11110101100
11111011001
01001001100
01000010010
00100011001
01101111100
01100001011
01110100001
11101100111
11010111101
11001100000
10001101001
01110110100
01100011000
01000110100
01011000010
00110100000
11110100110
11101111100
00100100111
11110101101
10100111011
10010010010
10001110110
10110000101
01011011110
00110011011
11110011011
01000010101
10011011100
11000001010
01100010110
11110011110
10100110101
11001110010
10011001001
10010010111
11100111101
10001011110
11010100011
11010100110
00011100100
01011110011
10100001000
11111110111
11101100000
00111101010
00010100000
10001100101
10011011011
00000000001
01110011100
10111011000
10101011010
10011011001
11111110001
00101110001
11010101110
00111110100
10100010001
11000110110
00000110010
00100111100
10100111111
00000000101
11001111100
01111110011
00010000000
11101001011
01001110000
01011010111
11011110011
11011101000
11101110010
10010011010
01010111011
00001000001
10001110111
10110101001
00001101010
11101100110
10111011110
10000110010
10010111011
01000001100
10010111001
11000111110
01101000010
10111001100
10110100101
00010111100
11111110010
10100011000
10011100100
00001011000
11111000000
01110011111
01000111011
11001000111
00100010101
11111101100
01111101110
10010001001
01010001110
11010111100
01011001111
01001000101
10101111100
01110111110
01101101001
00110000010
00001110001
00100011010
01100011110
10010101000
10010011000
01001011000
01010011011
01100111100
00100011110
11110111111
01010101010
00001110110
11111110100
11010000101
00100101011
01001010011
01111000110
00001111100
11110010001
10100010110
00010011000
01011101001
10111111111
11000111000
11010100110
00000101010
11100000011
01000000101
00100111110
10100000010
01100100011
10001101110
11101100011
00111000001
00001010101
00111010001
11000010110
10111011011
01011010100
01111110101
11100011110
00011100001
01000101101
00101010000
00010101011
00010000011
11111000000
11110011100
10000101011
11011101100
10110010001
10010001100
01111000111
11100010011
10101000100
10100010001
10111100011
00111101111
01101100100
01101110111
11110001010
00011111110
11100101001
01010010110
10101111010
01101010111
00000001101
10111011111
10001011100
01100011001
10001011101
10011111110
10101000001
00110111000
10101010001
01000010110
11000101000
01001101011
00111010111
01101000100
11100010010
01111001101
01001111110
00101100010
10101101001
10111011000
10100110100
00111011110
00100000111
00000011001
10010000010
11001110010
00101001001
10100100001
10100111010
10111001000
10000011010
10001010110
11101011011
11100011110
10111001101
01000000101
11001011010
00010010010
10111110010
01110100011
01110110111
10110111000
11001001111
00101010011
10011000110
01001101010
11100011000
00101100100
10011100111
10101111101
11001011011
10111001010
10101011010
11000000100
10111001011
01011011011
11001100001
01011001001
00111001001
11101001011
11001111010
10010011111
01111000101
10111011001
10010000101
11011111101
11010011010
01000000011
11110000111
10111101011
10000010011
11110011001
01011110001
00011101010
11010011000
11010111011
01100011100
01101110111
11100111011
11011010101
11111111001
01010110000
10000001000
01110001111
11010100101
01101110010
00101110110
11000001111
00110011110
10111111000
11000110001
01011011011
00111100110
11011111001
11000101101
11100000001
00011010011
00000011011
00010110011
10001111000
01000110100
00000000001
10111001011
10111100100
10001001100
11101101111
11101111000
10001111110
10000110111
11100100110
01010001111
10001100110
10110011001
10111000111
01111010011
10000110110
01101110101
10110000011
01110110111
00010001101
01110000010
10100010100
11110001101
11101100000
01011101000
00001110111
11001001001
00110110101
11000111000
00010101000
10100110100
10101111110
10000100010
11100000000
00011001110
10101010010
10101101011
10100010111
01001101111
00001110010
10100101100
11110010010
10101001110
10111111000
01001011011
10000010101
11000011001
10100000001
10000100011
10001101000
01001111101
11110001000
10001110001
00000100000
00000100000
10110010001
01010100100
10010001101
00010011100
11001101011
01010000101
11001000000
11100001011
11101110110
10111001000
11110110001
01101000010
11010001100
10101001011
10110011110
11110000001
10101100001
00010011101
01100010001
11000001011
01011111111
01000110011
00010110010
11011001110
01000101101
10101001111
11110011101
11001001101
01101111011
01000110001
10010110110
01101000001
10001010110
00000011011
10100100000
01111011110
01101100110
01111000000
11111000001
10001011101
01000111011
01111000010
01100011110
00001001011
00101110010
10110011000
11111011101
00010111100
10001110011
00011100000
01101010100
00000101001
11001111000
00010011001
11011101000
01000101010
00101000001
10101000111
00100111111
10001100110
10111110011
01010010101
00111110011
00110001101
10110111011
10010011001
00001011110
00010000100
01011011000
11011001001
01101111111
00011101010
11101011111
00011110011
00011011000
11110111010
00001111111
00101110100
01001101111
11010001111
00001001111
00010110001
10001010011
00111011000
10011011111
11010011101
10000100110
00000011100
11100101110
10000110111
00010001000
10100100111
10001110100
01111010001
11111000110
10110111111
10100000011
01111011011
10111001010
00001011100
01000100110
00001111011
10000101010
11101101100
00101010001
00001000100
11110000001
00101101110
11100101100
00101011111
11001101000
10111001000
01001110000
11010101101
10101011001
11101110100
10011011110
01110001101
10101111111
10001000011
01001101011
10011111011
11001100011
11011101101
10011111011
11101000010
10100011111
00000111011
11010010111
10011011000
00001000001
11110100100
00110111110
01111111100
11101110111
10100111010
11101000000
01011111011
11100110100
00111111100
00110000110
11110001101
01010100001
10110111011
11010001011
00110101010
01001011111
00010001100
11010010110
00010111001
01011110001
10000000010
00111010010
01101101110
10001001101
01101111011
01010001001
01000001100
00110101010
11110110101
11010001000
00111010011
01110010011
01001001111
10001110110
10011110001
00000110011
01010011001
11011000011
11011010100
00100100100
11100111111
01101010010
01001001001
11110101110
00110101100
11110011111
00100101100
11111010011
10010010011
10111000001
01111101100
11101001000
11101000101
10110011010
00001001100
01010111100
10101101110
01111110011
01100100000
00111101100
11101110101
00000111010
00111100010
10111010110
00110110100
00010101101
11111100010
00010100011
11001010011
11000101011
00110111100
10011101000
11100101011
10111001011
10011100110
01001011101
01111010110
11000010000
10100000101
11100000101
00001111110
01111111111
11001011011
01100100000
00000111011
01010001110
11000111011
01111010101
11100110110
00101100011
11101010101
00011011010
10100111001
11011001110
01010111001
10011111010
10011110010
10001101010
00010101001
10011110001
10001011100
10101101000
00001101111
11101011110
11101101000
11011101101
00011100100
11001110000
01001100100
11111010011
10111010100
01011011101
10000111111
11000101011
00000101001
11100111011
11010100101
01111110110
11110110101
01100111000
01110101111
00010101000
00110001110
00011101001
11001010011
01100000110
10111001100
00111111110
01000000111
10001001110
10100011011
11110111111
01100001100
10000100001
01010110011
11011000010
01011011010
01011111011
00001100000
00001001000
00001010001
00100001111
10010010001
11001010111
11100011001
01110001000
00010000000
01011110011
11101111000
10010001000
01011111100
01111001001
11100000110
00100000001
10111101110
01111011110
11001001101
01101011000
11001001010
01000011110
01011100100
01100011010
00110001101
10001011001
00101100101
11011101011
10001000001
00101010110
10111011010
11110100000
11011000110
01001010011
10100101010
11100001111
10110111011
11011100101
10101011001
00000010111
00100111010
11010100000
00000101111
11110001000
00011010011
11100010111
01100001011
11111110010
00011101101
11011100010
00010110010
00110010101
00100110011
00110101101
00000010001
10101110111
10000100001
00110010110
10000111101
01010000101
01100110001
00101010101
11001110010
10011000011
10000101111
01001111000
11110001001
00100010001
11001010001
11000111101
00011011010
01111101000
00100111000
11000101101
11001100001
01001100111
00111110101
01010101010
00001111100
11010110100
10110110001
00111010010
01101010011
10010101001
01000100000
11100110001
10010010000
00101111010
01001110010
00111001000
01001011101
11010101110
10011011101
00101100001
01010011110
11001000000
10110101011
10110110111
01011110011
11010101000
00110110011
10110011001
11010101010
10110001011
11001101000
11110111000
01100111111
10011110100
00010010011
01111111111
00110111001
01111111101
00000000100
10000010001
00110111101
10000111101
11001110100
10011100101
10100111111
01010101001
11111111011
01011010100
10101001000
10011010000
00000111111
11000111001
10111011111
10011011000
00111011011
10001000010
00110010110
11101011100
10000001100
10110111101
00001010100
01000111110
00011101100
01011100100
00010010110
01010010100
11000000111
10010100001
10110011001
10111111000
00110001100
11100110100
10011001000
10011101011
10100010100
11011010111
01001111000
10101110011
00101010010
00100100010
11110101111
10110000001
00110101011
00111010000
11010011010
11111110111
00111100100
00010000001
01001010011
11001101011
10101011000
00100100101
11111001110
01000101000
00101110000
10111001000
00100101001
01010110000
00010001100
01010000001
00100001000
00010100110
01111111111
00001101110
01000111111
01110011111
01100101000
00101111111
10100111110
10011101110
10111111100
10100111011
11001100111
11001110001
10000100111
01101001110
00110111100
11011110111
11100110110
11001101000
00010000110
11101110011
00100000110
00111001010
00011000111
01100111110
00100100000
11001110011
01010010010
10011000011
00111100100
01001001010
10101110000
00001011000
11001110011
10001011010
11010101001
11101110100
10011101010
01000001010
01001111011
10100001110
11100101010
00000100100
00111011000
10101101001
11110101101
01100001100
00100100011
00000111101
10011110001
10000100001
11010001100
01010111100
01010101110
11010000101
10011000100
11000011111
11100001010
11100110000
10001010111
10010000010
10011111110
00000011100
10100100011
11001010010
10010111110
00110111000
11001010111
00111010010
10000010010
11110000100
00111101001
00001111110
01111100001
01110111010
00000010111
00010011100
00000100010
01111011111
10000001000
00101010100
00000010101
01101100100
11101110101
00001001001
00001011011
11110010100
00110111010
11111001000
11100100101
00001111101
00011010101
11011110011
01111000001
00001110011
10001100111
00100101110
10001110010
01100011101
01010100010
10011110000
11100100010
10100111011
11001111001
11001100110
10111111011
10000010011
10011100011
11010111010
01010011100
11011011010
11001100100
11000000111
00000011011
00101100001
11101110000
00110100001
01100111111
10111101000
01001111010
01111100100
00101100111
01110111011
11111100000
00100101100
11001011111
00101110010
11010100100
10110100010
11110101011
11011111010
10011100100
00011000100
00101111010
10101000011
11111010111
10011111100
10011001000
10001111010
11111001111
00001010010
00001011100
00010000010
00000111000
11001100101
01000010111
10100101011
10001010011
01110000011
01100111001
10111100011
11100100000
00111110010
11010010100
00010010110
10100101010
10101000110
01101111000
11011001011
11001011110
10000010001
11001000100
01001000111
00000000111
00010100001
11111000110
11111101111
01111001000
00010110111
00101111010
00111101010
11000001001
00110101010
00100001111
01000000101
11001000011
00001110001
00011100110
01001100011
01111010001
10101111111
00100110111
01111011111
00111010001
10010001001
00010110101
00100001101
11000111110
00011011010
00110101010
11110000100
11101111110
00010111101
01110010111
10101111101
10010010010
00101100011
00111100011
00000011001
10011110000
01101111111
11011011001
11100001011
10110110111
01010100000
00011011110
10101101011
01110101000
01100011101
00100001101
10011100100
00001000000
01010100001
01111111001
10110000001
10101101111
10110000001
11111001000
11010011001
01110011110
10100000101
10000001001
11101011010
11110001011
01000010100
00101111110
01111110000
11111111100
01101001001
01011100101
00100100011
10011110010
01111111001
01001110011
11011000100
00101001001
11010110111
11110001100
00010011101
00100101110
10110101011
00010011001
00101010001
11010010101
00000001111
11011000101
11110011100
00101100010
00111001011
11111011100
01100000000
10011000111
10110001010
01110001100
10110111011
11001001001
10100101101
11110101110
10110010111
01000000010
10000000011
01000101000
00110100100
10011001101
10111010100
11110010011
11001110011
10000100010
01000001110
01011000010
11000110000
01011010101
10111011000
00100101111
10101011101
01011100111
11111110100
01010100001
11110100000
01101100110
00000010011
01111001110
11001101000
01010010011
01000011010
01110101010
10011001101
00101111000
11010011101
01001001101
00110011101
10001001000
00100000100
00001100110
10101100010
11111001011
10011000010
01011001110
00000011100
00110001111
01111100001
01101001011
01110110101
11100100001
11010111011
00010100001
11011110100
01001100101
11100100010
00101011000
00000001001
00101100011
11000001001
01100111001
11011111000
11110010100
10010011010
10000001110
01101101101
01101010010
10010110010
10000000000
11010010000
11011001000
00000011100
00001100011
01010100100
11101111011
01001000101
00110110111
11000010010
10000001001
00110110111
10111001010
11100110000
11011010011
00111011001
10101100011
11101010101
01110000101
10110100110
01101011010
10110101101
00100011110
01110110010
10010001100
00001011101
00100010000
00001101000
01000010110
00001100011
00110011010
10000110101
01111001110
11101111000
01000010100
00101100101
10000001000
10100110111
00101100000
01010101011
10100111101
01011101101
01110011011
11010010111
00010001101
11000110010
11001111000
10100101010
10110011111
10111100101
11100000101
10111011001
01111111110
01100100101
10110101001
01001011010
00001100101
00101110101
00111000001
10011010000
10011010100
11001101101
00011010110
01101011000
10100100100
00011111011
10001011101
00010110100
01010000110
11100101100
11011111000
00101100100
00111100111
01000100111
10111010110
10110100101
00010100000
10100011010
10111101110
10111110101
11011111110
11100001100
00111000001
10111111010
11011101110
11000111011
01111101010
01100110011
00001000011
00011110001
10111001010
00010010000
00101011001
10110101010
01100001000
11110110110
01100000010
01011111001
11000011001
01111110010
00111010100
11011000010
01010000110
11001010101
01011100001
01010011100
00001101010
11000111101
10000101000
00011110110
01110001111
00011001100
01010011100
10101001000
00110111000
11001001100
10011010000
10011000000
01000010110
10011101101
01100011011
01011011100
10011000001
00101011010
01100101011
00001110011
11101101010
10111110001
00000110000
11101100101
01001000001
01011000110
01111001000
01011111010
11100110101
11100001010
01001101111
01010101110
00001111001
00111000111
11011111111
10011111101
10011010000
00011101010
10101000111
00110000011
01010111101
11010010100
11101000110
00110011000
01011100101
00100001010
10101001101
00101111101
01000010101
01111100101
11001000011
10001010100
10011010011
10111000011
10011100011
01011111110
11101101011
10110011000
10011001001
11101110010
01110100100
00011001011
00110001011
11101101101
11010111001
10100010000
10100010000
11101111001
11010010011
11110110001
10010110111
11110001010
10000000000
00110000100
01101010101
11110001001
00010010010
10101001011
01011010100
01000000111
01000001011
00111111101
11110001101
10000110010
11101011110
10110011000
01000000000
01000100110
01100101101
10011101100
00001111100
01101001110
11011111010
10001011000
00000011100
11111000001
01101111100
01101110001
11111101110
10110111010
00010111110
01000111111
11000110001
10110101111
11001010100
00100010101
11010010001
10010010100
10000100111
10001011001
10011000001
01011011001
11100010101
01111000010
11110110100
00011001111
01111111001
01100000000
00001111011
01110101000
01110110010
10111000000
00101100111
00001011000
10011111011
00011111000
01010111111
00000110100
10100001000
01011011010
10001101101
00011100101
11100100110
11011110001
00011110011
10100001101
11101101010
00101101000
01101011111
10010101100
01010110001
11101101011
10011101111
11000100111
10101010101
00011001101
00010111111
00001110111
11111001111
01110111100
00100011000
00100001110
10010001000
01000011011
00000110000
10000010101
10100001101
00101010001
00111010100
11010100010
01010101000
11110010110
10001001111
01010100111
10111100101
01011000110
00111100110
11100000000
01010111011
01011010110
00101111111
11000100001
00100101111
11101110010
00001111110
10001011100
10010100010
01001100110
01111111101
00101001001
01110101100
01101001001
00111010000
10110000010
01111001101
00011011111
11100100110
01101001100
10111000001
01100110111
10100111000
11010101110
11110010010
10010011010
01110001001
01100110000
01010110101
01100000010
10001110111
11000110011
11011100011
10101110100
11011100010
00001110110
00001000110
10111111011
10010111001
11100001010
00001011110
10100001010
10100111101
11001011101
10100111010
00010100011
01110000000
10001011101
01011100011
00111111101
00000100101
01000011011
10010110101
01111100101
00000001101
10000110110
10101010011
01100110011
11010101100
11101111001
00000110111
11011010100
11000010111
10000001011
10110011111
11011100010
11011110001
00110010010
01011101101
10000000111
01100001100
01011001101
01011101100
10101000011
11110110100
11110010000
10001010011
00011001100
10100111000
11000100000
10101100111
01111100101
10110001110
01111010110
10001100011
11101000101
11010110001
00011011000
11111010111
11101011011
10101000001
11100101000
01011100001
10010110110
11100111101
10100001010
00111000101
00110001001
10010110111
00100100101
10101111010
10010111101
10001010011
00100010101
10011110111
11101000000
01101000000
11011111100
10111111001
10001110010
01101000010
11111000101
10001111010
00010101101
10010011111
11011011111
01111101001
11111000111
01101101011
10001100010
01011000110
01100011101
10000101010
10101001101
00100011101
11011101001
10010101010
11001011101
11011111001
01011111010
11010010110
00111001010
11001011110
11001011010
11000110000
00011100010
10011100010
11101100100
00010111010
00001110010
00001100110
01011100111
01101100000
00001010011
01000010111
00011110101
01110101100
11111000011
00100111101
10001011101
01001000001
10100000010
01111010110
10101010001
11100010100
01111111000
11101000000
10010010011
00101000100
00000111011
11001111111
11001100100
00110100100
00100010110
00110010111
00011011111
01011100111
00001100100
01001100011
10001101111
01001111000
10010010111
10101000111
10000101110
00111010110
10010101000
00011100001
01111111111
11100001010
00010110110
10110001111
00101111010
01000101111
00100110011
10000110100
11101111011
10111010101
01010000110
01100011010
10100011110
10001110110
01000000000
10100100011
11110011000
11101011011
10011100001
11111010101
01101000011
11100010111
00100101011
00010101000
10111111000
00000111001
01010001101
01111001001
11101100000
10000011001
11000010101
00100010111
10110100110
00101110001
00001010110
00111001010
11100110110
01000101110
01111011110
01000110011
00011001011
01110101101
10110000111
11000111100
00110000001
00011110000
00101010100
00010100110
11010110010
00000011101
01001001000
00001000001
11001001011
11110000110
10100100000
01100000000
11001101101
11010011011
01010100110
01100000001
01001000101
10000001110
11010010101
01111111111
11001111100
10010000101
10100100100
10000101110
11001110101
00010001100
10101000110
10000001101
00111111100
00111100110
00111110101
10111011011
00001001111
00011110110
11000111101
01011101000
01101100111
11100010100
00101000111
11001110101
00010111101
11001010011
10100010001
01100010001
10110100010
00111101010
10010101111
10000111001
10101111010
10011010000
01110001101
00111000111
10110100011
00000001000
11001110011
00000101001
00111100000
11010001000
11110001001
00010110010
10010100110
11111001001
11001001000
00010101101
10000000100
00101010001
00101011001
01001110100
00111110110
11010001111
11101100111
10100101110
10010111101
01010100011
00000010011
00101111100
00000000101
10101011001
10100010101
00001000100
01101001111
10000000101
01010100100
10111100110
00011101010
00000010011
01010010001
00001000101
10101011000
00001000111
01011110111
01001100011
11000000011
00010010010
01000100010
11001101001
10000010110
11111101010
