00011100101
00111101101
00011000100
10011001001
01010011001
11111000100
00001001111
00110010101
10100001111
10111100010
10110100110
10000000010
11110000010
11101101010
11001010101
10111010001
01000000101
10101010011
00111011011
10111111011
00100100110
00111110000
11001111100
00001000010
11111110000
11011110111
10101101011
11000011111
10011011111
01111101101
01101011010
00010100100
10101010110
01100100101
10101101110
11001110101
01001101100
01100111011
00001000111
00111001100
10000101011
00101000100
11111110010
00101000111
10001011000
01110000110
01110000011
11111110000
10001010101
10111111100
00100100101
10111011100
01100101100
00110111001
11100010101
11011100000
10101001110
01011000101
11001110110
11100110011
11110110001
00011100101
01111111010
01110000010
01111101000
10000111111
10110001001
00111010010
01100010001
10000001000
00010000101
11111010001
01000010011
00110000011
11110000101
01111001010
11100111110
01101001101
10000100000
10110111001
00010101111
11010011111
01110110010
10010001010
11011010011
11110110111
01100001110
00011011110
11101010110
10111100010
01110001000
11001110001
00100110010
11101110010
11101100110
01000101101
01011010100
01100100100
00110110010
01101010111
01000010010
00010010000
00011100111
10111101101
10111010110
00100000000
10101100000
00001111110
10100000100
11000010110
11100010010
01100010101
01011001001
01100010110
00000010000
00101110000
00100101010
11101111100
01111111110
10011000000
11101100111
01001111001
00110010001
10101110011
11111011001
01001001000
11011011010
10101111111
11001000100
10001010001
10101101001
00001001110
11110101010
10100010010
10010000010
01010011101
00001011100
00010001111
00111010000
10101111100
00011110111
10100000000
00100100100
10110010101
01000001111
10111011001
00110110101
01100111000
01111000100
00000001110
10111111110
11010110110
00110111100
00110010111
01011101011
01010100011
11011101000
01111101100
00101100111
10100111000
11000110000
10011110101
10101101000
01110001001
01011100000
00101111111
01010001011
11000110011
01111100101
11111001011
00100001100
00100100011
01001000000
10010011100
00101001111
01001001101
01001001111
10111000000
10110011011
10000010100
10000010001
10010000100
00000110110
01100100101
11111011010
10111000101
11101001100
00001001111
01000010000
01101011110
00001010100
11101110111
00011101001
10111100110
11111111001
10101000110
00100001000
00111101001
11000000100
11111000011
10000011110
11010011001
00000000011
01111101010
10010010101
00100100010
11111011011
01110100111
00001110000
11110110001
00111111101
11011001111
01100010101
00110110000
00110010100
11011010000
00100000110
11010111111
01001000111
11000010000
11001011110
01100101011
10101100101
01000101011
00110011100
10000010111
11001110111
11010011010
01010110001
11100000000
10010110100
01010110010
11010001001
01110111000
01000100100
11010001100
00000111011
01000101101
10010011110
01001000010
00001000011
11110001010
01111110101
00001000111
00110000111
01000011010
01010111001
10111111000
11001101010
00101000101
01110111011
10001101001
01000110110
00110111111
01111101011
10001100100
10101010101
10011010101
00001101101
01110111000
01001110010
00011001110
01111011100
00100110001
00001001001
00000101001
11001001010
11000111110
10111101110
11110010011
00001100101
11100111010
11000101110
11000100100
10110101010
11001001111
11011101100
10110101111
11110001010
01101010100
10110111001
11011001110
00001111010
10001011110
00001001110
01010001101
01110101001
01101000010
10010000100
11101111010
00011111110
01000010110
11010010011
01101000110
10011100011
01111001110
10101111000
01001100111
10101101001
10010101110
10110101111
01100110001
01110111000
11011011101
01110101101
11111000000
10111000001
01001001100
11101110110
11110101111
00010001000
01011001010
00100110000
01100100000
00110010010
11100010010
01001110001
10010101000
00111100001
10100100001
01110110111
11110010111
11100100110
00000110000
01001111011
00001101011
00101001001
01001111111
00110011111
00100110010
10110011101
00001010110
01111000110
10111000001
11001010110
11001010000
01001111110
01110011001
11111100001
10001101111
01011110011
01011001101
00111010010
00010000111
00100101000
01100111011
01010100101
10001100101
10100110001
11110000100
11010100110
11111110110
10100000001
00000000000
11011010111
10010011110
01101110010
11010100011
10010000010
10010010011
10001000101
10110111100
00110100100
11110000011
00111010001
11111001110
00111101000
00000101111
00111000010
10010111010
01101111000
00001011001
11100101101
01100111100
01101111001
01111110110
00010101100
11011000010
10011100001
00011100110
10011001000
10111010101
10011110101
01100011100
11110111011
00101011110
11110011110
11010101001
10110011000
10001001011
11110110111
11101010100
10100011011
01001100000
11010110011
11010111111
10001000110
00000110000
11110101000
00010000111
00101001010
10100110000
11110101101
00001000111
10000011011
00010110000
01010000000
11000111001
01100100100
10000000001
01100011011
11000000001
10010111111
11000110110
00011101100
01001101001
00010101101
00011000111
10001101000
01000100010
01011011101
00111011010
10011001101
00110010100
10011001101
11110011101
11110110000
01101111000
01000010010
11000100110
00110001010
11110100010
00111100101
11011001000
10101000100
11010011111
10110001011
10110011000
10001110000
11010011100
00111100110
00110111000
00010100111
01001001100
00011001001
11001110000
10000101000
01011110111
11100100111
00010100100
11100011111
01000011111
11000101001
11100110111
01100100111
11111011110
11100111011
11000000011
11100011110
10111000001
01000010110
11000110000
01001001111
10001000010
00100001101
00101111001
01011010110
10011111101
00011110000
01000011110
10101111110
11010111110
11110110001
01101100001
00101101001
00101100010
10100010001
01110101111
00101010010
01001011111
11101101001
11100010011
00010010010
10101000011
00111010010
11101010001
00001101101
10010101001
11111101000
11100101110
11011111111
01100000111
01011011001
00010000100
01001000001
01001000100
01101001000
11001110010
01011110010
01110110011
10101000000
10111111101
11101101001
00111011010
01110111011
00100010010
11101011011
11001011010
00101000000
10010010001
01000000100
00100001111
10101001111
11010111100
00010110000
00100001110
00111010001
01010010010
00101111010
00110001001
00000010111
10010111110
01111111010
01111101111
01100101010
00100010111
11100000111
11011101011
11101100001
10001011100
11010110011
01100111101
01010010110
11110100010
11010010110
10000000000
00100110000
10100011111
11101111000
00001001001
10000011001
00100010110
01011101010
01100110100
01001110011
01111001111
00010101011
00101101000
00000101001
10000110111
00000101010
11111001111
11010000011
00010001100
00101011011
00100111001
11110001000
00010000001
01100001100
11100011001
01000011001
10011000100
10101011001
11111100101
10100011000
10101011111
10000110100
11110011100
01011110110
00101101100
11010010010
11010010100
11111100000
00010001001
10100000100
11010001011
01001000101
01111101111
00011001000
01110001011
10111100000
00110001100
00111101100
10111110001
01111111001
01100110100
11101100110
11011000100
11010111000
11111011000
10111001001
10110010111
01110000100
11110000011
01000111100
10111001000
00100101011
01000100000
00111100010
01001001111
10101111010
11000010001
00101111000
11110101111
10001001010
01101111010
00011101111
00100100010
00000000000
11100001000
01011000111
00011101110
00111011011
11011010111
00011011101
01101001110
01101111011
01101101101
10110111010
01110001101
01001001110
10011011001
01001010101
11110001010
10110101101
10100001010
01111100111
00101101000
11100100001
01100111010
00100110000
11010100101
10000101010
11101011100
10010110001
11110001110
11100110111
10010011001
10111011010
10111010100
10000011101
11100001010
01010111100
01111101111
11110010100
01101100010
11111010010
11101101101
01111000100
00011001000
10010100101
10000011101
11001000000
00100111010
10011001100
01000001101
10101011101
11010001011
11111010011
00010100101
11011100010
10000111011
10010011110
01010000111
01111101101
11000110010
00010001101
01110111110
10100100110
01000101101
00100111011
00000111110
10010100011
11100111101
10111011110
10101100011
01011001001
00011000000
11110001101
11010001110
11000101011
11100001100
00111110011
11000001001
01011010111
01011011101
10110001011
10110000100
11010001010
00001000000
01110100010
11001010000
11101100000
10110010010
00111111101
00100101001
11100000010
10110010111
10011110100
00001110111
01000011110
11001110101
00101111101
01011000001
10011111100
01011000000
00100001101
00010110001
01000101111
01011111011
00001100011
00011011000
10100111010
10110001110
10001001000
00010001010
10001111100
10010111000
01100010110
00000111000
10001100010
10011101011
01100000101
00001001010
11111101011
11000110001
00110101001
10111111010
01011111101
00111001001
11000110110
00111011111
01100100101
00110000011
11101001001
00001110101
10011100000
11111101101
01110101111
10111110101
11101101010
00010001010
10000001111
01101101011
01000101110
00110100010
11001111011
01010010011
01010110001
00110101101
11101001001
01000100100
10000011001
10000001000
01001000001
11000001100
11001100100
11100111011
11010011110
01110011000
01101110101
01011000010
00010100111
01000101110
00001010001
00100000100
11110010010
01010011011
10010101000
00100101101
00011111111
00110111011
00000001110
10011000011
01010101110
01111110101
00101011001
00100100100
10101011010
01101100001
01011000000
00001010111
00011101001
10010111001
00000101011
11000001101
00010110111
10100100011
11001000001
11000010110
10101100001
10011110011
01000011000
11010010011
11010101011
10011101100
10010011100
00111111111
10100010111
10110110110
00011110100
00110010101
01101100111
10111001010
11101011011
10110010000
00111111100
00010101110
00011111001
01100001101
01001010110
11100100101
01001101110
01100110100
11000010010
00111001001
00100000101
01000101100
00010111100
10001000001
10111111111
10110110011
10101111011
10000001011
01010001010
11101101111
10000001110
00110001100
00100010001
00011010101
01011111110
00100101000
00000111110
11001000111
11110111000
10001010111
10001111101
00010101100
01000000011
00101110001
11000101011
11010011110
11101001101
11001000000
01010111000
11010010010
00010110100
01110011111
00010110010
01110110011
11010100011
10101010001
01010000110
01100111010
10000011111
10001010011
10101100010
01011000110
00111110101
10000100110
11010011011
01011110100
00100110111
10101111001
01001100110
00100010001
11000110101
10110101100
11111001001
00010100100
01001110101
10110001100
00010100111
00000011000
00011111001
10011101111
11000110001
11101000010
11101111110
01001100000
01111001011
00101011001
01001010111
10101011111
01100111110
00110100000
11001101010
00110011001
01100001000
00001110000
11000010000
10011111000
10010101111
01011100011
10110000011
10000100111
00000110110
11010001100
11111101101
10110111100
10110000010
01110101011
10110100011
11000101000
11110100100
10110011111
01111100010
01011011000
00100110000
10101010001
11010000111
00100011010
00110111110
11000011101
00001110010
01010110110
10001110101
01001000010
01000000000
01110100110
01111100101
10010110111
01001001000
00100101000
01011000011
10101100101
00000001011
10001111010
01101110110
10111001010
00101001100
01000011011
10101001101
11100010000
00000010110
01100011100
11111110100
10100110011
01100001010
10000101101
11010000111
10001111000
10110101000
10011100100
10101001000
00110011100
10010010011
10010101010
00010100111
11100101000
00001001010
11011100010
11000101100
01001011001
11001011010
10011101001
01111001101
00010011110
00011110101
00110010111
11100111110
00000110111
01100010001
10111101001
00100110100
11000011011
00011110011
10010111111
00000000101
10100100010
00000010100
00001111100
11100111101
10101111110
10010001011
11000101001
11110011110
00110100000
01101110101
10100000111
00001000111
00011001111
11101011110
01001111011
11101010111
10100100101
10111110111
00010110000
00110100110
01100000000
00101011010
11010001011
10010010010
11011011110
10010011000
01010110000
10111011001
11011100110
00000110001
11110001111
10010101100
01001110111
01101001000
10101010010
11100010010
00011100001
11110110110
11011010000
10010011110
10000110011
01000011110
11111100011
00111100010
10111000011
10010001111
11100110110
01111101110
11100011001
01110100000
00011101010
00001101010
11110101000
10100110011
01000010111
01001000110
10110111111
01011000101
11100010010
11011011100
01111100011
10001100111
10100101011
01011100010
10011001110
10000001111
01000101100
01110101000
01011010110
10001010011
01100010000
00100010000
01000000011
11100110000
11100000000
11001110010
10101111111
11100011100
11101110010
10100110010
10011110110
01111101110
00100111000
11110111111
10001010111
10000100100
00101101011
11101010110
10110011000
10110010110
00110100101
00001010110
11111101110
10100010110
01100110001
01000101001
00011011111
01011001001
01000110111
01110011001
10011100101
00011100101
01011101000
01100001000
11010100100
01100001111
00011110110
11110110001
10001110110
10000001000
00100101101
10111001111
00011000011
11101110010
01101000011
10001001000
11011110100
01101100000
11111001011
10011111011
10100110001
00111001101
10110111011
10011110101
11101110000
01101010100
01111001110
10100011000
01001011010
11110011011
11100100101
01011101100
01110101111
10000010110
00101111101
10001110101
01011001000
10001110001
11010100111
00001001011
10101010001
01000001011
01001010101
01100100110
00110011001
11100011110
11011011011
00100111000
10111001010
01100101101
10111111101
01001010000
00011010100
11101010111
00010011111
01000100111
10001100011
11101100100
01000111001
01001100011
00011000111
10001000000
10111101101
00001000110
01111011001
00000010000
00001010101
11001001100
10101110101
10100010100
00000111111
10101101001
10111100100
01011101000
00010011101
11111101000
00111000001
10000011011
10101001110
01010000011
01110111110
00101000000
00101010001
10100111111
11110000101
01010001101
10010010000
10000100000
01100100101
11100010010
00010011010
00011111001
01111010110
11011001100
00111001111
01001100001
00010000001
11010011001
01101111100
11101010111
00011001000
10011111111
11001001101
11111011100
11001011101
01011111000
01101010111
10010110101
00111001010
11111100101
01101011000
00111000011
11010000001
01010000100
10011111110
00000010110
11101110101
11111000011
10010011010
00000010111
00000011111
11010001000
01001000110
00011100011
10100001110
10110110110
10100110100
01111111111
11011001011
11001001111
10010011100
00101100001
11001000101
11011110101
00100110000
01110110001
10111011011
00101100111
11101001110
11101100110
11111011111
00011000001
10001100001
10001110100
00101000100
00100010100
11011111011
10100011111
00111000110
11111111100
00010111101
10100010111
00010000100
00100000110
00000000111
10001101111
00101100100
01110101011
11101010010
01010110010
01010011000
10111001000
01001001101
11110010000
10011110010
01110010001
01000111010
11001001110
00101010100
11100100111
01000000001
01000000111
00000100101
11111100110
00011111111
11011011110
10100001111
11000111010
10010110111
00101001011
11101000001
01011000101
00101010010
01011010001
01011000010
01001011111
10011100101
00101100001
11010011110
00100111010
11110001110
11011000100
11001010001
00010010110
00010100111
00010101111
11111111110
11010000110
00011010100
00101100100
11000111111
01010001101
01010110100
00011000100
11011000010
01100110001
00010001010
00100110011
11111010110
01001111000
00011100101
11110110001
11111111011
01010111110
00001011101
00001101001
00110100010
01000000010
01110110011
00011010011
10110010100
00000100011
01111111000
01111010101
01010011010
10001000000
10001010001
00111101011
10010011101
01110001000
01011010000
10100000011
11000101100
01100110110
00000110100
11110111001
10001111001
01101101101
11101011111
10101000000
11000001101
00011000100
00010000110
11010011010
10000111010
10000010100
00100001001
01001111100
11010111100
11100000111
11010111100
01011001111
01010011101
10100000001
11000111100
11100111011
00101001100
10111010101
00000100011
11111000010
00101110010
01111011011
11111111001
11000001111
00011111000
10001010100
10001010101
11111101100
10000001010
11011000111
10111001110
00101101000
10000100100
00001010010
01000001110
01111111000
01101111111
01111111000
11001100010
00101100000
10100111100
01001001101
01101110110
01010110010
11010000010
10111101110
11000011000
10110110111
11000000110
01110100101
00010011000
00110011011
00000010011
10101100101
01111110110
00010111011
01011110101
00111101100
10001111101
01000111001
11011001100
00011010001
00110110000
00100000110
10110001111
10110001101
11000000111
01010100111
01101011101
11110000010
01100000110
00011000010
00101010110
11110000001
01001110011
10111000101
01011011001
01110111011
00010111011
01010111111
01100001001
00110100000
11011110001
00011111110
11001001010
11000110011
10100001001
01110011011
10100010110
01000000101
01000111101
10110010110
01111011001
10111001010
01011101010
01110100000
11010111101
11010100001
10011100111
01110101001
01000011011
01101101001
01101111010
01001110101
00011101011
10000111000
10101010010
01101011011
11111110111
00010101000
10111100111
11001010110
10111101001
01110101111
00101000010
10100101101
11000000001
00000110111
00000110100
11000011100
01101000010
10101010110
11010010110
11000111011
01110000110
00110101111
01000101110
10000110101
11110100110
00011111101
01101100001
01111010101
00011000100
00111000011
01101111111
11010110111
01110001000
00001001101
10000111001
10000111000
10101001001
11101011001
01100001101
11100100011
11100111010
11100010011
00101001100
00101100101
00000110100
11001001011
01010100111
10010010001
11011010101
11100101100
11000101110
11011100010
11111100110
01100011010
10111110011
00101011100
11000010001
01100001011
10000101001
10001100111
01101010100
01110110001
01011000000
00111000001
00101101000
01000011000
01110100000
10011111100
11100001111
01101111110
11010100100
11000011000
11000100001
01011100111
10000010001
00111100110
11111100001
00010010111
10111110111
00111001110
00011111101
11000000011
00101001110
01111111101
10111111100
00101010000
00100011000
11101111010
11000100011
10111010101
01011000101
10110100011
10101100010
10110011010
10101101100
00010111111
00011101100
10110000110
01110100100
10111001000
10111001101
11011011101
11111110101
01101100100
01100100111
00100111010
01001001010
11010001110
00001000111
11001001011
11110011101
00110111000
01001010000
00111010100
11110000000
01111100111
01110110110
11111101101
01101101101
00010110000
11101110110
00010010101
01110100101
01111011101
11000010111
11101001011
11110010111
11101110000
00010111110
00000010001
00001110101
11001000010
11100001110
00000001110
01100111010
11100101110
10001111000
11001100101
10100001111
00011110111
11000100001
01000111001
11011101101
00011001111
10001001110
10101110001
11000110110
10100001000
00011101111
11010111110
00001010010
01010110000
11000111100
11001111100
00000010011
11110111110
10001100000
01001111000
11000001100
01110010111
10001110101
00000111110
00110001100
11111111101
01110111111
01011111001
00101110000
00010100110
01010000100
11101111100
10111100000
10100011100
01010101011
10000000111
00001101000
01010110000
00001001101
11010111100
01000010000
10100000111
01001111011
11001010010
01100101110
01101110100
11011011000
00100010110
01010100001
11111011100
10000101010
10100101011
11011011110
10101010001
11101000011
01010001101
11001001011
01001001011
01100010111
11110000001
00001100101
10001000101
00010100010
01101000101
00010110111
00110111111
00000100000
00010011010
10111100011
10110111010
00000000001
11110110010
11001111010
00000101101
00111011100
00111111100
01110010101
11100000010
11000101110
01001100001
10001100010
00101011011
10011100001
01100100011
00100000101
11011110100
10101001100
01101110001
01111001100
11100111101
01110011100
00111001101
00110110100
01111010110
10010010111
01101001101
11110100111
00101100011
00101110010
10011101011
01101101001
11111110011
10001101101
11101010011
11001100010
01110010010
01001001110
11100000000
11011000101
11001010111
01010100010
01011011101
11010000001
01100110111
00111001000
11111011001
10001010000
11110100011
01001000010
00111111110
11001010110
01000000001
11000110100
11101110110
11110000000
11101000110
10111110111
00111111100
01100110001
00100001101
10110011111
11001101001
11010110010
11011011101
01010110100
01001000010
00100100111
11110010100
00111100101
10110000110
00010001000
10001101011
11100101011
11100001010
11001101101
00111001111
00100101011
11111100000
01101000001
01001101011
00100110110
01101101101
01001010100
01011000111
11011111010
11110110010
01011010111
01000000101
01010111011
11011010010
00011001111
11101101101
11100101010
11111010011
10100100100
00010010001
10100110000
00111110000
01001100010
00111101001
10111100101
01011111000
11110101011
00100011100
10011011001
01011010010
11010011101
01101000110
11000001000
11101111011
10111110101
00000000110
00010100101
11010110000
01011110000
10011100111
01110010011
10110101110
11111111100
10001010110
11100011010
11101001110
00010011000
10000001100
01010100111
01101011001
11011001110
10001000010
00001111011
11010010110
00101010000
11101011011
10101110010
10001110001
00100000100
11101111110
01010011101
01011000100
10101110000
11010111110
10010010110
00010001011
10000010011
10001111001
10110111111
11001001111
00000001000
00000010101
01000101101
11011001000
01111111111
00110110101
01010100000
10000011001
11100010000
10011010001
01000001010
00110000000
00101011000
00010111111
10000010101
11110000000
10010011110
00001111101
10011110111
01001000001
10000010100
01000110100
10011110100
10011110111
10101000001
01110111110
11001010110
11000010100
00110010111
01100111001
01111101001
01001001101
10000011011
00001010001
01000111010
00100111111
11010000011
11001001111
00011001000
11100111011
10100010011
10110101010
11011000001
01111101100
10110010100
10111110111
10011110111
11001110111
10100011111
11111101011
10010011100
10101110111
10101110001
00111100001
10010100111
00100001100
10111010000
10001100111
10001100100
10001100111
01100100000
01110001110
01001010011
01000010001
10110000010
11111011100
11110010010
00110110100
01100001010
11001100111
10001001011
00101001101
01001001000
01101111111
11100011001
01111101001
00000000001
01000101100
00101100010
11011110110
11000001011
01110100010
10000101111
11011100101
11000110010
10010110011
00001000001
11010111000
11101000101
00000000010
11000011110
00010011111
11101100110
11011110100
00001101110
00001011010
10010000100
10000101110
10011111110
11010111011
00001000100
10111100011
11011001101
01000111010
11010001011
00011101000
01100000011
11101011011
00110000111
11111011100
01000011001
10011111001
10111110110
00001100000
00001000001
01101000001
10111111011
11100111111
10000010110
11011100110
00111111000
10110001001
01101111010
01000000000
01111100000
10100011111
00100001110
00011101001
01111010001
01001010110
10110110110
00010101001
11011100011
01011101100
00100001101
11001111010
11100100110
01001100000
00100001010
01100001110
10000001010
10100110110
10000111010
11000001101
01111101000
01011010010
11111000110
01001011110
01111000111
01011010001
11011000011
01010111001
01101000001
11100000110
11011110111
10001110100
01101111110
11111000101
10011110110
01100001010
00001111001
10111111100
10011101010
11001001000
11011000101
00001010111
10011011000
11110100110
11101110011
10010011010
11110101000
00110001000
11110010110
00001000011
01100000100
00101101000
00101010011
10111011100
00100111010
01100110110
10001001101
00010111111
01010100011
11010010001
11011111011
00101001000
11000100111
11101001011
01100001101
00010011110
01110111011
11110011010
01110101101
11111001000
10000001010
00110110101
00000010001
11101000010
00001001101
01001010100
01110110000
10010100100
00110011000
00110100010
11001101000
01111110010
10101101111
00101000000
01101100011
10010110111
11100111001
10111000000
00110100111
00011000101
11011111010
11100010111
10111101111
00000011111
10011011010
10101001010
01100000100
10001101110
10110111000
10011010000
10000000011
10001001110
00011010001
10111110100
11111000001
11110111010
00010110010
11101101010
10011001011
