01011101011
00000001000
00000000000
00010000001
01110001001
01000000011
11111100001
00011111010
00111100111
00011101111
10101010010
10111001010
01100001110
10001111101
11001111011
10000110101
01110100101
10101000101
00000100011
01010001100
01010100100
10110001111
11101010011
00100100100
00000000101
00010101011
00011101100
10100101000
11001110101
10110001000
11001100000
10111111011
00001000011
10011001101
10011110110
01001101000
00010100100
11100001000
11110100000
10111001010
01010111000
10111100001
11101111000
01000110111
01000010111
11011100010
01110011010
10101011101
10010000110
11110111001
00000001101
11011011011
10001001010
00001010011
10100010011
11110011000
11100001111
10000110111
01100001101
11010100110
10000110011
01111000011
10100100110
10010100011
11101000100
10001010000
11010011111
00001110010
01111000100
10001110111
00000000111
11011101011
10010111010
11011101001
00010111001
10001011110
00101001111
00010011100
10100100011
11111110101
11011011101
01000001110
11110011011
10000010101
10010000010
10000000101
11001101010
10010101000
01001101111
10010100110
11010110100
11000011111
00111010111
01110111001
01101101111
11010010011
10010101001
11101001000
11101010100
11001001011
10011000000
11111000101
00001111110
10111101100
00101101100
00000110011
00100110100
10010101101
00100010100
11110110011
10011010010
01000010110
00101101001
11101010101
11111011000
00001111000
11011001110
10011011110
10011010101
00000101011
11101100110
00100101111
11101001100
10000010001
11101111001
10110001111
01001010110
10001101001
01000101001
11010110011
11000000000
10000111010
01101110000
10111011001
11000001101
00010110100
01001111001
11010100100
11100110111
00100001110
10110010110
11001110101
01100111001
00000001110
10101000110
10111111011
11010111000
01100001110
01101101001
10010110110
11001101000
00001000101
01110110001
00101101111
10110010011
01001011001
00110110010
01010011000
10110011101
00110010001
10010010000
11100000110
11001010011
00101110010
10011010000
01101001110
01100001111
00110001011
11110101101
11111101000
11001011011
00100000010
11110110101
10011010000
01011011001
11110110000
01011101101
01000100110
01101011011
01111001011
00101100111
00101101100
11010011010
11011110111
11110000101
11000111100
00111100000
00111010000
00100011010
10101011111
01100010001
11110000000
00000011010
00110100000
10100110000
00010101100
11101001011
00000100111
11101010000
11100000110
11010001110
00010011111
10111001100
00011101001
01111010110
11001111011
11010010011
10001001001
10110110000
11010101011
10110010010
00111001000
01010000100
00011000100
10011101011
10011001101
01101000011
10101101111
00010001111
11101001100
00010000010
00010111110
10101011101
11010010000
00000101001
00011001111
11001000111
01011100011
01010100011
00110001111
00001011100
01100011110
01100001000
10001110011
11011111001
01110000100
01010000011
11111101000
11111010111
00011100000
01110111101
00101110111
00011001100
01110100001
10110110000
10001100110
01110001110
10001101000
01011111111
11011100010
00011110100
10101010011
10010011000
11110000010
00101111001
01110100100
11000000010
00111111110
10001010110
00011101011
10100010010
01101101111
10011100100
01001110000
11111111111
11010100111
00111001011
00011110010
00001001011
01100111010
10000101100
10011011000
00000100100
11110010000
00011011001
00000110111
00101001011
10010000011
11100001110
01101001010
01111111100
01100001100
00100110000
10011011001
01010110001
00111111111
00111001000
10011011101
10011000010
10101101000
01100111101
01110110100
11010000011
00111000101
01010111010
11000101111
10111010010
10010111001
01011101000
01001010011
00101101101
00110010000
10110101011
10101111001
10110001010
00000011101
01100001001
01001101010
00101000100
11111011000
00011111011
10110011111
11011011011
01001011001
00000001001
00101111110
10100100101
00011101100
10111010100
00011110011
10010111111
00111000011
00100100011
01111000110
00000101011
00100010000
01001100110
00110100110
11100011010
11100010100
10100111010
10101111100
01100110110
11010001110
10011111001
11010110000
00000100100
00011000101
00011001100
11111001101
00011011011
11100101110
10100101110
11110011011
11011001010
11000001101
01011001000
11011110101
10110000111
10101001000
01101000010
00101001001
01110100100
11111110101
11000001001
01110010001
00100111011
00000110000
01000001111
01000110110
11100100001
01010010100
11011011011
01110010011
00111001110
11100010101
10010001011
00010011101
11000010010
00010100000
01011100110
11000101100
00110111110
01000100011
01101011010
10101100100
00000101101
01000101110
11011001101
11001101010
10101010100
10011111000
10101111000
11101100110
10010110100
00100110110
00110101101
00111100111
10001000101
01001001111
00000100011
11101111111
00101101110
11101110001
00000111110
00011110000
11011111000
11101010100
10111111111
00101101011
11010100010
10001110101
00010101100
11111010001
11111011101
10100100011
10010100100
00000000011
00110010010
10000100011
10000110111
10101010101
11001001011
11010111111
00010001010
11111011110
01010101000
10101110000
00110000101
00011110000
11011100110
11011111010
11101000000
01110100110
10000001000
10010011110
00000101110
11010100110
11010011111
10101011110
10000100101
10100101100
00000101111
11000101011
10000010001
11111011101
01010110111
00110011011
00001001010
01010100010
11011101100
11100111010
10011001110
00100000100
10100011100
10100000011
10011011110
10011000101
00110010000
00111101100
10001000100
01011010010
11001000001
01001110010
10110111000
00010101010
10100110100
00010101101
00101000101
00101101111
10100110000
01111001011
11110000000
00100100001
10100111110
00011001101
11111100111
00111101011
11111010111
00100111010
11001001111
10111101111
10010000011
01101001111
11101000101
01001111010
01111101101
11111110101
01010011011
11001110101
11000111010
01010010001
10011001001
01110100101
10110011000
01011111111
01111000100
11000100000
01101111001
01111101001
00011001110
10001100010
00101000101
01101010110
11001010111
11000111101
10000000100
10010111010
10100100001
10100011001
11011110000
01110010111
11101100101
11011110001
01001010100
01000110010
10011111110
11011110010
10100010101
11110101101
10101001111
01111000001
00101001100
10101100011
01101101100
00001000001
10110101011
00111001101
10011010100
01000110100
01000001001
00000111101
10010011100
10000100110
11101101100
11011100101
11110000110
01011001011
00100111000
11010101000
01100100110
11000101001
11001110110
00000000111
10100100111
11100100001
11101101101
00111001100
00100010011
11101100111
01011010010
00111110110
11001110110
00000110100
00010011011
11010011011
01001011010
11111100010
01010101111
10110011100
00010110101
10110110001
00100110101
00000100001
10101011101
01101010010
01110001110
11100000001
10101111111
00011000101
00011111011
01010000100
00001101010
01000110011
10110001101
11000010001
11111101011
11000101010
00010011111
10011101001
00101001011
01000111000
01111110101
01000101010
00010101010
10101101010
01100111110
11110100011
10100100101
11101101110
10011000010
00110110110
10000001000
11111011000
11111010101
00100110110
11011010011
11111010000
01010101001
00110111110
01110110010
10001001001
01101001001
00010110110
10001111101
00000011110
11010001101
01100001001
10110011110
10011101010
01000110110
01011110011
00110110100
00111001001
00000011001
11001100101
00010011111
10011011010
00110011101
10001111110
11011111011
10010110010
00011011110
00010001001
11000101000
00001011011
10001010011
10101100111
11101110011
11101011010
01000010111
10001110001
10101000110
01010001011
10110101010
11000011100
10010111001
10111101100
11011101011
00010100101
11001011000
01100001001
00101010001
11100100100
01100110100
00000101110
10010101101
00011100110
00111110011
11000000111
10111001110
01000000101
01101000110
10111111001
01100011100
01000100110
10101111100
10010100010
00101010110
00111010110
11010111000
10100110010
00010011110
01001110101
00010101011
11110000101
01000011110
10000101000
10010000010
00100011101
01101011001
00111101000
11110110001
10100000111
00010010101
11011100110
01100000001
01100011010
01110101001
00111000100
01000000100
01100110110
01101111110
01111100100
10011100100
10010101000
11111010010
01110001000
11100100000
00110100010
10101010101
00111011100
11011110110
01000011000
10001010010
00111110010
10100000111
11000000111
10011001100
00000110100
11100110111
01001111101
01011011101
01011001001
01110001011
00101000110
10111101101
01111111100
10011011011
10100011110
01000011011
11110001110
11000011011
10110110011
11010010001
11110011111
11001011001
11101111011
01101100001
10101100101
11011010000
00000011101
11010111010
10100111110
10100000001
11101011110
11000100100
01001011110
11100100010
10111001011
00101100101
01100011001
00111100001
00100001000
10001111000
10011101011
10001010001
10000110110
11000101000
00000000001
11101111000
00000010001
00000111100
10010111010
00011101111
11011110011
01100101010
01100000100
10111110101
11001111101
10101001110
11110100111
01011111011
10001000110
00100110100
01110001100
01101110111
01110100011
01011111111
11000101011
11010010011
01000111001
01011100111
10001000001
10100001100
00101111011
01101111110
00001111001
00101011001
10110111011
11000111101
00011110101
01010111001
11001000111
01000000010
00010111110
01010001100
00101111110
01111111110
00000110111
10111010000
00100100001
00010011010
01111000000
00001000110
10001011110
01010101100
00110101000
01110001000
01000001110
11100011001
11001100001
01001101101
11010001100
10100010001
11011010111
11010010110
11000110111
10100011111
00100010100
10000111000
11011001101
00001001000
01010101110
11010000000
11111011110
01110100111
00110001010
10111101101
00011010110
00000001110
01101101111
11111000001
00001101001
10010000011
00001101001
01110010101
11100101111
11000011011
10100000111
00101000110
11001011001
01011111100
00111100111
11101010011
10011111110
10000101100
01001111011
11110100110
11101011110
10011100000
00000010000
11111110011
01001001011
10101110110
11001111101
00000001100
01001001000
10011001110
00001110011
01101000111
00010110101
00011111100
10011111011
00011101011
01100111101
10001101001
01111011001
00011111110
11111101011
10000001000
01000000001
01110110010
00011100111
11100101000
00000000111
00000000111
01011101100
10111010100
11101000010
01000010100
01001010001
11111100010
10000011111
01000000001
10011000011
10111011100
10010100000
01000010001
10100110111
00001001001
01101010001
11101110111
00100111010
10000011011
00110010111
10101100001
01111101000
00111001001
10111001001
10111111011
01001001001
10100001001
01010011111
00111001010
00111110100
11100010011
10100101110
11101010100
01001001100
00101101010
01100111111
00100000111
00000111010
10111110111
01001101111
10100001100
10101010100
01111101000
11101001001
10000001011
11110110101
01000010010
10110100101
01111001101
11000011100
01000000000
11011000110
11111000100
00100010000
00000110000
11111100000
11000100000
10001110011
01000011100
10110010101
00000000111
01011110111
01010100101
01101100101
10101111110
10110111000
00011111100
00000101111
11101010110
01101110010
10011000000
00110000101
01001101101
01000010111
10011011101
00101011100
01111000111
00001010100
10000101100
11110010110
11001111101
01111100001
11010110001
10010001111
11000110100
00000101111
10110100100
00001101110
00010101000
11010001100
11000110001
11010110110
00111111011
00001000011
01000001001
00111001111
01100001110
10110110100
00111010111
11011101111
11010001111
10010011000
00110000111
01010100111
11001001011
01111001011
01101001000
11101001110
10011111100
01100011001
11001111001
00000101111
01001011011
10101100011
00010110010
01110010011
00001011011
10001101001
01101011100
10010010111
11001011111
11100011110
11110010000
00101110110
01111000011
01100111101
10000111100
11111100000
11000110111
10101110100
00001101011
00000110000
10110011110
10110001010
11001111001
10101000110
00000111010
00100100011
00000110000
11110101001
11001100110
00101101010
10101111100
11101110010
11010000111
01100001111
11001110011
10100100001
11100100001
10000111110
11100000001
01101101101
11001111101
11101000001
00011110000
00001001011
00101011001
10010000010
00101010001
10111110000
10101111111
10001011010
11111101111
01010110001
00110100000
11000000110
11011001010
11110100100
11001111011
11000011001
10100001000
10101010101
10001011011
11001110010
01000100110
11011100100
00010011101
10010001000
01101111010
00111101101
11001001110
01011111110
10011010101
01011101010
10100011010
00101110011
10000111001
11110101000
01100011000
10001011101
01010011000
10011100010
00101011100
00100101110
11110000111
01010010011
00101010110
10000111111
00110010010
11011000111
10000001011
00000111000
01100001101
11010010011
10101000100
11111000101
10010000011
10011010110
01100111101
10010111001
00100100101
11110110101
01011001100
11000011101
11110010100
01010101111
10001100000
11110010111
00011110100
01110000011
10100110011
11010111011
11111111110
10101101001
00110010001
10011100111
11101110011
11111101110
11001011110
10011101110
10100000110
11010000001
11101001110
11110001111
11110000010
00101110011
00100100101
10100110111
10100110100
11011111010
00101110101
00111011111
01110101101
11100011101
01111100100
10110101111
00101111001
00010001001
01011100001
11011111100
10100100011
10101011011
00001100011
01010110111
10010111010
10100111100
00000000111
01000111111
10011000000
01100100101
00100111011
11000110001
11010101110
11111110011
01000110101
10101100101
10011010010
11111011001
00001111111
11101111000
00011100010
10001110001
10000000110
11101101001
11101010110
10000100101
00111010111
10001000000
10011010100
00100001010
11010001111
10001100100
10111100001
01001110100
00001111000
11111000111
01101000111
01000111101
11010110011
11010010011
11110001000
11101110111
10111110000
00000101110
00101010011
10110110001
00110101001
01000100100
10100001101
00101001100
01001000100
00010101100
00111011110
11010100100
01011100100
11111011011
11110110001
11001111001
01101110101
01101011011
10111110001
01101010011
10110110001
11010110111
01111100011
01110001000
10001111100
01101110010
00001110110
11111000100
10111000110
11000101100
00000010000
01110011001
11001110000
01001110001
10101001000
10110001110
00010011111
10010000011
00100011111
11110111101
10011001101
11100000011
10101100010
01001000101
01100101010
01000111100
01010000110
01100100010
00000000100
11001000011
11000001110
01000110101
10000111110
11010110110
11100011100
01001001001
01001101010
01101010001
10010001110
01111100011
01010011111
00100111110
10010000110
01100001100
10111100010
10111110011
11111000111
11000010010
11111000100
10000110111
11100010101
01110001110
01011010000
11100001011
10010001110
01101001111
00111011011
10001110110
00100101001
00111000110
01111100110
00110011101
00010001111
11011001000
10110111001
11000100010
00101000000
00011110010
01110010111
00100100011
10000000010
11000001101
00010101111
10111011010
10001011011
00111100100
11010010100
01101101010
11110010000
11010110100
00101101110
00011110001
11011100100
11111001010
01111011111
11101010111
11001110011
10000111010
01101111001
01101010101
10100111101
01010011001
10101111010
10100010011
00010001011
01100110111
01001100010
00100101001
11011111100
01011111110
11001011011
11100100111
11001110101
00011001110
11010001110
11011010110
11001010010
01111101011
10010111101
01011011010
11100110110
10101000000
00111111011
10111000100
01010001111
01011010100
00011010101
00101011001
11101101001
11011001101
00100011100
11110110100
11010100011
01111110000
00111001001
00001011001
01111100011
11100111100
10010011010
11001100001
00111010101
11011100111
11111011011
10010000011
01011010111
01011001001
01010011101
10110010011
10001111011
00110101111
01100000011
11101001100
11001000111
01101111110
11011110101
10111000110
10001111010
10110000101
11111011100
11011010101
00110100011
11100011000
00101000100
10101011110
11110001111
11101110111
11000010011
10111100111
01010110000
11011001100
11010101111
10011000100
01111101111
01001001010
10101101111
01110111000
11011111011
01010000111
00111010100
11000101000
01101000111
00100110001
01001010010
10100110110
10111011001
00011011011
10001000101
10001001111
10101010101
00000100111
00011011001
00001001111
11010110001
00111100111
10111011000
10110101111
00011001101
11100100110
00100000011
10111000111
10100001100
00101010111
11100111101
01001000111
10111000010
00000001110
11100100110
10000101111
01011101010
01100111111
11011101110
01110001011
10011100100
11110111011
01111001001
00110110101
01001110010
01000011100
00001100111
00111100100
00110011010
10100101111
10001001111
00011010001
10101111101
01000010100
11110010000
11010111001
00011001111
01000011110
01110001101
11100011001
10100011010
11100100011
00100011100
00111111000
10101101000
00010001011
11100110100
11101100100
00011100011
11010110011
01010010111
01101000110
11110001000
11101000010
01110001010
11100010110
01010010010
10110111010
01011000100
11110000000
11000001011
01010101011
11010010010
01000000100
11010001001
00101010110
11000101100
00111001100
11011011101
00111010001
00110001101
10011011010
00111000010
10010111000
00011101011
00001001010
10111011110
11010010001
11001101000
01001010100
11100100111
00100010010
00111101111
10100011101
00010000000
01101101000
10101001101
01111011011
01010010110
10010001011
00101000011
10100000011
11100010010
11111011001
11010101011
10000111110
10010010001
11010111111
01010100000
11010100111
10100101010
11011000100
10000011011
11101000110
11011100110
10101001010
00011101011
00100111111
11101000010
00100110011
01110000110
11100100011
00010010100
11011001010
10110110101
00101110000
10010010000
10000000011
00011100000
00001000110
11010101011
11001010110
01001000100
00100011111
01001111001
11101001010
10100101000
01101100111
10110111001
00011101010
01101110011
00010101111
10111011111
00100101100
11110100010
01000101001
01101100011
10001010101
01010011110
10001111011
00110101010
00111101101
00110100001
00000111010
11001100111
00011010001
00010100101
01000100001
00110111101
11000110101
00110100111
11010101100
00011111110
00000101001
01001011000
01110111010
00000111011
01000010011
11001111110
00001011101
01011000111
01111100000
00011001100
00001000011
10010101001
00100010010
00101001110
10010011010
10110110110
00010011111
01100011011
11110111110
11001110110
01011000100
10110000101
00111000101
10001110110
10111010011
00001101111
01101100001
10110010011
10011110110
01111000010
01101010101
00010110101
00010010000
10010100101
11010100000
01111001010
00111100101
11001011000
11010110010
01101110110
11001110110
00001011101
00000000110
00101000100
11100000110
10101011101
00011110111
00111111010
01100011100
01011100001
11001011011
10010011101
10110010100
01000001000
11001001011
00101011110
10000010011
10111000010
10111011101
10100000011
00001100111
01010100110
01101110100
00011000110
10100101000
01110110000
00000000101
00101110100
01010001010
01101010001
10100100011
10101110100
11010100101
01100101011
00110100001
10110001101
11001001000
01011001010
01100011001
10011110101
00000101111
10010101100
01001010011
01001110110
01011011101
11001011000
00001111001
11111001011
01100001100
01101110101
01000000101
01111010111
10000101011
01110100010
00011010010
10011110010
10001011001
10101100011
01101010111
10100111010
10011101100
11001110010
11000010110
01010101011
00011110011
00110110100
01110010001
11000111010
11010101010
11001010011
10100100000
11001111011
01011010110
01011100110
11110110100
00100100000
00111000110
10110110010
01101011011
11000111011
11010011111
11011000100
11001110011
11001001000
10000000000
11001011111
01110101101
00100100101
11010101000
10011111100
10101101001
01110101100
01101011100
00011010011
11111001001
01111000011
01000100101
00001101100
11011000101
11101111000
11010111000
01111000011
00000010001
01000001001
11100101001
01110011011
00001101001
00000010011
01100101100
11100011010
10000110111
10000101101
00101001100
01010001011
11010100011
00111011000
00100011011
10010101011
00100011111
11001001010
01001110100
11010010101
00001001011
01011000001
00101101011
00010010111
01110100010
11011110110
00001111010
00110010101
10110111001
01000110100
10111010000
00100000110
01101111101
10100101101
11010000000
00110000101
01000100100
11100111010
00111010101
10000000011
10000010000
11010011010
00010001001
11111100010
11001100110
10010001011
10100010110
01101001011
10110101100
10000010000
11110111001
11111101110
10101011100
10011110110
01100011101
11000101010
10001010101
00110101110
00001000001
11001100111
01110110001
00101100001
10000000000
11111111100
01000000001
00101000100
00100000110
11010011110
00010011000
01000010001
00111001110
10111010011
01111001000
10101111101
00001010110
11010000101
11110000100
01100100010
01100000100
10110100000
01110010000
10110010001
01110000011
01000100001
11101001100
01000001001
00101001000
00011011011
00111100001
01101110011
10011100101
01001011011
00010110110
00011100100
11000111111
01011000001
10100000001
11010100111
10011110010
11100101011
01001000001
01100100101
01011000111
00100010011
01110100000
00010011100
11110000100
11100011111
10101001000
00111000010
10000010011
01001111010
11010010001
10100100111
00010001111
01000000010
00110001001
00001111110
11110010100
10010100011
00101011111
11010111010
01100010011
01111101011
10111110010
11000000010
11101011111
00100101101
00101100010
11011111000
10010110100
11110110000
11011010111
11010000111
01000111010
01000011111
01001011101
10001001101
00000011111
01100100111
11101100010
10010001111
00010010010
00100010000
10000111111
11110110101
00110100000
11110010110
10111010011
11011001100
11001001000
00110100111
10100100011
01100001010
10011111000
11001011011
01101110010
10010010000
10100011011
11010000110
00010010001
01001000001
01111000100
10100010010
00011110111
10100011011
00010011000
11010010011
11101111100
11111110001
01110000011
11100011000
01111111011
10110100001
11110100111
01100111101
00101100111
10100101111
10101001100
00001100000
01000110111
10100000101
11010101101
11000100100
01111110001
01001010111
01110101111
00111001010
01000001011
10110011010
10101011000
01000010011
10110011111
10001111011
10110110111
10001111001
01111001011
11001001001
10110010111
00101011111
00011001101
11011010011
10100100010
01101111010
11100101011
01110001010
00011101010
00111000011
10101000111
10000110010
00101011110
11100001010
01001011100
11011111000
10000101000
01000111100
01101001001
10101101001
11010100011
11111011101
01001110000
10111000110
11101101000
01110011111
10010100011
01011010010
01110100111
10000001101
00101011000
11011010000
10110101111
01011111111
10100000111
10001011110
11101111110
11000110011
10010000101
01001100110
00101101111
00111010000
10101110111
00011100110
00011110011
01101101000
10010011111
11100000011
01100111000
01011110000
10011010011
10001100011
10101011001
10011110000
11001100000
11100110110
11111000011
00100000100
11111011000
00100100110
01010101010
01101100010
10000010001
10100100001
00000010011
10000111100
00010011011
01001100111
10100100100
10010100110
00101000101
01011010011
00101000000
10110101100
00101101101
10101100111
10011111101
11101111001
01010000011
00000000111
00010001101
10010110001
11110111110
11001111001
01110011000
00001100110
01000001101
11001111011
00100100110
11111001001
11010100101
00100011010
11010101101
01100011001
01111100110
10100010000
00101111100
00011010101
11000111100
10110010010
11110001111
10110100001
10111101110
11011111101
01111100000
11111111111
01111111101
01010101111
00101000100
01100101011
01110100110
10000101100
01101110010
00001000110
01001110011
00100010001
00011001101
00001101101
11101101110
00010101001
11000001111
00100001110
10100000111
11111111001
01111100101
00101101101
11101100111
01010010111
00110010111
10110111001
11011110100
00000100001
00000101010
00010010000
01001101101
10000111111
11101000100
10011101110
01001111101
10111010100
01001010111
10110110110
00100010010
00010100001
10111001001
01100001111
00000010100
10011110101
10111110101
10110100111
10000011101
00011000101
10100100101
01111100101
10000001001
00001001011
01101110110
01111101010
01111000101
00101010001
11100101011
00010001011
10010110100
11110110100
01101100011
00000111001
00110100100
