11000000001
01000010011
10010011100
00111011010
10110010111
01001110001
00010101000
11110101110
01101011000
10000101100
01101000101
10011000001
00010101000
01100101001
11101010110
00010101001
01100101100
10110100001
00011011000
00101100000
10110101000
10101011101
00111001111
10001110110
00100100101
10111010001
10001110011
01110001110
00001101110
10001011001
01011001001
10000010101
11111001110
01000101111
00000010110
00000001111
10110000101
11110000011
10011001110
11101001101
10000110000
10011000000
10100000001
10011010110
10000100110
00100100001
00101010011
01010100101
01110011000
11110011111
01010111110
11010111100
01111001011
00001110000
10111010111
10101100111
10110101001
00110101011
00101100011
00110101001
10100001101
00111111010
11110111110
01000000100
01100001000
00111100001
11100010001
11010100010
00001011100
01001100111
00000111000
00010110100
00011000100
00101011100
11001001011
11101010110
01100011111
10110000011
01011100111
11000011010
11101101011
00110000100
00011101010
01010110001
11111010000
01110110101
11110011100
10011000000
00000001011
10100011001
01101110100
11100110011
10111101000
01101110111
01001001010
00111100010
01110001010
10111010010
10010111010
11010011011
00001100011
10010010101
10100101100
01011100100
11101010010
10110010101
01110101110
10101011011
01000011111
00001100010
00111101101
10000000111
01010000110
11111110100
10000000000
11100111100
10011010111
00100000001
00001011101
00001010101
00011001000
11110101110
10110100010
11001001110
00100001011
01111111000
01111101010
01001110110
01000100100
11010010011
11100100111
00100001011
11000111110
11001000011
11000010011
00010111111
10010011101
10010000100
00111110011
10011101111
11011000101
11010010010
01110110010
11010100001
01011001011
01110001001
00100100101
01111101110
00100101011
10111001100
11000111000
10101011010
00011000110
10110000111
11011000011
01111000101
00000100001
01111111110
00001110110
10111101001
00100100010
01011111000
11011110011
00111000111
11001000100
11011110100
11100111001
11101011100
10100100101
00001010010
00101011111
00000101110
01101110010
10101011100
00000110010
00001111010
11111111101
10101000101
01000110100
11100010001
11110010110
11001011101
10000111101
00111100111
01001011001
00010111101
00100000111
01001110110
11100101110
10110100001
11101000110
00000111000
11011110110
10010100011
11010100000
00100011001
11101001101
10111001111
01001010101
10011101100
01101110101
11111111000
01100110000
00101011000
00001011010
01110011110
10011010000
01100010100
10101011011
11011000010
11101010001
00010110101
10001000110
01111110111
10011110111
11010101110
00001010110
10111011111
11110100001
00000011010
11001001011
00011010010
00011001100
10000000010
01100100000
10010001001
01011111110
11101101011
10110110001
00110000110
11010111011
10100111110
01101010111
01010110010
10010011010
00010110111
01011000001
10010111110
00100100101
10011100111
10111011100
10111100000
01110001100
01110010100
01100001101
10100101011
11010001010
11101100000
11100100001
00010101111
10011100110
10001100111
10010011010
11111010111
00100011111
10001100100
11110111010
11001000011
01111000000
10011001000
11101011001
00110110100
10111100111
01011010100
11000010000
01010100011
10101100010
00010110110
10110110100
11100010001
10111111010
11100100001
10111010111
00101111001
01001010110
11101011001
11010101010
00011000010
10011001110
01110110011
11010101110
10111100110
11000110001
10011000111
00110101010
00000111000
10100001011
10010011010
01000011110
10111111001
01001110100
01111011000
10011100101
10000101101
10100000000
11101100100
00010011110
01111111010
11101100001
01011001111
00110000111
11000100010
11110011110
00111011101
01011011110
11011000011
00011011011
01001100001
11100100101
10101001001
00101110000
11101111111
00100101100
00100000010
11000100001
10110111100
00001101011
01100001110
00010111111
00100001110
10001010000
10010010010
00110000100
01010001011
01110001101
10000010111
00010000000
01001100011
01000100000
10111001100
11001100100
01101101011
00011001101
10111011101
00110110110
00110111110
11110111100
01011001001
00000110000
10101101100
11000001101
10011010010
11000100000
00111010000
11110111011
00110001001
00100000110
11011000101
00100110011
10111110101
10111101011
11110110111
01100111010
11000100111
00000000101
01000001101
00001111110
10101001000
01010101100
11011001111
01110100101
01000001000
00101010001
10111011000
11010101000
00001010111
01110010111
10001000110
00111111010
11101110010
00101010100
01000110011
10010001110
01001110111
11001110110
00110100011
01110100000
00000001100
11000100100
01101001100
11101001000
11110110110
11011111010
01101000001
00101110101
00010001100
01110011100
11110011011
00111010010
00011101111
00001111010
01011111010
11000001011
01011000001
11011010001
10010000110
00110101110
01010011110
11101110000
00000111101
11101111111
00100111011
01000110101
10110001011
11101001010
00110100110
10001110001
01111111100
10100101110
11100000100
00100011101
00000110100
01100000010
11100101110
10100101110
01010101101
00110010110
10110111000
11000110011
10001000100
01110100000
00010100000
11000000001
11101101011
11111011101
00001100001
10001011011
11010000101
00101111011
11011011010
01010010100
10011010000
00101111011
11001110101
11100101001
00101100011
00101001010
01111110111
00101001001
01010000101
11111100101
10111010001
01110011010
11000001111
01101100100
00100000111
11100110110
10010000011
10001100100
11100001011
00001110011
11110000111
11000100111
11101100100
11010100011
10100001001
01001011111
10110011111
00001000100
01001111100
10110100101
00010101101
00011101111
00111100010
10000110011
01010111000
00000010011
01011110111
00001001101
01001101110
11110101001
10101101101
01000101110
00101111100
10110001011
01010100100
01001110100
00010000000
11110010101
00001101111
11000010100
11110111011
00110110101
01000101111
11011010010
00001011000
11000100110
00010100010
11110111011
01110100111
00111001001
10101001011
10111001011
01011001010
11000101000
10101010001
00111010000
01001100010
00000011010
01100001001
01010010110
11111110010
01000111011
00011110100
10101011111
11000111000
01110000001
10101011111
01110001100
00001010000
11011111010
01101001000
11001011000
00001001010
11001001111
10011000101
11011100111
11010111010
11111100000
01011000011
01011110110
10111111011
10011010000
00100001001
01010110000
11110010001
01000100010
00001011100
00011100011
10001100100
00101101100
11010011010
00000100011
11101000010
11110000111
11100101000
01110000101
00011101011
00000000110
00001000000
10111001100
01101011111
11110111000
10101011011
10111000111
00011010110
00101001111
01000001000
11011100000
01001101001
11111011000
11100010111
10010101000
01101111100
10000011100
11000111110
10011010111
00000010001
11000000011
01100000000
11000110001
00000011110
10100001101
01100001110
01011100100
11100101110
11000100000
01100010101
00000011110
11111101101
11101011011
01100100110
10011110000
11011000101
00000111010
00010000001
11011110100
10111111001
01010101100
10010110100
01011101110
11101000010
10001001100
10001111001
01010101001
10101101010
00000110101
10010001010
00101001010
11001110100
01110001100
01000110110
00111001010
11010011100
10010000101
00001011001
00001001010
11010010001
11100010100
10001001011
11011111010
11100010101
10110001000
11111101110
11010001000
00001100011
11110101001
11100100001
11010010100
11000001011
00100010100
10100001111
01001101010
00111100001
10000010101
10001011100
10111100001
10011011001
00101010110
11011100000
10001010001
01110110010
10100000110
11100111110
01000000010
11111110000
01111110010
11101011010
11001110001
10010111000
00010110110
11011001110
11100001100
10111110010
00010001100
11100000101
11110101001
11000000001
00110110100
00101100101
11001000110
01000010111
11001010000
10001000111
11001110111
11011111010
10101100000
01100100111
01111111011
10011100111
11100110000
00110111101
10110110000
00011011110
10101011111
00010010010
10000101110
11011001101
10110100101
00110111010
10100011100
01101000101
01100100100
00001000010
00111111110
10100000001
00011000101
11101100011
01011010011
10010110111
01010111011
11010001110
10101101010
10000010010
11001111101
00101100110
00110100111
01101100100
11110110010
00001110110
10100000100
10110101100
11001010101
11000000000
01001101101
11011101001
10111100111
11001100110
00101000111
11011110000
01110110000
11101111001
01000000100
10011100110
01001001011
11000111100
11101110010
11110010001
11101010000
01111000110
00001001100
01110110000
00111011011
10101111100
00111010000
00111111101
01001000000
10001000110
01111110100
11001100000
00110000111
00010101000
11001111001
10101101110
00011011101
00001011100
11111000100
00100101001
00111100101
00101111101
10101100110
01100000010
01011000101
00100001111
00010110001
01011001000
10111100100
10011111110
11011101101
10001100111
01010011100
10111011010
00110001100
01011011100
11000001100
01100000000
01001101000
00110101000
00100001000
00100001011
10110110011
11111100001
10101011000
01011110001
00101101101
00010111101
11110111011
11000111110
11001001000
11101111000
10101011101
01001110111
10000101000
00001111101
00001111111
01001011101
11100110100
10010010110
10011110011
11001011010
01011110100
00110100101
11110100000
10010101111
10110101100
01010100111
00101001001
10011000010
10100001010
10000000001
11111000000
10111011011
00101110100
00101001001
00100110010
01000000100
01100011001
11001101011
11000010111
11111010000
01010110111
00001110100
00000010101
10111011000
11111010000
00111011100
00101111110
01001111001
00001001011
10110011000
11001010101
10010110010
00011111110
10001001010
10101110001
00101010111
01011100110
11110001011
11100001101
10011101000
00000110111
10011111000
10010100011
01001111001
00110100100
00011000101
10110111111
00101101110
11011010111
01010100001
11111100100
00001110001
11010110100
10001000011
00000101001
01101110101
01101000010
11001100110
01011100000
00101000000
00100100010
11101100100
00011100011
10111011110
01101001010
11010110100
10011100111
10001100100
01010100000
11011010001
10101001010
11111001011
01100011111
10111011011
10001001000
10101000110
00000101100
10001111111
00010000000
10101110011
10111011011
10011100110
11101111100
10110111110
00000101110
10000100111
00100011111
00010100101
10011110110
01000100000
11100101011
11001010011
00110100111
11110001011
11010101101
10011000100
01110000110
00010100010
10110000000
10101110110
00110001110
01001010010
00001101110
10110000101
10011001101
00101101000
11100000111
11011110100
11101101000
11010011000
10111011101
00000010011
11001011111
01100100010
10110110000
01111110100
11110000110
01001110010
00101101000
01111011001
11111000000
00101100110
10101000010
10010001010
11100010001
10101100110
11000111001
11100000100
00010100101
10000001100
11010001110
00111100101
01101010100
10110000110
10100001000
00110000000
01101100111
01011001111
01111010000
00001010100
11000010000
10010100101
10110001001
11010111111
11011000101
01011101000
01001000000
10110101111
10100111011
00110011001
01001001111
01101000001
10111011001
10010001100
10111010010
11100011000
01101111011
00001101001
01000100100
10010001100
11100110001
10110010111
10000011000
01110111110
10111010001
00000100101
10010101000
01101011110
01011000110
00010100111
11100010010
00010010110
10011100110
01001010111
00000010001
01110001011
10100011011
10101100000
00010001010
11101111011
01001001000
10000001000
01000101010
11000010111
00111100010
00000011101
00010100000
11111001010
11000100110
00001100111
11100100110
11000101111
10100101001
01111110010
10110011100
01001111101
00111101111
01110111111
00110010100
00110111101
00110100011
11101101101
11111111010
01010010000
11010000000
00101000110
10000011000
00110100101
10010101000
10100100101
00101110101
00011101011
01110000101
10000000011
00101110001
00001010100
00110000110
10110110111
01101011000
00010000100
11101100100
11101011111
11010110100
10011111101
10111111001
10110111100
00111000100
01101111111
11100110101
01010000110
10100011110
01011110000
10111010000
10001101100
01100010100
00001110101
11111001101
00001111011
11111000100
01000001100
01011100000
10100010101
10010111010
01111100101
01000001111
01101111101
00011100101
01101000110
01000101001
00101011001
11011001010
00110111101
11110111011
00101000100
00100010111
00000111111
10000001110
00111101000
00111011000
11001011101
00011110100
00101100001
11101010000
11100100111
11010010010
01100010100
10111000010
11101011010
11011011011
11000000010
10010000111
01010100111
01010110110
01111101010
00111000011
11000010001
11111010011
10110010000
00100111001
01010001101
10011000000
10101100001
10111111011
11101110000
10001011110
10000000010
11100100011
11110000000
01011011011
11100001111
10101110100
00100001001
10010001011
00100010111
11010000100
10100001011
00110000011
11100101101
11011100100
01100000010
00011000110
00100011000
11011010000
00000010111
00100101100
11100110110
00001110101
11111101110
11111001111
11100011100
11010100111
00101010000
11101011110
10000010110
10100000010
01101000111
01111101110
01011111001
01010101010
11001101011
10000001111
00010100001
10110011010
01011100001
11100100001
01001111010
11011110110
01000010101
01000100000
00111011101
10110100100
11000010001
00001110010
01010111011
01101110000
11010110110
10011100111
00001110001
01000010001
01110001000
11110001111
10101110100
01001000001
00110111001
11100011100
00110010111
11000010101
01011010010
00011101010
01000110100
01101010101
00101011110
00000101010
00000010110
11100110011
00110110000
11101000101
00000100010
01001000010
00110010100
01101001111
01101000110
10100000010
10111001010
10001100101
11011100111
01110000110
00111101010
01100101000
10100111010
10100010000
11110000111
01111011010
00111011000
01010011101
10010101100
11101011010
01101110110
01110101010
01000110000
11010101111
11100010000
00111010101
01011110111
11010010010
01001001111
00101001001
00111010101
10110101001
00001000111
10110100101
01010100001
01100101110
00110100010
11000000100
11001101101
10001000101
01101010101
11101111001
01000111010
11011101111
10000101010
11101001101
10111000011
11011001100
01100101100
10001001001
00100110010
10110000000
10010101000
11000011001
11101111000
10111110000
11110111110
01111110010
10100010101
01110010110
00101001111
00010111111
10111100001
10110000111
00101101000
10110111011
00101100001
01101111111
10110111110
11010000110
11110001101
01110011001
01010101010
10010101010
00101010110
01010101010
11101101101
11110110000
10100010111
10100111000
00001001010
10011100110
00011010001
00111101010
00011100111
01110000011
00011001111
10111010111
10000100100
11001101001
11101100011
11000111111
10001101001
00101110110
00100101000
10101111110
10111011000
01001011001
10110100011
10111110001
11010000111
10011011101
10111000101
10100100001
00101000011
01101001000
11001111010
10100101101
01001001100
10011111000
01010001011
01010110101
11011010010
11100000100
00101011101
10111110100
01011011011
01101010101
11000101101
01100101101
01001001101
00000101001
10000101000
00111011010
10010000110
00001011011
11100111011
00010111000
00001001000
00111100010
11000111010
11101011101
11000011111
11010000110
10101011001
00001110001
10011010100
10101011000
10000000101
10111100110
10100011001
01100011000
10101100110
00111000100
00100100110
10111011000
10001110011
01101111011
00111111010
10011001111
00111100001
00101010101
01101101101
00100101110
10001100001
11111111011
10011101001
11010111011
01110111110
11000000010
10111101111
11101011101
00110000011
01100000111
01101010110
11000101100
11001000101
00000111101
10101100100
01001010001
01000101001
00101111000
10100100000
10010001110
01111000000
00001110110
01101000110
10111101011
11100110001
10011000000
11100110111
10110110011
00101000101
10110010100
10000101101
11100101000
11101100111
10110110110
11110110110
11101000010
00001011000
11001110011
01110001110
11010100010
00011101101
10110010001
10001000011
00000001010
01101101010
01100011010
11101110101
11110101000
11101101001
10110111000
01010100101
10011110111
11110011110
11001111001
10010100100
10011011000
01000111001
00111001000
11011000001
01110110000
10100111100
11100000101
00110011001
10010010000
00010110000
01110001011
00000001111
00111100100
10010010111
00000011100
01010011010
00110100100
10101000110
00111000001
01100010011
00101100111
00000001101
00011010000
10111101101
11011011000
01110100000
01010110101
11111111111
00110010010
00011011111
01000111011
01000011000
11011001111
10001100001
10100101101
11000011001
10101101011
10010111001
10001110100
10111100111
01111011100
00010011111
00000011100
10011010001
11100111111
00011010110
10010100110
01001100110
11100000000
01001011000
11000001101
11110000111
10100101011
01111100001
01111100100
11001010110
11101111010
10001100010
01111000001
11100010101
10101101110
10010111001
11100111100
01100010101
00001110010
01010110010
01000110101
00110110110
01110011010
00000001000
00101100001
00011110000
01101101010
00101000110
01000001111
01000101000
10111001010
01100010010
10101111011
10111110111
01011010100
00011110111
01000010111
10101101011
11100100100
00001001110
10001001110
01110111010
00100101100
11100000111
00010110000
01000110010
00000001001
00000101011
01110010100
10011010010
00100101100
00011101110
10101111110
11101010110
01111110001
10111001110
00001110011
00010100111
01110011111
00011001000
10100000110
00110110001
00001100110
00010101010
01110000001
11101110111
11011010011
00101000100
11011010100
01001100011
00000001101
01111111101
01000010011
10011010010
11010101110
01101000000
11101111100
11111001010
00100101010
01000011011
11001010000
10010100110
11011001111
10000101000
10001010010
01111111100
11101100010
00000010010
11111101101
01111000001
10010110000
11110001011
10000110101
11000100110
10011111010
10010000111
01001001011
00110111110
10010100011
11000110100
01111100010
11001100011
10100000001
11100110011
00101011000
00011111011
00101000000
00001110011
01100011011
11110111011
10100110101
01110000110
10000010000
10011110110
01001110111
01111111111
10110110000
10100011100
00011101110
11110100010
11111110101
01111101101
11011110001
01100110001
00001101111
00010111100
11111000100
01001001001
01001111011
01111100001
11000111001
10000110100
00001111010
00001010101
11111101011
10111001010
11010101001
11111000001
11110001001
01011110011
11011111100
11001000100
10011110001
11101110000
01100010100
10100101010
11101011100
01001001101
11100010100
00111001000
10100000110
00101111110
11101000111
00011000110
00010011111
01011010101
11100101111
10011010100
01011100101
11110000001
01100100010
00111011101
11111010100
10000010001
11100000000
11111101000
01000000010
00101110011
11011100100
01001110010
00010101011
10100001010
00011111011
11010000110
10001000011
01000011101
10111100101
01001100111
01010001110
00000011011
11010100111
10000001101
00010111101
10101010010
11000101011
01101010010
00011000100
01010110110
11100111111
11011111110
10010101010
10101111001
10000101010
11001111101
01001010011
00110000111
10001111111
01110010010
10101001001
11000010111
11010000011
10001000100
11101101010
11110000001
01010111101
11000100111
00100100011
01101111000
10111100001
01111110000
10010011001
01111011100
11100000110
10010110011
01011110001
10100110100
10110001111
10101000010
10001101100
01001010110
01010001100
11011110010
10101010000
10100001110
11111110011
10110000000
10111100001
00101110101
10110010101
01000011000
00001001111
11111011101
00011000111
00010110001
00100110010
00101100001
00101011011
01010111011
00010110000
10010010101
01111011100
00111000011
00011101111
01011000001
00001111111
00101010100
00010100010
10010111010
11001000100
01110100101
00011010000
11011110110
11010100010
00000000111
10111011101
11001111101
01000101110
01100001100
10011101001
10110010100
10111001110
10010010110
00011000001
10101110000
11010001101
10100001010
11000110001
10010010110
10101111010
11010011010
01011011101
11100111011
00101110110
01110010111
10110100111
10100010010
01110101000
11110100111
01100001100
10101001001
10001111101
11000001001
11110010111
00001011110
10011100101
11100101010
00011001010
11001011011
01001110110
00011001111
10001011011
00111011100
11101000101
01011101001
01110110111
01110101011
01011101101
10111100100
10001101111
10101101011
00001001000
10010111110
11100100101
01101001111
11110111010
00011010101
10101011000
11101011111
10111010000
00111110001
00001000111
01101000001
11111000010
01001110000
01001110011
10111100110
11001101011
10010110111
10111101101
01111010000
11001010010
00000010100
10101001010
01111110101
11001010110
11011000010
01011001100
00110110101
01111001001
01000010111
01011011010
01100011000
11110011011
10010101000
00111010011
11010101011
00001111010
00010000101
00000001001
00011110000
00010111011
01101010001
10011000100
11110111011
10001000101
01110111111
10010001000
00101101110
10010101110
00000010110
00011110111
10011010000
00111110101
00101000110
10001001000
01101111011
11011101111
11010010110
00010110001
10000110010
00110100011
01101100011
01110010101
01101011011
10100101110
10110011001
01010100111
01111001111
00100011111
00110110110
10100110001
10011001110
00010010000
01000000110
01011111011
11010011101
01110111001
01111110010
10110000110
01010001010
00010101110
01101101101
11101100001
11100101010
11101101011
00111011110
01111010010
11011100010
10111010000
11000010101
11111100111
01110001010
01010110111
10100010000
10110000111
01111100100
11000000100
10110110011
11001001101
00101110010
01101110000
00001001000
11011110001
01101110111
00100100101
01101111110
00101111011
11100010011
11101101110
10001010011
10001000001
01011110001
00001101000
01010010001
01110110111
00001011110
00010110111
11011011000
01110011100
01100110101
00101001010
01000101101
11000100010
10101011111
00101110000
10100101110
11110111001
10111100011
01010101011
10110000000
01100011010
00000011110
01000101111
01111101110
00001100110
00001101100
01111000010
11111011110
01000100010
01010011010
01011011010
01101100111
01101000000
10100001101
00101011011
11010011101
01110001111
10010000000
10001001000
01010110001
01110110000
01011100110
10101000111
00010000001
10001110010
11011111001
11101001111
11010011011
11110010101
11011110111
10000011010
00111101000
00101110000
10100101101
11101001110
00100000010
00100001100
10111111100
00110001100
11010000100
01110010000
01101101000
01111111110
10001111000
01101010110
00010100000
10100000000
11111010110
10000110101
11000111011
10000110001
01110111111
10110110011
10111110111
01100110110
00001110110
10000111100
01111011110
11010110010
10110011101
11100000111
11010000101
10110001100
01101001101
11111110000
01110111010
10100000011
01010111111
10111101100
01010011100
10010111110
10110001100
11101010010
01000011100
10011100001
01011100010
10010001110
11010100111
01110010000
01010010110
01101100101
10001001100
00101011001
00100101000
10110110000
11101001000
00100010101
00001001110
11010001110
11001100011
00011001000
11100010110
01110010101
00011010100
01110111011
01110111011
11001000011
00111111000
00101000110
00011101110
11000100111
01010010100
01000110011
00001110111
11111001000
00000011010
01011000100
01100001011
01011111101
11001010011
00100110000
11100001100
01000110010
11011110000
01010100110
11111001110
01110001100
11101110101
11011001111
11111101000
10000000011
01111001010
01111101101
00110001110
10011110001
01010001010
10001111010
00001101101
00010001111
10000011100
00100100100
11111001111
10100010011
01111101000
00110010101
00000101101
00111001110
00010101110
10000000111
01110100010
01011001100
01010100011
01001001011
11111110100
01100101101
10101001001
11011011001
11111010101
00010100011
11010100001
10101110010
10011111001
11010101000
01000001001
01101110101
10110010101
01001001101
11001001011
00001101110
11001110101
10100111100
00110001011
11110001111
11000110000
10000101001
11000101111
10010001001
00010100011
10101111111
11101100010
01111000011
01100011100
10100001101
01101100011
10101010011
01111001110
11000111001
01011010010
00101100111
00010010101
11101100111
00100000011
00011011100
10011110000
10001011100
11001001010
10100100101
01110110010
10001110001
10001110100
10000110000
10010010101
00010100110
01001010111
10001101001
01110101100
00001000000
10001101101
