10001111101
01001110110
01100000101
11011101000
10110100011
00011010000
10000001010
00110101110
11011110011
00001000100
01111011001
01100010000
01111101110
11100010000
10001101111
11110001000
01000101011
10011101101
01000101110
11101011101
01010011001
10011100100
10010011001
00000110001
10010111111
10101100010
11000100000
10101001110
10110110011
10010001111
01100111111
00001100100
11110100101
11010111010
01000010110
10100111010
01001000111
10001010000
01111100111
00000101111
10010011010
01110100111
11101011001
10001101101
00111000101
01111001011
11101100010
01111000011
01111111001
00111001001
00100101010
10100001100
01110010010
10111000100
00010101011
00011110001
10000111000
11110001000
10101110101
00010110011
11000110100
11111011010
11000001011
01000000101
10111110101
10111010010
01101101100
01100110011
00110011111
00100100110
01111100110
11101101111
00001110100
00110001111
11110110100
10001010100
11110011011
11100110000
00011100110
10100000000
11011010000
11011111010
11011111010
11010010011
11101100100
11001100011
10100110110
11010101110
01011100010
11001100101
11110110111
00011001001
11100111110
11111010000
00011110111
00110100010
10001011000
11010001010
11001001010
11000010001
00100101100
10001010100
11011011011
10100101010
10100011110
00101010101
10110001110
00011101101
01110111110
11010000111
11001010010
01101011010
10111010001
11001010000
10111110001
11110111010
00011101101
10000011110
10011111100
00101101110
01101111001
10110011011
10001001111
10000101110
01011110010
00110101010
00110011101
00011111011
11111000101
10011111111
11110110010
01000111100
01110110101
10101100111
01001110110
10000100101
11110101111
11111010000
00111001111
01000110001
10011011000
01000000101
00000001000
11001110011
00000011001
01101100011
01001000111
01110110111
11010100001
00001000001
10111110110
11110100000
11100111010
10011110101
10101000001
00100000010
10011100110
11000110011
10111000101
10000000100
10010101001
11111011001
10010000101
01111011100
10000000111
11001101011
01001110100
00000010000
10101001111
01000011001
01110000110
01100101110
01010100101
11111100110
10000100001
00011111101
10000000110
10111110100
01011101101
11010001100
00100111000
00000100111
01111011010
11101111000
00101110101
10011011011
11011110010
11110100010
11110111110
00110010111
10111001101
10010100111
10110100001
01101110101
10111010111
10001100100
01111011100
10000011000
11101100111
01011101101
11101000111
00000011010
00101101001
10110101110
11011100010
10010001011
11111001001
11010010110
10100010111
10010001001
10100101010
00010011010
01101100101
00001101111
00000111110
11010010101
11010111111
10111101000
00110001100
01110001111
01100011001
10100011110
01110010001
11001110001
00101001110
11011001011
01010101000
01110111111
00001000011
11000011010
10100101011
00001001010
11011110010
01100111111
01110000101
10011000011
10000100001
01000010000
11001101010
00110111110
01101100111
00000001001
10101101101
11111011000
11110111011
00101110110
11010111110
11010001000
11101010111
10100001111
01011111010
11110100110
01101001110
01111010101
10000011100
10001101110
11000011110
00110101010
01000001000
10111111010
11100000101
11101111101
11000101111
01110000101
10110110110
11000110000
01111101011
11001011101
11000010010
01000111100
00001111111
01110001010
11011101111
11010101001
00111001110
01110011101
00110100000
00001010001
11000000001
11110100101
11100111110
10101100110
10011101100
11001110100
11111011100
00101000000
11011110101
01111110100
10011110100
00010110101
01111010110
00111001010
01100001000
01110110011
01111100110
11111101100
10011011010
00110111001
01100001000
10000010110
00110101111
01010011001
01010011100
10000000010
01000010011
00111010000
00010100110
01100101101
00001101000
10000110011
00011010111
10101110011
00011110101
10101010110
01000110000
11010111000
00100100111
00010101001
00101010100
11101000000
01110100011
10111000011
11101011000
00010011101
01010101110
00110010011
11010100111
11011011010
10100101101
10000100001
11001001111
11100101101
01011000111
00101000010
10011001100
00100100011
00101100000
01001101011
10010101100
10011101011
00011100101
10101011011
11001000011
11100000000
01111101001
01000010100
11100110101
11111111110
00011110111
01110011011
11110010100
11101011111
10100010001
10000011111
11001101010
10110100111
11100010010
01000111101
00100010010
10111101001
00011000101
11101100111
01000001101
01010111111
10010110110
00001110110
11001010000
00100101011
11000001110
10001100111
11110111010
10100000010
10001100011
11011111010
01100011011
10110111001
00011001110
10011110111
01001110001
11011110101
11110101101
01000110110
10111000100
10101010110
01000111100
00010111000
11110110001
11000100001
00111011011
01011011110
00111010110
01111010100
00010011001
00001111111
00010111100
01101001000
10011000110
10101011010
10001101001
10101110110
10110000111
01110000110
10100111111
10101001111
11011101110
10000101011
01100000100
01110100101
10100101010
01101000101
11010011111
00010101110
10110110011
00110000010
01010110001
00111011011
00111100100
01001111111
01110111010
00001001100
00011101010
00101100101
10110100101
01001101011
01001000100
10101101111
10011101111
01111100000
10110100110
00111101110
00100110101
00110110100
00000100011
10100000111
00100101001
00011101111
11001110100
01000000000
01000000100
10010101001
10101001101
01110011011
10101101010
00001010010
11001110110
11101010111
10000101001
11010000001
01101111000
00110011111
01110100001
10011001011
10100111001
00101011011
00000001111
01011010101
11100001011
11010100101
00001101101
10111111000
00000011010
11011111001
11111010111
00010000010
10101111000
11001110011
00001010010
11110010011
11111110010
10010101010
11111110000
01000000110
11111110100
00111101111
10101101111
11101001111
11001011101
11100101110
00010101110
00110011000
10010101101
00001110010
11100100111
01100011000
01101001000
00011010100
00110001110
10100101011
10100011101
00011110010
01010000100
10011110000
10111100000
11101011001
01100110000
10010011011
10001110011
10000001000
10010010011
01010010010
11000011001
00111011110
00001011001
11001111010
00010000001
00010110111
00000000010
01011101011
10011001111
00001110011
00100111101
01111101101
10010001000
10100010011
10010110100
00011001101
11011110010
11101100010
10110001011
11001100010
10010110100
00011110100
10101101111
00110100011
10001110010
00100001101
01000010000
01001001101
11001100100
10101000001
00111111011
10100101101
11101101001
10111110101
10101001011
11000111111
00100100101
01010011001
00011001011
01001111000
11001000011
01101101101
01011100110
11110110101
10010111111
11110100000
00000000101
01111011101
10011101101
10111111110
00101110100
11101010110
11000100111
00111111100
00110010011
01001000110
01011010011
01011010010
01111010011
01010010110
01000011101
01010001100
00101111101
10000010101
11001100100
01011100011
00001001000
01100000100
01101100011
11001110110
00110011101
01111001110
01110101011
10000111100
11000110110
11001101100
00001111111
11101110111
00000000011
00110010000
10101101011
00001010111
10111000011
00100001000
10110001011
00111011001
00101010111
01010100100
00001000110
11110110000
10100001101
01110100001
11010100000
01001111111
10000010101
11100010111
01000001101
01101000001
11101001010
01010000000
11111100110
10111111100
11001100101
11110010010
01010101010
10010010011
10000110110
01000001110
01100100110
00000100011
11010101001
01011101100
00100100011
01110111111
10000111111
01101101001
01010101010
01011101100
01011110001
10001100010
10110001011
00111100001
01100000111
00101101100
11000111011
10100101011
10011010011
00010000101
00010110001
01001010011
11000000000
01011110011
10010010110
11000110001
11011000101
11001000101
11010001100
11000000011
00101100101
01001101100
11110101011
10010101100
10100010000
11001001001
01101111001
00011001011
10010000110
00100110101
10010001000
00110110111
00000111111
10010000110
11010010010
10110100001
10010101001
01000011100
01010111001
10100000111
01101111100
01001101001
10011001010
00010101111
01010001110
01101110010
01110100000
00010111001
10000100011
11010110111
01101100101
10101000111
00101000010
01011100000
00101010100
10001111001
11001010001
01010101000
10100011001
01100111101
00101100011
10101110000
00110001110
00111010000
10011010011
11101110000
01011101110
11000000001
10000100101
00001101101
00111000110
01000000000
11001101111
01010011010
11100000100
10101000100
01100001100
11001110011
00010101110
00111111011
00101000000
10101100100
00100000011
10111111001
11111011010
10111001001
10001101001
10000111000
01111111010
10010000111
10000000000
01000100000
10000111100
10011110110
11101001010
11010010100
01001000001
10111000100
01010011111
10111000000
01011110111
11111110000
00010110010
10111111100
00000101011
10110001100
00100001000
00111010011
01000010110
01001010111
00100001110
11010010110
10001111000
00101000011
10010001001
11100001111
00011100001
00000001110
01100011001
01100101001
00011011100
11011111111
11001110001
01011101010
10001010110
10010110010
01000001111
01010000101
10101011111
00110000000
01011110000
11111011001
11101110001
01011100010
10011110001
11010001010
10001101110
01011101110
11101000110
10111011100
11100110011
01111011110
00110001101
10000011101
10100110100
10000010100
01101001101
01100000111
11010111110
00000011001
01001100000
10010011010
11111011001
11000100010
01100111001
00110100111
10111101110
00010100110
01010001011
10010110100
10100110000
01111001010
01010110110
10010110000
00100111111
01111110001
10010011110
10001110101
00010110111
01010101110
01100100001
11010101100
00000010010
00110000011
10000110011
10001110110
00110011000
00111100100
11001001101
10000100110
11111100010
11010011010
00111101101
10101100010
00100011000
01010000000
01011100011
11011101011
00100110101
10101101011
10110011001
11111011101
10110100110
01001011000
10001111100
11000000110
00011011001
11010011000
10101001000
11100111001
11010011000
10101111011
10011101011
10010111100
11000001101
00010011001
00001111001
01000111111
00111010100
00010011110
10100110001
10100101001
11100010100
10111110111
01101011010
01001011000
01000110101
00001101100
00000000011
01010000011
11001101011
00001001000
10101110000
01010111011
01101110111
10111011010
10010000110
01110100010
00111001000
00110101010
01101001111
10011001001
11111111100
10010010110
01000001011
10000000111
00001101010
10110010101
00111000010
00111111011
01011011001
00111000111
01011100110
10111000111
01011011111
01110101011
00100011010
01011101010
10011100111
00111010110
11110010000
00000010110
01010110111
11111101001
00010010000
11000011010
01101000100
11110011001
00110110000
01100011111
00000010010
11010100100
01101001001
01001111110
10000010001
01100101010
01111100011
10110010100
01111001100
11011000010
00011011101
11100001000
01011011000
01001100110
10001001011
10110100011
01000011000
00101010000
01010000110
00010010101
00110010110
11001101100
10001101010
11101011000
00101000001
11011100000
00000001111
01000010101
11101000101
10011110001
00011110111
10100111100
00011101010
11100101101
01100011000
00110101001
11011010111
11001110100
11101000000
01110111111
11110011100
01110111001
01001110111
01101100101
11110100110
10000011010
11101111110
00000111000
00101000011
11101000010
10110101001
11111110001
11000000001
11111100101
00101101000
11101110101
11001101000
10110101111
01110010101
00101001101
01111111000
01010011010
10000001111
00010011111
00010111101
11111011010
01100010000
00111100000
11111110110
01101101000
01001100000
11011101110
11000011101
10110011101
00111101001
11010010000
00100101000
10001011011
01001011010
11001010110
10011010001
10101010110
10010111100
01111011010
11110111100
00110111000
11001101000
10011000010
11111011011
00011101000
11111101111
01001001110
00001000111
01001111000
01100111100
11010110011
00100010101
11000010110
11110010100
01111111110
11000110001
10101011001
11101011011
01110100001
01101000111
01001010011
10011001100
00100010111
11010010111
10011100101
11011100110
01010110010
01000011001
11101000100
01001000010
00111100111
00110111111
10001101101
01101011010
10011110010
01001011001
00110000110
01110100000
00000110111
11001101101
11000010101
00100001000
10111010010
01010011110
00100101001
11000101100
00110001010
00110000000
00110101001
10100110110
11011100010
11001101111
10011000000
00010011100
01110111101
10110100101
11111100010
01000110110
00001101111
00110111001
00110100100
10010110011
00010110100
10011100110
11001111100
10000000110
00100101111
10110010010
10101011011
10001110101
01000111101
11001101001
11111101111
10101011101
10010010100
01111011100
01100000010
11111100000
01001110110
10011101001
00000010010
11110101001
10101001101
01001110101
11001010011
01101110101
00100001101
10011111011
10000111010
01100000110
00011011011
00001011110
01101101100
10100111001
00011001000
00011000111
01101010111
10100101000
11001101111
00011110001
01010011001
11100111001
01001011111
10101101010
00111110010
00010110101
01101110010
01011110010
01000110001
00111000001
10111111000
00001111011
00010101111
01010101010
01100100110
00001101101
00011000000
01010100001
10100001010
10100110010
10000100010
00110100000
11001110111
01101011111
11100100010
11000111110
10101001111
10001110100
10101110000
10010010101
01100101000
11001010001
01001010110
11000101111
01100011000
01000010100
00110001110
01101100000
01100110100
01111000100
10101000100
00101010011
01110000100
00100110011
00001001100
10010101100
01001001010
11101010010
00001101100
10011011110
10100010001
00101110010
01001011010
01111101111
01111010111
00001001001
10111100100
11110000001
11110010011
00111001100
01100000010
11011111110
11111001110
11100010110
10110111001
00101011110
11010101101
11011110010
01000110100
11111100010
01100110011
11111001001
00100001010
01010111110
00101101001
01011011010
11111000110
11000011010
00111101101
10110111100
01011110110
10010000001
01000100000
01011000111
10010000010
00101010000
01001111011
01010001110
10101110010
10001100011
11101011010
11110111000
00011110101
01110011000
10001110001
11010001010
10001001100
01011011101
01000010100
00111110111
00111101110
10000000100
01100110000
01100111011
10010001111
01110000000
00110011000
01001111010
10000000100
01111110100
11000101101
01110111110
01000011111
10101100001
10011110111
01110001100
00111110100
11111010010
00001010111
01101001010
10101001101
11110011011
11110110101
10000011110
11100001001
10010000010
00111001001
01110001000
10010111110
01101011011
11101100111
01000001011
00011011110
10001101011
11111100110
00000011100
11101101010
10111010101
00111101111
01101101110
11101100010
10111011011
11110010101
10001011101
01001011100
11101100111
10000011000
00000101000
01011001010
00111110100
01001011100
01110110010
00111110111
01001000001
10011011100
00110101111
11101100001
01111110000
00001010100
00101111111
01000101100
01111010111
10000000110
10001110101
10100011011
10100111100
10011101101
10110111010
10110111110
01010000100
10100011110
10101001000
00010110000
01110001101
01010111100
01100010001
11010101100
01110100011
01110001111
11001100100
00101101110
01010100111
01110100010
00101000101
01110110101
00000001010
00001010011
11100100110
01111011110
10001110101
01011101101
10110001100
01101101110
10111000010
00101100110
01100000011
01101111011
01110101101
11000000000
00010000010
01101101001
10010000110
10011101001
01001101000
00001101001
01100001010
10010100110
10000100010
01011110101
10100010111
11111010000
00110000110
00000000100
01110010110
01100101001
00101101100
10011100011
01111001100
00000101100
11011000010
00000110001
10110000110
01101001000
11011001001
10011001011
01010110001
00111001110
00101001000
00010111101
00010110000
01110010111
01111010100
00000110000
00001000100
10010011101
00110010011
11000010000
10111100010
00101101010
00111111110
00101001000
10100100011
00101010000
01001010011
10011110001
10011101110
01100111001
00001101011
10000010000
00000000100
00010111110
00011010000
00011010101
01110111000
11010010011
00101010000
01110100000
10101101011
10101100100
01011000100
01000010001
01000000011
10000011101
10001011101
11001001001
01111111001
10001100000
01000010110
00111000000
01101000101
11011010010
01100000000
11010000111
10000111001
01001111001
11000001011
01010110100
10011110001
11111001101
00101001101
00001110000
10001010110
01110010100
00001010101
10110111101
10000110110
01100001001
00011011111
00001110001
00101001000
01100000001
10000011000
00111010101
10110110111
10011111000
11110001100
01100011110
01101100000
10011101010
11010101011
11100110010
00110011110
00111111110
00000000111
11101101000
10000111111
11000111000
11111010111
10101011101
00010001000
00010010010
01001100011
01100010011
00100011100
01000100100
00101000001
10001011011
10010110000
01100010110
00111100011
11110011101
10001000000
01001001110
01100110111
01001010000
11111110100
10110000101
00101001001
00111100010
11110101011
11010100100
11011010011
01101100101
11010101001
11110100111
00100001011
00011000011
11111000110
01010100110
11110010011
10000110111
10110001100
11101110010
10100111001
00100000110
00111001100
11000100010
11011000110
11111100000
00001110010
10100100010
11100111000
00000101101
00111100011
01011010100
01001001011
11011010011
00011110011
11100110110
11101101101
01000010000
01100011111
01001000000
10101011100
11000010001
01001101100
01111110011
10101000100
10001011001
10011011111
11011100111
00100101010
00000001111
11111100010
10100011111
11100010101
10100101100
00111100010
11101111001
00001100101
10010011001
00110001000
11011000111
01000000010
11001111111
00100010000
00110010000
00011110000
10101000001
11100010110
00011111101
01101111101
00110110000
10101111010
00000101010
01011101110
00111000101
11101101010
01111100110
10000010000
01110110001
00000011111
00000010100
00111110100
01000101001
10001010111
10100000000
11110001000
00000010000
11101001110
10010011101
01100111101
00011001000
00010001101
11110110011
00001010111
11100011100
00011000010
11110010111
11001101000
11101001001
11010101011
00000111011
11110001001
10101100010
01111110010
11110011000
10000100100
10100101001
10100110110
11101010011
00010000111
01111101001
00001111000
00100011000
01111101111
00011001111
11010101011
01100011100
11011001110
01000010001
10111011011
11110000101
00111010011
11110110111
11001100000
11101111001
11101011010
10000100000
10000110000
01010001101
01101001010
10001110101
01001111101
00100100111
10001100010
01010000011
01011001010
10000001100
01011111010
10111110010
10110110111
00000110110
01110011011
11000011011
10011111011
01101010101
10001111110
11100100001
00101011011
10110010110
00011100111
01111000110
11111100001
10100110000
11111010100
10000101101
10001000000
01101011110
10000100100
00101100100
00100111111
11110111001
10011101011
00011100011
00111000000
11100101100
11100111000
01000011000
00110001001
01001011001
10101000100
00010011010
10101001110
01011101101
00101011001
10101100000
11110100011
11001011110
00100001101
10101010010
11100110100
10011001110
11010001011
01111011011
00000101001
00000101011
01000101001
10010010101
01001101100
01000000011
01011110111
11010100010
01001101110
11001100011
00110011000
11010111100
01011010001
00110101001
11010010110
11011100011
01100100000
01000001001
11101110101
00111011100
10011111110
10101100010
10101000000
10011100101
10001101101
01110010101
10010000010
00011111101
00001001011
11011111110
11100000001
10001001110
10011000011
00001000000
11101000010
00001101101
11010000011
00010110101
01001011010
10010010011
11100000101
01110011111
00001101111
01011111111
11101100101
11111000100
01000010001
01001101111
01010011110
10010111000
00011110011
01100111101
10110110011
01111010100
00111101101
10100001110
00111000100
01111110100
00001000101
10101110111
11000001111
10000111011
00010011001
11001010100
10110111101
11000011111
01000000111
10010000111
01000110110
11101011100
10100011000
11100010000
10100101110
10100011000
01000011111
01001010100
10100101111
00010011110
01001010111
00010100111
00101111000
11101010111
00100011010
01111011000
01101000011
11111111000
00010110110
10001010111
11011111010
00110111111
01101011101
00110010101
10111001100
10111101100
10110000111
10110110001
01111100111
11101000110
10111011000
01001001010
01101011011
11011110101
11001001101
00010011001
10000110010
00010011111
01011111010
00111000110
00110110011
00111111000
01010001100
01001011001
01101101001
10000110010
00101000010
01001001110
00000100101
10000010010
00101110000
00110001000
00000111000
11000001100
11100101100
01111010010
10111000000
11101001100
00001111111
10111100001
01011011010
00011110001
11011011010
00101000010
01010001001
10010111111
00011101101
00110101010
10011010000
10110100111
10010100000
00111010001
11101111111
11000010001
01100100001
10000011010
10010011001
10011000100
10001001111
10110100111
10011111011
11011000011
00010100010
10011001010
00010101110
11001001101
10001000100
10010111111
10110101100
00101111000
10101011000
01000011001
11000101110
01011011110
01101000111
11011101110
00110000101
10111100110
01001000000
11011011100
01101010101
01011101011
00011011011
01010111100
01011001011
11001011000
10000001010
10010111000
01111011001
00111011111
01110001111
11100111111
10010111010
11000101010
10010111111
00010101100
01001100111
11001010000
11111010100
10011010000
00111100001
10100100000
00110011000
10100001010
11111001000
11000110000
11100000010
10100001100
01101100010
01010001101
11011001010
01000011100
01100011110
10111011010
10000010011
10101111010
10110111000
01010011101
01010001111
01010011000
11001110101
10011101010
00111100101
10111111101
01001101010
00001110111
10011101000
10011101000
10101011011
01101101000
00101010100
11000010101
01111100101
10000111000
01110010110
10001001111
10011001110
01010111100
10001111011
11011001110
01001010010
01110111100
00001110001
00010011111
00010011110
00100011000
00100010100
11110000111
00011000110
01000000110
01000001100
00000000110
11010100100
11001111010
00011101011
11111101111
10110111111
11101011100
10100110111
10000101011
01001000001
01000001111
10110010110
10110101010
00000001111
00111110000
00001101010
01011101000
11100111010
10000011001
01001100110
00101100011
10101000110
11000011000
01000100000
11100010101
00000000000
11101000100
10010000010
11111010111
11011001110
10011001100
10011010110
00000101001
01000010100
01001010110
00101000000
01111010101
01001011000
11000011101
01100001100
01101100111
00101111001
01100010001
01100001100
10010101001
00011110000
10101000110
01111101000
10011011011
00000101000
10001110100
10001111111
11110010000
00110000011
11110110000
01011110110
00111000101
01011101011
01100000001
00011011000
00101001100
11100011001
11010011000
10111010000
00110000010
11011110000
01010000101
00011100111
00001100001
11001110110
01100010100
10101001111
01111101111
11101010110
00000111110
11001001011
11001001011
01010110000
01111001111
01100011000
00000011111
01101010101
00100110100
10111111100
11100000111
10100011011
01100000000
00110000001
01100010000
01010101111
11100111100
00011001000
01100110010
11101011001
00011010101
10110110100
10100101101
01000110100
01110101001
10101110011
00011110001
11010101001
11101011000
11111010111
10110100010
10000011010
00110100011
10001101001
11110110001
10001110010
11111111110
00101110111
00111111001
10101000111
10110011100
11000111000
11001001000
10011111110
10001111010
11000111001
10110100100
10010110011
11000010000
10000110000
10110001110
00110011011
00111111100
01100000000
00110100000
01111100100
00001001010
00001010111
10110001110
01000100111
11010110100
01010111100
11001110010
11100110111
00000010100
10101001100
11100000100
10100010000
00010000011
10111101110
00110101011
11001011001
10010101110
01000110101
01000011001
10011001101
01000111101
11110010000
01101000001
11000100000
00101101110
11011010101
10000000000
01111110101
10111110011
10111001101
00111110000
10001111110
11011100101
01100010100
00100010101
00111100110
10111101011
01000110111
10001001001
01000010110
10010110101
01110100111
00011010111
01001101101
00100011011
00110010011
11101010111
10111000101
01001011010
11101111100
11000001011
00111110001
00100001001
01101011100
00101111010
10110111100
00010011110
01111010110
11110111100
11111011011
11000110000
00101101000
00110100011
