10000001100
11100100100
10111010100
10111001111
00010100001
10010011111
01100100101
01000000001
10000110011
11010000011
00100010100
00000011000
11000001000
00010111100
11001001101
10110001111
11001001011
01010000010
01101001001
10011100101
10011011010
10000111100
01001110010
11101111110
00011010111
01011110011
01001110001
10001110000
00010011101
00111011010
01011101100
11000001011
10011001111
11111000010
11000011010
00000010010
01110110011
01100100111
10110110011
00110110011
10011000101
11110010100
10011011101
01001111010
00000001110
11100001011
01111000101
01001001101
11100111110
10011100011
11101000100
10001010100
11111110010
11000101011
11001010010
00101101101
11110001011
00011111010
11111001100
01011101111
11000110010
00110101011
10001001000
11010011000
11011100000
11011001101
11010110100
01110100110
01101010010
01001100000
01111100110
10101101010
01001110000
11110100110
10111011111
00000101000
00010010011
10001000011
11010011011
11010010001
11110111010
01010101011
11100000001
01100111100
11001011011
01100111000
00000100111
00001010000
10000110000
01010000111
10111100001
10011001010
01011111100
10000100100
01100111001
11100000100
00000000001
01011010100
11010101100
00001010000
00010000101
00111110101
11000100111
10010000010
11110100101
01101101100
10101001110
01011000111
11000011111
10010110110
00111101110
10011010000
00001110110
00010000110
11101010011
00010101010
00111000101
01011111100
10110010011
11101111100
10100100000
11000001100
00111111110
01101000101
01000001011
10100101001
01001100110
00101110010
00100100011
11000001101
00110111001
01101100010
00110110001
11110011111
01111010011
01111111111
01101011111
11010010100
01110010000
10111111100
11000010100
10100010110
11000110110
11011111000
10010010011
00010100001
10011001101
11011110001
00011111001
10101010101
10101000101
00111110101
01111011101
10011100001
11010000111
11101000010
00101110010
01001111100
00011010000
10101101010
00010111010
10111000100
01001011011
00010101000
10100011101
11110010100
11000010010
00000011010
11011000110
01010110010
00011111110
00110001010
11110010001
10000110001
00001110010
10101000001
11011100101
10011011010
01101000110
10110100001
10100011101
01000010111
11011010111
01011000000
11001000100
10000100000
11111000111
00110001100
00010100110
01111101110
11100111110
11010010101
11011010110
00110110001
10001101011
00001010000
10101101000
01000111110
10101111001
01010010000
00011111100
01000000100
00110110101
10000100001
00110001011
10010110110
11111101100
00011011110
01010000100
11110111011
00001000101
00111000100
01011010001
10100001011
11110101111
11000110000
11111010010
01111101000
00000000010
01100010100
11000010001
00111111000
00111010001
11101100100
10000111001
11101001010
11111101010
01000011010
00010101011
10101110111
11000100010
01000110001
01011100100
11011010111
11000001111
00011000101
10100101110
00101101100
01110000110
10010000001
01100111001
11010101000
01000111110
00101010101
10101001100
10011111001
10000010011
11010111011
11111010100
01100001111
00000000010
01000101001
01101101001
00101101001
11010010000
01111110111
10101101011
01001111001
01110010100
00111101010
00001011100
01100101101
11010010100
01010011110
00000111110
11011111110
01100110110
01101010001
11110010111
10110111011
00110100001
10010110100
10110011100
10111110001
11100001111
01100010110
01111011010
00010111110
11000110011
10011000110
01011101001
11000110011
11111111010
00000100100
00010011011
00100101110
10111000110
10110010010
00000101011
01110010001
00001111001
00001001101
11110100101
11110100000
10111110110
00001010001
00001111011
10010010111
01111000001
11001101101
00110101000
11010111100
11000100110
10100100011
11001011000
00011101000
11010010110
00111001111
11000010000
00111001001
10001100000
10001100001
01011101010
11100101000
10100010111
10101110000
10011101101
11110101001
01101000010
11010001110
10011011001
10100111000
00110011101
00100110001
10101001101
00100110100
01110011000
00010011000
10011010110
11110001101
00010101100
10110010010
10110000100
10101110111
00110011100
01100100101
10001111100
00011101101
10001100100
00000100111
11110101000
01111001011
11011100100
10100111001
01110111110
11010100111
01110110010
10101111000
10001010010
01011011001
11101000101
11111101001
00110101010
11011100011
10110101001
10111010000
10101101001
00100000111
00011100011
00010101000
11111110000
11110010100
00010000111
10000010101
00111010011
11100100000
01110110101
01100000100
10000101111
11011110000
00011110101
11011110111
10010111011
10011001011
10011011001
11110001000
11111000001
10000010100
01101010010
01101100101
01010110001
11000100100
11111001011
00001101011
11111100111
00101010110
01101111011
11000011001
11001010101
10100011000
11111110011
00110010010
00010011100
11000001101
11110100101
00111110111
11101111101
11000010001
10000100011
11000000011
01011100001
10101001011
01100011101
10011101000
00101101111
10001111101
01101110010
11100110100
01000111011
11000101000
11000100010
01100001100
01110110010
00011111101
10100011010
01100110001
11110101000
01111010011
11101011101
11001111000
01001110100
11101100010
10101011010
00001101001
00001111000
10000010000
11110100100
11001111011
01111000000
10000111010
01000111011
10110010010
00001101101
10011110111
00110100000
01000110011
00000010110
10101101100
11011111011
10101110010
11110111110
11101010000
11011010001
01111011101
11101111011
00110100010
00100001111
00001010010
10011001100
11100110001
10110011110
01101010001
01001010111
10010000010
10001100111
10010100100
10000000101
10011100111
11111000100
01111100011
01111110000
10010010000
10011101100
10010101111
10110101101
11010001100
11110100011
01110011011
01011011011
00011010101
10100000010
01100100110
01101110001
01111001101
10001001001
00011111001
11001101010
01110100111
01110101100
11101101001
10100101101
01101000100
01110000000
10000111011
10010101001
01101001010
01001111000
01011010100
00010001100
01111011010
10011110101
11101001100
11011111111
11110000000
00101101001
10001110100
10001100001
01110001000
00000011110
01110001100
00011110000
00100101011
10100011001
01010011010
01010101110
11000000110
01111110101
11001110011
11110111011
00111101111
00100111001
01100001011
01001010111
11011110110
10100011110
10110110111
00101101100
00110001111
11010101011
00110100010
11010000110
11100110110
11101101100
10010011101
10110110011
00110111011
01010000101
10100001001
11101111100
10001111110
00000110010
00111001100
01000110000
11010101011
00110010001
11101001000
11101000101
11011111101
10100001111
01000011111
01011010010
11010110000
11100000011
01100001011
00110111011
11100100111
00001001100
11000000001
00000000001
01100011000
11000011001
01101110100
00011000100
01000011010
01111001011
00110010110
00111110010
01111110000
00000110010
00111110100
00010101101
00110010000
00100111011
11010110011
00000101101
11010110001
10011100111
10101110110
01111011110
11000111100
10111001110
01101111110
10001000000
11111010101
10100001100
01111110011
10000110110
00010000110
11010000101
00011010010
11101111010
10100011011
11111101010
00010101011
01011011111
00010101000
10100001110
10010110000
01100000010
00100101110
11111010011
00100000111
10010101100
00110011100
00010111010
00001100000
10100011011
01000110001
11001110101
10101100000
11010011101
10000111100
10001001011
10000000110
10001100101
11011111111
10001110101
10010000000
01010100010
10100100000
11000011010
00000000111
10101011010
10010010000
00000011101
00011000001
00000101111
11111011011
10101010101
00101100110
10011100111
00110011111
00011000010
11111111100
00101000011
11100011000
11100100011
01111111000
11011010001
11011100111
10000110000
11100010110
00100010011
01110001100
00101001110
00000001001
01100011011
01110101011
00101101001
00100110110
00101011100
00110110111
11001101000
01110010000
01010001011
11111011111
00001000101
00100110100
01101111100
01011110010
01100101011
00001000110
10010000001
01110011111
01100111011
10011001110
00111001001
10111111101
10000100111
10110100001
11110010100
11111100010
01110111010
11111000110
00110000011
01001100011
01111010000
01101001111
11111001011
10100100001
11011001100
01100110101
11000000110
01011000100
10001000111
00001011100
01011100010
00111001000
11000100001
10010010100
11110011101
10100001010
10101101001
11110011100
00011011011
11101000110
10011000110
00111101011
00011011100
10011000110
10011011100
00001110110
01001010000
00000011100
11010011111
11011111100
10111100010
01011001000
10011000000
11001100101
11110001110
01110111010
10010001100
10010001000
11000000010
00010101110
01000111110
01110101101
01001110100
00011110101
00111111111
11011101011
01101001100
10000011101
00010110000
11111111101
11011010001
01110011001
11110100110
11100010010
01110010111
11100110101
01010100000
00011100100
11010000110
01000001001
11000111111
10001100000
00100011010
01000100001
10101010001
11100001011
10100110000
01111100111
11010010100
10011001110
10000010111
01011111001
01001011011
01110011111
00011101101
11101110101
11111111110
00011111100
01110011001
01001011010
11010100011
00101110011
11100110110
01110110001
00101001010
00100011000
00011010110
01111100011
01110111011
00100100001
11110100001
10000100010
11001100111
00100000001
01111101111
00100101001
01111011011
00011100111
10010111100
00100001101
00101110011
01100100000
00110011100
11101010000
11111011101
00100010111
01100010111
00101000110
01110101000
01111100001
11010010010
00101011101
10111011110
01100110000
11111011111
00101001101
11111001000
11010010010
10010110110
00110100111
11001101111
00111011101
11001001010
10111101111
10000001011
11110010011
11110100111
00111100110
00110011010
01100011100
11110010000
01010100010
11110011101
01101101101
01000000110
10100100001
01010100111
00111000010
00101010111
11100011001
01010000110
01110100011
00111110111
01110101000
11110000011
00111100110
00011111000
10011001100
01100010000
01001100010
00011100001
00110101100
01100111101
10101101100
11100100101
11001100001
01000100111
00110101100
10110100001
01100011110
10111001001
01111101111
10100011110
01101001100
11011001100
00010011000
10000001101
01100110110
01011010110
10101101011
10000010010
01101000000
00110111110
01100110010
01001101110
11110001010
01010010100
00000001100
10001110001
00001001100
10100111000
11000111001
00010101100
01100110100
11010001111
10110000001
11101001011
00111100000
10101110111
10111100110
11011011010
10011001010
11111010111
00101000010
10001011111
11101110010
00101000001
00010000101
11010010010
11011010010
01100011111
11001000010
10001110111
10011000100
10111100011
10101100011
10101110010
11110111011
10001000100
10111100001
11011101101
10000110111
01000001110
01111001001
11000000010
11011011000
01001001001
10011010101
00011101001
11010101011
11000011011
01110100100
00100010110
00010101001
01011111110
10101110010
10100101001
10111011011
00011000010
10010010101
10011100010
11011010001
11011010100
10110110111
01110011010
00100110010
00010011000
00000110110
10001110011
10011001011
11100010001
01100001001
00001111010
00101111010
00100101111
11000000011
00011101011
11111101101
01100111011
01100101011
11011011111
11010100000
11001110001
00111101000
00001010001
01001111101
10100010011
01001101010
01011111101
00110101100
00101110101
00010011001
10011111011
11000111111
11101011100
00110001011
01100110111
01100000010
00100010111
00001111111
00011111101
11011001000
01010110110
00000001011
11001110011
00110000111
10011000011
00101000011
00111101000
10011111001
11010000101
00100111101
00111011011
11101111111
01001011011
11110000111
00101000000
00100110101
01001100101
01111101111
10110101000
01101011000
00001011010
00001000100
10011000100
11100000100
00000000111
00111100100
10001010111
10010011000
01101110001
10010110001
10010100011
01110110100
10110101010
00001101011
10001110001
11010111000
01001011010
10000100110
10110001100
11100101001
11100110110
01011001100
11001111111
01100010011
00100111000
00000001111
11011110000
10010111000
01110100101
00110011010
01011001010
10101000011
01101001101
10110010110
00000001000
00001011001
00111100111
00101011101
11101111001
00011011010
11011100010
10010010101
11010101111
00111100011
01011111100
10100001101
10001110011
10110101100
11000110001
00000000100
01101000111
00010111010
00011111000
00011101101
11011001001
00100110100
00000110101
00111111111
00111001010
11000100111
01010111100
00100010101
00011101110
10111111100
10101001010
00001111100
10111010011
00101110111
11110111001
01000011001
01111011000
10100110101
00100111001
10110110100
01100000100
10110001110
00111110111
01011011010
01001101011
01111001110
10110001010
10000111111
10011111100
01100101010
11110110111
00000101111
11110000000
01001010011
01000100000
01001001101
00100101011
10111001001
01001011011
01011000101
01001111100
00001010011
10111111110
00101100001
01111001100
11110011000
11100111010
01011100000
00111100000
00011010011
11101000100
00001111000
01000111111
01001001110
11001000001
11110001100
00011101011
00101101101
00000111100
10001011111
00100111101
10011101000
00001001100
00110110001
10100001001
11011010010
00100110011
00011110011
01100011010
01101110111
11111110001
01100000111
11100111001
01001110101
10110001000
00100100110
10110100001
11000100000
01100100010
11100000010
01010010100
11100011011
11110100110
01111111100
10101101110
01001100110
10111010111
11110111101
10111101000
10101111101
11001101110
01100010000
01011000101
11110110111
10010111010
11011111110
10000011101
11011001101
10011011000
01111010010
00000010101
01101101111
11110011100
10100000010
00100011001
00101101010
10000110110
10110000101
01111000001
01110101100
10000000011
10011111011
00101010110
10000111010
11001110011
01101000100
10011101001
00101001000
10010000000
11001001110
00000110101
11100101100
01011011011
11000001111
10011100001
01101000011
10001111010
00100100000
00110010110
10111011110
01010000001
10101010001
11000001000
01001111001
01001100101
00000111010
11111111100
10001001101
11101111101
11110110100
01011111111
01011111111
11110111011
11110011100
11100111100
00010011001
00000101101
00110110011
00100111001
00001000100
11110011101
10001101110
11101101001
01101101111
10010101011
11010000101
10000110110
11011100111
01000010111
10001000001
00010001000
10101001101
01010110000
00101000110
10100011000
11001110011
00011111100
00101111011
00000100110
10111110000
10000011011
11111111111
00101000011
11101110110
10100010101
11101100101
01111100011
10111011001
00100010011
01010101010
11111100000
10011000111
00001100111
00110011010
00111011101
10010100000
00101111000
01101000100
00000011000
10111011000
11001010110
11001101001
01101111110
10000000010
01110111110
11111100110
01110110100
01101011010
11100100110
01001000110
11000010011
10100000001
10010101111
00010100011
10111000011
10111100110
10011110101
00011000011
01101110000
11010010001
11101011111
10111111111
00000110011
00111001100
11110101111
00101100111
10011110100
01010001110
00000110000
00001000110
00000001111
00101111110
00100100001
10100110000
10111010101
10111001111
11100010011
11011110111
11010111011
10100101010
01010001000
01101011100
00001000101
11110111000
01000110011
01001011110
00100000101
11100011000
01011000000
01011100100
10111100111
00010111001
11001010101
00001110010
10101110100
10110100110
01100101001
11011111011
00101000111
11111000000
01111101110
11110010101
00100101000
10100110101
00101000111
00000010100
01101111100
00011100110
10110000100
10110100010
10011100011
01000111001
11000111000
11000001110
11010110000
01111011010
00110010010
01110001010
01100011110
11001011010
00001000011
00000011110
00100000011
10111011001
01010011001
10110100001
10000001110
00100100110
11111011011
01001111001
11111100111
00111000101
00001010011
00111101001
01100001110
01011011011
11110111100
00001101001
10101000111
11101010010
10010010010
01101100011
01110110100
00001111010
10010000110
01011011110
01100001011
01010101010
00000000010
10001101001
10011101001
11101001110
11111001010
00001100011
11100011100
10000000100
00101010001
00001111110
01001000100
10110100011
10000000100
11111001101
00111011000
00010100111
11010101110
00010100011
00111010011
10010000000
11100110010
01010010100
00000110001
01110101100
10010010100
00101101011
10110100110
01000010000
01101001010
10010100101
00010111110
11010100001
10100000110
00110001100
01110110000
11000001001
11001101000
01111111000
01001000101
10000010011
01001010001
10010000010
00111011011
01010010110
00000011110
10011110010
00111000001
11111011010
10011101001
00011001010
01011110011
01101010100
10111111100
00111101111
11011001110
11010100101
01001001110
01111110111
11100100100
11011110111
00110110000
01100001100
01110100011
00100010010
00000100101
00100100111
11011000000
00110111011
00110110110
10101101010
10010100101
10110110001
10101101010
11110111111
11011001000
10110111110
00010110010
01101000100
11010111100
01111110001
00110111111
01100101111
00111011000
11011110100
01011101110
11110000011
10011111000
01101011110
11000110110
10010111010
00111000110
00101011101
11000000100
01111101101
11100101011
00110101001
01100001110
01101111100
00100000001
10101101110
10001100000
01001000000
10110001101
00111111111
01101111011
01011100111
10000101001
11110100110
01011101101
00111011111
10110011000
10011111111
00010100011
11110101110
10001111110
01011010111
01000000001
01110010011
10101001001
01011011101
01001011000
11010100000
01110101000
11011001001
10000011011
00111101100
10101111011
10100111000
10011110110
00010000000
00011011001
11001110000
01011111100
00110110000
01100101010
01110010111
10010110110
11111100100
10010010000
11101000100
10101100111
00110010111
01011000011
00010001000
00000011111
00101011110
10100100101
01101010010
00010010111
01001100101
10100010000
11000100001
10100100000
00010000001
10101110001
10100101011
10101111110
01100011010
00111011000
11001001100
11101101010
01100010001
00011110111
00010101001
00100110001
00110101011
10010010010
11011001000
00100100110
10000111001
01010100101
01101010001
00011101011
11000011011
10010100000
00000101000
11100110001
00001011101
11010110101
11100010011
10011110010
01111100010
10100011001
01000111010
00101101011
00111111001
01010001000
01111110011
00010100101
11100001010
11100000010
00011011001
11010010101
11100101000
01010000010
10101100100
00011001110
00111011000
01110110000
01010111001
01111111100
11011011001
11101011111
01010000000
10000010001
11000111011
10000011111
00110010101
01001111001
01010000001
00000110101
11111100010
01011000101
00001110100
00101001101
11001010101
00010011011
11101011110
10111101110
10001011101
00001110110
00100100110
10110101110
01101011110
00010100111
01000010000
00111000011
00001000101
01011101110
10010111011
00000111000
01001000001
00111110011
01111100011
11111101001
10000101000
01000111000
10111101101
10100110000
11101010111
00111100010
00111001101
00100110111
00110101100
01111100110
01110001000
10111101101
01111000011
01111100011
10011111011
10101111010
11000011011
10011000110
10010110111
00110110101
01010101110
00010011010
10111100100
00011100100
01011110001
00111101000
11101111101
01100111101
01111110111
10111111110
10110001001
11011011110
10010100101
00001011011
10100101010
11100101100
11001001110
00010100010
10010110010
11100100101
11010001100
11101010011
01010010010
01010110011
10000110101
00010100000
00010111111
00110011000
01010101011
10101111011
10000111111
10010010111
01011001110
11011001110
11001000000
01111111001
11010100011
00011001100
11101011100
00001001000
10110100011
00100111101
11000100011
01011011001
11010101110
01011011100
01111111110
11111111111
10110110100
10111100000
11111010010
00000111111
11110011111
00100001110
10111101010
01101000100
01011110101
00010110110
10111110110
00010110111
01111101011
01101001111
01101001001
01111001010
00110001111
10000110010
11100111000
11100110101
10010100010
10110100110
11111100101
01110110101
11010000111
11001111010
00011000011
01001000010
10010011111
01101100110
11011111100
10000101101
00101111100
00011000001
01101111011
00101101100
01110001001
00111011100
01101011100
00010111111
11001100111
11011010010
10010111001
01011001011
00010010011
10001000100
01000010001
10011010011
01101100100
11100100010
11001101110
00111101001
11101101100
00011011100
01111110101
00010110100
00011010101
00100010011
11011100000
10001101010
10110110001
10110001010
01011110111
11100101001
00011110100
01011101101
00000011000
00000101001
01100111101
00101001001
00000101110
00101001001
01010101110
10101011000
11010010110
10101111001
01011110111
01000001100
01101110110
01101000001
11010011001
01000101000
00110001100
01001001001
10001101100
01111111110
00011110110
00110100000
01110000110
10100111110
11110101001
01011001111
00011111001
01010010011
11101101001
00011101101
00000000110
10100111011
11111010010
11100001011
01101110000
01110101111
10101101010
00001010111
01100001011
01001101001
01001000101
11001110101
10001111011
01111101000
00011100011
11111111111
00100000100
01010001100
00000110001
00001110010
11111000001
00101001001
11101001000
10101101000
00100001000
11011111011
00100010111
10110110101
10111101000
00111111011
10001010111
10110111000
00111100010
01001100010
01110011100
10011110111
00110001010
11101000110
10010000010
00001010011
10101110000
00100000111
10000000111
10000010000
00101110101
10111011111
10111101001
00001011110
11101000100
10001110110
10000100010
00011101001
00011010000
10111010000
00100000010
10110100111
10001010110
01101000100
00111010110
01011000100
11101000001
01100000101
11000000011
00111100010
11011001101
00011011110
10010001010
11110010111
10010100110
10011000010
00110101100
01010110000
10001010000
01110110000
11100101110
11011010111
01001101101
01101111011
11111010001
01001001111
10110100110
11111011011
00000100100
10100111101
11011011101
01001010011
11000000001
11000110001
11001100010
10000111000
11100011000
01011001110
00100001001
10011000010
10011001110
10000000111
11011100000
11101010110
00101100000
01101100111
10011100011
11010010111
01011100011
10001100110
00101011001
11101000110
11100011010
10000100011
10010101010
00101010001
01010110001
11110010001
10111000110
11100111111
10110111101
11011100111
10110000000
11011011101
10110110100
00101001011
01000110001
00000100111
01110110101
00010111010
11010000110
11100101011
00101100011
00101000111
01111011000
01010000111
10100111000
10100000100
01000001010
11001000101
11111001110
11100000001
10010110101
01010100110
01100000010
10101111111
10111011001
00010010001
00101101111
11111111011
10110000100
01110001111
10100100111
11001101010
00111111000
01001010100
10111000010
10000001111
01100011010
11011111111
10100010111
10001000001
00001011100
00100011101
10111011001
10101110111
01111010011
11100001000
10000000001
01100000111
01010011010
11011001100
11011101110
00001000000
10110000001
01100100110
11100110000
10101100001
01100010110
00010011011
00101010010
11101110010
10001111001
01010010011
01000100000
10000101011
11001111010
00010010101
10101010001
10000111110
00100111010
10101011011
00011100011
01010110011
01111001000
10111001000
01000101110
00111101010
00111110111
00101011111
11000010001
10010000110
01010000101
01110101001
01110001110
00001001010
10100001010
11011100001
11010001110
10101111111
11110010100
11000100110
11111000011
01101111010
10000100010
00110001010
00110111100
00001111011
11000000110
10100111000
11101110000
00010010110
11111011000
11000001110
01000010010
10110000101
11001111000
10101111111
00101001100
10001111110
01001111010
11100001001
00100111011
01101100100
00010000000
00001110000
00101011111
00011100011
10111010110
00101110011
11111001011
10100000110
11111110111
11011000001
11111001011
11001110110
01110010010
11010110000
01010000101
01101011100
11100011010
11110011101
00110000111
00001111001
10101011110
10110000001
00001010011
10000001110
11101010111
01111000100
10001111110
10100101101
01111001011
00101111001
11010101001
00110111011
10000101101
00100100010
01100110001
10101011100
01100001111
01110111010
11011011001
11001001010
00110100001
10100110000
01100010001
11110000100
00010101100
01111101001
10010011001
11001010000
01100111110
10111110010
01111001000
11010010011
01011000000
00011111110
10100111010
10101000001
01010011010
00001001110
10001101010
01111111000
00000100111
00000001010
01011101111
