00111010001
11101010011
01011001000
11111001000
01110100111
00010010001
11101011100
11111101111
10000101000
11001111100
00110110100
11110000011
11100011101
01000110110
11110111100
11001010001
11110011000
11011101111
10001010000
11110001111
10000010011
01000001001
11110111110
00101111101
10100101101
10011010111
00100000000
01101010000
10110101011
01101001011
10111110101
00000001000
10100111110
10111100111
10110011110
01000110010
11010010100
01010100100
11111110000
10000110001
01101011110
00110101011
11111000000
01011001110
01001110001
10100011000
00010100000
11111111100
11001110001
11101111100
10110110011
11111111101
11100000111
00010110001
00000011010
00111111110
10110011000
10010111010
10111110111
00001111110
01110111010
11111000100
01111111011
01100101100
11100101000
00100101011
01100011110
00001010000
10110011000
00111101011
10011101110
01111101011
01100010111
10001000001
10101111111
01101011001
01111000000
10000111110
11011001110
11101100101
00001001101
01100001010
11011110000
10010011011
11011110001
10001000111
10001101101
11100101111
01101010100
01100011010
01111100010
10000111010
01110110110
00010001111
10111110110
11011110101
01000000110
00011001101
00000011011
10100101101
01101011110
11000101010
01000100110
00001011011
00100100100
11011111010
11100011100
11000100111
00011101001
01000010000
10111110100
01011010110
10110010010
01110110110
01110101000
10101100011
01111000010
01011010001
10010110000
11000111100
00110110010
10100001010
10000010101
11111011101
11000101000
11110111101
11100101101
11011100110
01011111101
10001100110
11010011001
00011101100
00000111000
01110010100
00100001001
01111000011
11000111001
00110001000
10110010110
10100101110
00100110001
00110100110
00010101001
10100001011
11010011011
10110001001
11101001100
00011110010
11100110010
10001101101
11101100000
11010011011
11110000110
10010001000
00100111110
11110000001
11111011110
11000111100
10010000001
11000001111
01010000001
10001100000
11010111110
11001001111
10111111100
10110001101
00101001111
00100110011
10111101101
01011000000
01100111110
11111011100
10001011110
00011111100
10100010100
10001011011
00000010110
01011000111
00110110100
01001001000
11001011010
11100010010
01000000001
00101000100
01101100011
00001011001
00011111001
01000010110
11101101000
10010011011
10100011110
11100001000
10001001101
11100100100
00110010001
10001001111
10000100111
01000010110
10111000010
10110101011
10010001010
10100110000
00010111110
01110101011
10111011111
11110010010
10011101010
01000000100
01000110000
01111010011
11000100000
00000110101
00110110001
11000010011
01100010000
00000100010
01011110000
10010100001
10001010110
10010101101
11001110010
10101110100
11110001101
11010010101
00100001010
00001010110
00110001111
11011111010
01011101101
10110101111
11100101001
01111000000
00111011110
00011101101
01101001011
01001101000
10101001101
10001100011
00110001110
10110101101
00001110100
00000001011
00000110011
00011110100
10101101011
00000001101
00010010101
01100010001
01011110110
11111111011
11011110100
11001110111
10110101001
10110001100
01110011111
10001101100
00111101101
00110011011
10000101101
11011101000
10111111100
11101100010
00101000100
10001101101
01100110010
10100011100
00001010011
10110110011
11001001011
11010111101
00100110010
00011010011
10000010000
01111100110
00111100111
10000000000
11001101011
01111011011
00000100001
01001001000
00100011010
00001010011
01110001001
10101001101
10110101000
10101011000
00111111110
10100100110
00111010000
11101000111
10011100001
11110000011
11010100100
11010101011
10011100011
00010001100
01001100010
11101111111
11000000010
00101100000
11100111101
10001011010
00010100111
11110101001
00001000000
00101111111
11111100101
01000011011
10100101010
10000101000
00010101000
11010010011
01011111110
00010000000
11010111011
10011100111
11010110101
10110110101
10001100111
01001011000
01101100101
10100000001
11010010101
00101110000
01011101111
00001010110
01100100110
00001000101
11001011100
00010010100
00111101001
01110111100
00000111111
00110010010
01011101000
11100110000
00111000010
10111111100
01110011100
10011101010
00110110000
00011010110
10001101011
01001000110
00010010101
10111110001
01001011000
10100111100
11100010000
10011000100
11110000011
01111011110
10100011111
00001000101
11011111010
10001001000
00010010011
00000000011
10101010010
01100000100
00011010000
10011000111
00101101101
00000111100
00011001100
11010111000
10100101111
10111011010
11110100100
00010001011
11101011000
00011100101
10010000010
10001101110
10111111010
01101101101
01110111101
10111110001
11010010100
00000010001
00100010111
01001111010
01111011011
01101011011
11000000111
01100011111
11111010000
01000100100
01111110000
00111001011
00000000100
10110110001
00111010110
11011101100
01001110111
01110010011
10101000011
00100100000
10100101101
01111100111
00011001110
10011110001
01010001010
01111010110
11101011111
00100001111
00010011010
01010000000
01011011010
01010110101
11100001110
10111101011
10001100010
10011101000
01000010111
11000100101
10100100111
11010000110
11000110000
10110001011
01001110001
00010001011
10111011101
10000011010
11000011000
01011000100
00111001110
11110110011
11011100010
00100000011
01110000100
11100110101
01011001111
10001011000
10000110011
01000100111
10100100101
00010001101
01111010011
11001110100
11101110111
00011011010
01000000010
11111110100
11001001001
01101111101
01000000110
01001000100
00011000111
01010101000
00001110101
11100001111
01100111010
00110101010
11111010000
11011110110
00101010101
00111010001
00001001110
01110011110
01000000001
11101110111
01110010011
10101010001
11010011000
01100101100
11001001001
11111000101
01000101011
01001100110
01000101000
01000101000
11000000011
11110011001
11011011101
00100110100
10101101100
11001101011
00011000011
10111101100
10010110000
00010011010
00101110010
01111011000
01010001000
11001111100
10101000110
11110110111
11100111111
01101100001
10010110100
00111010011
00111111000
11010010101
00001101101
01011111010
01011011100
00101000011
01100101011
11100000000
01111100111
10010011010
01010010110
00001101101
01110011001
10101010101
11010101010
01100011111
11100001111
11101010010
01001011100
00011000001
00101011011
10011001000
11100110100
01111101011
01011110110
11010101111
00000110001
01011111011
10000111010
00101000010
00100111010
10100001010
01110001001
11100010010
00010000010
00110101101
11001011010
10001001000
11000000010
11101000111
00000001011
11010000110
11101111100
00001001010
10111000000
00111010111
11010111000
00101010010
10110101000
00010010100
11100111111
11101010000
01110011011
00100100100
11111110101
01010110001
01001001101
01011100110
11101111110
01100000110
10001111011
01111001100
11010110011
01110110110
11111011100
00110111100
11111001010
11111010000
11101110111
11000001011
11110101110
00000101001
01010111100
10000110001
11000101100
11011100110
01100011000
10101110001
01001010101
00011101011
01010101000
01001001100
00111011111
00011011000
00101111000
01100010011
10100100011
10111001001
01111000101
00011100001
01010101011
01011111001
00111010011
11010101011
01011100010
10000001110
01000101110
01011000110
00100001000
00110000000
01100110010
11001011101
10010110001
11000101101
01010101101
10111011000
11001001100
11001101100
11100111100
11101110001
01101111010
00001010010
10100010011
11100001011
01011010110
10101100101
11001001101
01111101111
10111000100
01101100111
00111111011
11001001010
10001100001
11100100010
00110110111
10010110100
00101110110
11011111101
11001100111
10010001011
00010110000
00000011010
01110111011
10110101110
11110110101
00100001111
10100110011
11111111000
11110001000
01010000101
00101010010
00101001000
11000100101
10000100000
11001000001
00111010001
01101111010
01011011110
10100101111
10101110101
11001110110
00111010110
10000010001
00011010010
01010111101
00010111000
01011000110
10011011001
00100000100
11001001111
00101101010
01110000001
01010110111
00001000111
01101101011
00111111001
11011100110
11100010111
11000110000
10010111011
11011111011
10011100010
11001110100
00110010000
00111010010
00001001100
00001110010
01100100010
11100010101
01111100010
11010011010
11011100010
11110110100
00100101010
11100010010
11101001001
11100110100
10001011101
10011000100
11001001000
11111101001
11100001010
11110010010
01001011101
10010010011
11101010011
01000111010
11100101011
01101110100
10101100111
10101010010
11100101101
01001000011
00011010111
00101101011
00011000101
11110011001
10100101101
10011000110
01100010000
00011110101
11111111100
00111010010
01001010110
00010011100
11000110001
11100100001
01000110001
11000010011
10110010000
01100111011
00110011010
11011000100
10110111110
11100000010
11001011010
00010100001
11010111001
10000001100
11101010011
10000000110
01111111100
00110110010
00010110101
11010101001
11011101010
10110000111
00000001110
10011101110
11010001000
01001110110
01000011100
11101110100
01011000010
00000110001
10011111010
00100100000
00001001110
00001010110
00111111110
10001111111
00110011011
10011011010
10111111101
11000010111
11110000000
10111000100
01010101110
10111000011
11001110011
11011001110
01010001011
00000011000
11000000100
10010000101
00100011110
01100111000
00111101010
11010100001
00001000001
10101111000
10111110110
10000011100
10110101001
11111101001
10010100101
11111101101
00101101111
10110011110
01011101011
10010011000
01100111001
01000111010
11101000000
11001101101
00011110011
10001110101
11110011011
10110111110
11001010100
10011101100
11000101001
11101110011
01110010011
10110100101
11100100100
10111011111
01110001111
01111101101
00000010011
11001011100
01111010010
11011111110
10101101101
10110000110
11111100011
10001111010
10101100001
01001011001
01101111101
01100001100
00010110001
00101101011
01100001100
01100000000
00011100100
01100000101
11000001000
11010101111
11011111111
11100111100
11000010110
11001101000
10100000011
11100101111
11010001001
10000000011
11110101101
11011101000
10001111101
10011111001
00110101001
10101100010
11011010111
10000011010
11101100011
11001110001
10001001011
10101100101
10100101100
01111110000
11001110010
00110010001
11101111000
00011010000
10110100010
01111000100
10010010000
10111110000
00101110011
11111011010
00010111000
10111100110
01100011010
10000101101
00001100101
11010110100
10100111101
00110110001
10010111100
01111011100
01000111110
00000011110
10001100000
10110011000
11111101011
10100110100
01011100100
11001010010
11010001100
01000001001
00001111010
10001000010
10101011001
00100000011
01010110011
11010101000
00011101101
10000101011
00100111101
01010001010
01010101111
01100000111
01100000110
00011100001
00110100100
00101100100
01111101011
00101100011
10110111101
11011111001
00010111101
11000011010
00010011011
11100110111
00111111001
01001010001
10010011011
10101011001
01010110011
10110010111
00000000011
11111111001
00110000100
10111011111
10011110100
01000000010
11000101000
11110011011
11001110100
10110011000
01110001110
00000010100
10110011111
11110010011
01101011100
01010101010
10100100001
01001001010
01000001101
10100110011
00000101001
00100011011
00101100010
10001010101
10010111001
00001100011
01101110011
11001001001
00011111000
00010110011
11011011010
10111110101
01010100000
11100010000
11000001001
10111100100
00001110010
11001110000
00000111011
00101100000
10101001010
00000100101
11000101100
11110011001
10000110000
10111011101
11001001001
00101011001
10110100100
00011000111
01100111001
11011001000
01101001111
00111110101
00000001111
00010011011
01001011101
11010110100
01110111010
00000001111
01100011111
01100110100
10001010011
01010000010
11010110011
11100010011
01101000111
00011010100
11100011111
00000101010
11001110101
00110010001
01100110101
01100001100
01000010010
00101100000
00110010100
01111001111
10110000000
01010101010
00010010110
00000001000
01101001000
10101001111
10100110000
00010111001
01111101111
00100001010
11000101010
01000011001
11110111100
00100100101
10011101101
11111000010
11111001001
10111100101
01100000001
01110000001
10100001010
01101110110
10101100000
10100110100
11011101011
00010011010
10111111000
00001010101
11011111011
01000111101
10000100000
11001000110
10101100001
00001101001
00010000100
01001100101
10100111000
00011110101
11110011111
01111101010
11111010110
01101111000
11100000100
00000001001
01110111100
01010000111
01101110010
01101001101
00001101100
01011101100
11111011001
10101101000
00000110010
10111010110
11100111010
10000011111
00011000011
00011101101
11111111110
11100110000
10010010010
11100001111
10001011101
11100110111
00111011001
10000011111
11011000001
00010000101
01101011110
10100000010
01010011010
00101011111
11011011100
01000111011
00011101010
01100111111
11101111011
10001010011
10111010111
00100111011
00101111000
01100111001
10000101010
01011001010
10111110110
00000011101
00111101001
11010001111
01001011011
11110010100
00101000100
01101000101
00101001111
01011101101
10011110110
01101011010
01100010001
11101000110
11001011001
01110111000
01111000100
11011001111
01101000000
01110010010
10010111110
00010001110
10001110000
10110011000
00110011110
10100101010
00001111110
00000101011
10001011111
11000101100
00101110011
00000001111
00000110110
11001001100
00100101101
00100011100
01011110111
10110110001
11101000100
00100111100
01110000100
01011011101
00001001001
11000010111
11000101111
11101100111
01010110110
00011101111
11111010010
11011101001
01100111011
00001101100
10001101010
01000100111
01101111100
01011101101
00111110010
10010001101
11111010000
11110010011
11001101000
01111010010
01010111110
11011010000
01000011011
10001100110
01110100011
00011101100
11000001001
10100011100
10001110100
01110000011
00100100000
01001100010
10110010100
01111100100
11000111100
00100111011
01110100101
10100010101
10001010111
10110001001
10101000000
01000100110
11110110101
00001000101
10010101101
10011010111
00111000110
00010001100
00111101100
01000010010
00111001011
01011111001
11011111011
11010011000
00001001100
01001001011
00000000010
01001100110
10001000010
01111101111
11111000100
11101111010
11001011111
10000011110
01010110110
10100101011
10010100010
01110000110
01100110101
11010011010
01111101100
11001111111
00001011111
10011010010
00100110011
00000111100
10010111001
00110010100
10111100111
10001010010
00100111010
00001111110
01000111001
01101011101
11101010111
10100000001
10011011110
01000110111
01110001101
11110100110
11100000011
10111011001
11111100010
10100001001
11011101010
01001010001
01001000110
00001001010
11111101110
00000111101
11100001001
11010011110
11011001001
11011111111
11001111011
10010101011
10101000010
10111101110
10110010000
01000011010
00011111010
10001100100
01000000001
01011100000
11000111010
00110001101
11000111011
00111001001
00000001100
00101100111
11000001110
10110011101
10111010111
01000101011
10100101001
11000001110
00011101110
00110110101
00010101110
11110011001
01001100001
00110110101
00110010110
10111011110
10100100000
10110101111
11001000101
01100001110
10101000111
10000001100
11010000010
00011001001
00100000101
00001011001
01001101100
00000011100
01010010100
00110110001
01000000110
11011110001
11110100001
01001101010
11011100110
01010000001
10001100101
00001000010
01101010100
00100000111
10000101001
10101110001
00101001100
00000001101
11001110110
01001011111
11010000000
11000010100
01010100110
11001110101
11101101101
01010111011
00011101011
01010001101
10110000000
11001010101
11001111100
00010110111
10011001111
10010111000
00011000001
11110001000
00110000010
00111011100
01001000111
11010001101
01101100110
10101000110
10100100010
00111100111
11101000111
01110101110
00110000111
01000011100
01110011111
01110111100
11011011101
01011111100
10010000100
11011000011
00101000110
11100001010
01010011111
01100000110
10010100100
01110100000
10000000100
11011110110
10101011001
00100110100
01101110110
11110101000
10110000011
01010000010
01100001110
11011101111
00000001011
01010000011
11101100110
00010101011
11001011001
00110000110
00100011111
10001010100
00101111111
00101011001
01101111101
10111111010
00010011111
00110001000
00011011010
01100010101
01011110001
00001000100
10111111100
01111000011
10010011101
11101100110
11001000111
01000111000
10011011010
01001011011
10001100001
00011011010
00100101000
00100010101
00100110000
01011010110
01111010001
11111001001
10000000100
11110011001
00111001001
01001110110
01101011010
11011100100
00101111101
11111110000
00111010001
11111110111
00010000001
00101000011
00010000111
01110101111
00011100111
11110000100
10000000110
11000010100
10111111111
01111110111
10100011000
10110100010
00011101010
00111111010
11000011001
00101001010
10100100111
00111001101
11010011101
10111111101
00000111000
10101000100
11101010011
11010110100
10110010000
01100010011
01110011111
01001111100
01100010001
01110001001
10001001010
10011011010
11000000101
10100001011
01000000101
01011100110
01011001111
00000000001
10100000010
10011101101
10100000011
10100010010
11101011111
11000000000
10111110000
11000111110
01100000000
11000100011
01001011000
11110100110
11101111000
10011011011
01010011100
00100000100
11000000100
00000000010
00111100011
11000010010
11110110111
11001110001
11100000110
01000011100
10001000100
10100011010
11100110111
11101010011
01011101101
00001100000
00100110001
10111001110
11000000001
00010001011
11101010100
01111101111
00001111111
00011010010
01101001110
10100011010
10000010110
11111010001
11010101111
01110100000
10111010110
11000111101
11001111001
01110111100
01000011000
11101010110
00111110001
01011111100
00001010010
11110010010
00101010011
11000010101
10100001000
01101000011
00111001000
00001011101
10111110101
10000110011
00101010100
10101011000
01011100111
00111111010
01001011100
11001011101
01100011000
01111101111
10010110110
00000011000
00101101011
01111101110
10010101100
11110001110
10000110011
01100110001
00110110011
00001010010
00010100011
01011100101
11010011111
11111010101
10110001010
10110001101
11101001101
10101011000
00011111000
00100110111
11110111010
10011011000
01010000000
00111011001
11111100001
01001101001
01101001101
11110001100
00111011100
10111001110
10110101110
11100100011
11011101111
01100110111
01001011000
10111000011
00110010101
00111101111
11011111101
01101111110
10000011101
01101110110
00111111001
00101001101
00001110011
10111100011
10101100110
00011011000
11000100110
10111011010
01010001111
00011101111
10010000111
10011000111
11100001111
10110000100
01101011000
10000111011
10010101111
00110000111
11010000111
11110110001
10110010000
00010000000
01010001001
00111010110
10100101110
10100011111
00100101001
10101011011
01100110010
10001001000
01011111011
11101111011
01100001000
10100111110
11001001001
11101011100
00111000000
11011100000
11010000101
10100100111
01101010010
10111001010
11001101100
11010000111
11100111011
11011101111
01011100110
10101000001
01001011010
11000011001
01110011001
11110000110
00010000100
10000101101
11000101110
10110111100
10001110101
11100111010
11001111100
00000100111
11101010100
01111010111
11100110001
01111010001
10101110001
01101011011
01001011111
01100110010
10000010100
00101100110
01110010100
10111000011
00101011010
11001100001
10001100000
01111011000
11111111011
01100010000
10010010000
01011111000
01000111100
11011001011
10100001100
11100100000
10100110100
00011111010
01101100001
10010001001
00011011110
10100000011
11000000100
01111110110
00010000111
11001000110
00011100011
11111011010
11100011001
00110000110
10111101111
11100001110
11100100011
00001111101
01110111111
00001100101
11010110101
10101101111
11010101011
11111100001
10100110011
10110001100
01110100100
11010000111
11010000101
01011000001
00100000000
11010010110
00101010011
00100100100
10000100000
10100010010
00000110101
11011010110
10100010101
00111011100
01111110101
01110111000
00100010110
11100001001
00100100000
11000000101
10101101111
11101011111
10101110001
10011001001
10000011111
01100000111
01011001001
10110101001
01000110001
00101010101
10110100101
00011100011
00111011100
01100011001
01011111111
10101110111
01011000100
11111011011
10110101101
00101001100
10000100101
10000110010
11000100100
01100001000
10101010111
00000001111
01110111100
11110000010
10000010100
10011110010
10111111000
11011010000
01101100110
10011100000
10110110110
10111100111
11101111101
01100110010
11000110000
10001110100
11000001001
10010110011
00000100011
01010100011
00100110001
11001101011
00100011101
00011001111
00000000110
01001010001
01110101010
11000111101
10101100101
01010000001
11101100100
10001001110
00111111100
01110100000
11000111001
00000110001
10011001000
01100101110
01011011110
10000010111
11110100100
11110001110
10100110001
01101001111
01111011010
00001011011
11000000000
01000111100
10111001011
10111011110
01101111000
11100010001
11101110111
00110111100
10101110110
00011010001
10000101111
01101101000
00110110010
01110001100
11010010110
10001001011
10000010010
01010100111
10010011010
00110010000
10111101110
10001011101
10001010110
10000101001
10011101010
11011010111
00111111010
11101101010
10101101111
11101100110
11001111100
11000100000
11111111011
00100100110
11110100001
10000011001
00111011011
01110111011
00101111010
00110101000
10101111011
11001100101
01010100110
11110010111
11011010011
00100111110
01101000100
00110111111
01011000010
10001100000
11110000111
10100001011
00110000001
01110111000
01111000100
11111000110
00111111100
11000001011
00110100111
11000110111
11101000100
11010010011
10010010111
10010101110
01001010000
10011111101
00000001111
11010001001
11011111110
10101001101
11011000011
01111111111
11100011011
00101101000
00110010101
10110001011
10110110000
00011110010
10011101110
00110100010
00010011111
01011000001
01010010000
01010010111
01111110101
00011001101
11011010111
00001011011
10110011111
00000001011
01011101110
11011011010
01110111111
11110001111
00110101010
01000010011
11111000011
11010010000
10001100100
00100101010
11110110100
01011100010
00000111011
10001001101
01000011010
00101111011
11000111010
01001010011
00001110101
01010100111
00110010001
10101110111
11110111000
00010110100
00010010001
01001100100
11011010100
10101100111
11011000110
10010011101
11110000111
10010010001
11101010111
00100010100
01001111010
11101010111
00110110111
01010100110
11011011001
10001010101
10111100101
01000110110
01110011100
00101011100
01110001010
00000101001
00111010001
11110010011
11011100010
10110010000
01001111010
01100001101
01010110010
11110010011
10010100000
00111010001
11011100101
01001011011
01000100011
11111010001
11001000010
11011000000
01000111000
11010001000
01011000101
01100011100
00010010001
11011110000
10110111000
11110000001
00111101001
00011111000
10110100001
11110101101
00100010111
10011111011
01000001101
10100010101
11011001110
10100000110
11000100010
10110010010
00000100100
11001110110
00100001111
11111101011
10000001010
01011001001
01101100110
00110010101
10010101110
10010111101
10011010011
11110111110
10011111111
11010101010
00011001101
01110110001
11010101011
00101111000
00000001101
00010011100
10001011001
01011010100
10100101001
10100001111
11010011100
10101011110
01010101011
10100011011
10100011011
01110111101
10010101011
00111001100
01011110010
01001001010
00100010101
10111110111
10101010000
00010000000
10111000100
11100111111
10110001001
01011000111
00101011101
00000110101
10011010011
11110000100
01100111010
10100010100
01100010101
11100101000
00011010011
01001111000
00101101110
00100011101
00011001010
11001001010
00001000100
10000100010
00100000111
01001111011
10111000100
11111010111
01111000001
10110101101
00011110100
01010011110
00011001100
10000000111
00001100110
11101011100
10010110000
11100111100
00001100100
11100101101
00101111001
01011000001
10110100011
00110101101
01110110011
01111010000
11001101011
10101011100
10000111110
11110011110
10101100110
10001111000
00101010011
00111101111
01101100100
01101100000
10110100101
10111111110
11000011001
00101001110
11011101100
01110111011
10011111101
01000110011
00111111100
10010110010
01011010000
11111001101
11011111010
01000101110
00000111010
11101001101
10011011101
10111011011
10010110100
11001111001
01101110110
01101111000
11110101100
01111000001
00111100011
01110100011
10110111111
10101111000
00100011101
11111111001
10111010010
00001011111
11001011010
