01001010000
10110101110
01000101100
00100011001
11111110011
00101101111
11010111001
00100101111
00000111000
10101011000
11110101001
10000000010
10100110111
10011110110
11110011011
11100111001
00111000100
10011000000
10010110001
00011001100
10101100101
11100000110
01011011000
00000011111
00101011011
10010100101
10110001100
10111011110
10110101011
11110101110
11100011001
10111001110
10111101100
01101111000
10101101110
01110100101
00111110000
10110010000
01110000110
11101100111
10100000010
01110101100
00010010111
11011000101
10100101100
00101101110
10100101000
10001101100
01100110000
10011010101
01011100100
11000011101
10010101110
01000100101
00110111110
00001001011
01000101011
01101010110
00110101001
11010100000
10011001010
10111010010
01101000000
01100111000
01010011100
11101000100
01000001011
00101101000
01001100101
10101111100
11110111101
10111011110
01100111010
01101101011
01101111100
01111001010
10101101100
10001110101
00111110000
11100001100
00101100001
10100000011
01001111100
11111110001
00000100101
11101010000
00100000001
00100010000
11110110001
10001110001
00100111101
11100000101
10100101100
10000001001
01001010001
00111101100
01111111101
10101101000
10101001011
11101001001
01011110101
00111100100
00111001110
10010011001
00010111100
11110101011
01001011000
01000101100
01000111100
01111000110
00011001101
11100001011
11010001010
10111100000
00100111001
01111000101
11101100110
11100100001
00111110001
11000101000
11011110100
01110110111
10111010010
01101100010
00100101111
00100110011
00111100010
00000010101
10111011000
10011101011
10110001110
00100111010
10100011111
00111101011
11000110111
00111100110
10111010001
01100010011
00000011110
11001011010
11110010010
01010000010
10100111010
10011100001
11001001100
01100101111
01111100111
00001000011
00011100010
11001000010
10111111110
00101101001
00110111100
10110001001
00100101010
01110001010
01011110110
00011001010
10110011110
01010111010
11010001010
11101101001
11101100111
01010100000
11101101101
11001000111
10111101110
11001101110
00000100100
11001011000
01110111001
01110010110
00111011100
01000110111
11110111001
11101111010
11001010001
10011101001
10001010101
00010110000
00111000001
11100011000
10001110101
00101110111
01010110000
10111000101
11110101011
10101111000
01100111001
01011001101
01110010101
10001010001
01010111011
01011011110
01100000000
00010010110
11010001010
00000100111
11111001010
11100100100
01110011100
10111100010
10101101001
01011000011
00000110001
00101111111
00010111110
11101011110
01111101100
10111100011
11001111111
11000101000
10000101101
00000100011
11111011000
11101000011
01101010100
00000010100
00011110010
10011111000
11011100100
10100111010
01000000000
01010010001
00010110101
00100100000
00110101000
10000101111
11011110010
01011010000
01000011111
11010101100
00101010110
01101011111
10110100110
11000110110
00010000001
11001101110
10100001101
10101111010
00111010000
10001001011
00101000000
01101100001
10011101101
10001010110
11011111010
00111100110
11011010000
11101010100
01100000001
10000110100
00011011110
01001111110
11110101000
10100010000
00010000101
11110101110
10111100000
01010010001
10100010111
01000100110
11010110110
10101110010
11010111111
01010011100
10110001011
10010001011
10100001001
00000010001
11001110100
00111001100
10101010101
01000111010
10011011110
01100100101
01101100001
01001110000
11001000100
11100010111
00001101001
10011000001
01000101000
11111000010
00000010011
11100000000
00111111011
10000100111
11001101100
01101100100
10001011010
00010100011
00111110110
10001111110
00101101110
11101101010
01101101001
10101011111
00001011110
10011110011
00111101100
10111000111
10000111010
10111111011
11000100000
01100111001
11000000000
00001000011
01001000001
11001100001
01110101110
00111101100
10000000111
11001001010
11110000011
00000101010
11000110010
11010100111
01000100000
11110010100
10101000001
00100111100
10110010011
11111101111
10011010000
01010000011
00011011010
11001100001
10001001111
01000010100
11010111011
11011111101
01011101111
01101101010
10010111110
01110000000
01011000100
11000010100
01111111111
00010010110
11011101101
10001100110
10100101011
11101011000
01000001110
00101101001
01111010001
01011001110
11111011001
00100101111
00110011110
01011000001
01011011110
00110010011
00000100001
00110101001
01010111100
10000010110
10101001100
00111111001
10000011000
11010011010
01111110110
10000011111
00010100101
11011100111
01110111010
10110100010
00100100101
11100100110
00011100100
10110001001
00000010101
01100111100
01100100100
01110101011
01100110000
10001110111
10011100001
01011101001
11111101110
00100101100
00111000010
01011010010
01111111000
00100000011
10111001100
11000010011
11010111110
10000010110
01100010011
10011001000
00110111111
11111101101
11001010100
10001010111
01100100011
10110111101
10111111010
01011010101
00100010111
00001011010
00001110010
00011111101
11110000111
10100111101
00100011100
01101010011
10011111011
01100111001
11010010110
11001011100
01101100000
10011011110
00000001011
01010001110
01010100010
10010000100
01010011110
10101000111
01000111010
00011110011
10011001101
01000001000
00001101001
11101111010
11110110000
11000010010
01110000001
11100001111
11110011011
10101001010
10011010010
01111111111
11010000101
01101001111
11101100011
10000001011
01000111100
01111110110
10111111000
00010010001
11000001100
10101110100
10111111110
10101010110
00110100101
00111010001
10110010010
10010111010
00001111010
10001010011
01111111001
00010110101
00110010010
01111000000
00001011110
10000001100
00010011100
00010101011
01111011000
11101000100
10110010000
00000000001
10000111010
01001011111
11000101111
01101111111
11010111100
01000011110
11110010110
00111011011
01001100001
01110000110
11011101011
00010101100
01011001110
10000101101
11001101010
10110000000
11100110100
11011011101
00010010010
10111111001
01001001110
11011000010
10000101110
01010111000
11011000001
01010100011
11010100010
11100011001
10000101111
01000110001
11100101011
10010110010
10101011001
10000100000
01111011011
01001111101
10011010011
10011010100
11001000000
10000001010
11000110110
00001100110
10100001001
00000010110
00000110100
10001110110
11111010100
01010010011
00001111000
10101111101
10110000111
00011000000
00100110110
01110111011
01010111011
11110011000
10000001001
00011111101
11111100100
01110110010
00110011111
11100000110
00111110001
10110010000
00101110000
10001011100
00101101100
01011110011
00100001010
00000100000
10011000100
01011110110
11101111100
11001100100
10101110111
00011110011
11011110001
00010000101
01010110111
10100100101
01100000111
11100110110
00101100101
11111000011
00000101001
01111101000
01110110110
01011111000
11010000011
10001110101
01110110011
01101101011
10101100000
01111111010
01010011111
11000110000
00100111111
11100000101
10001110000
10011000011
11110101101
11111101010
00100000011
00010100100
01101100101
00100110001
11010010010
10001111100
00011011000
00100011010
11100001011
11010001011
11110010101
11010000101
11000111110
00011110000
10101011010
10000000001
10101001000
10111110001
11101011101
00010101000
01000001100
01111110011
01010100110
01101111100
00110001010
00101101110
01011110000
00100101000
00110100000
11111000111
00101110110
01100001001
11111110011
10110010000
11100101000
01011101000
10111011100
00001110000
01011100001
01000001110
11101101101
10111011011
01001010010
01011011000
00100000110
11101101100
01011111101
11001101101
11111100101
10100000010
01100100110
11100101110
11001111011
00110000010
11111000011
01001110010
01110011011
00011101111
00110110011
10010011001
01000101001
10101110110
00001000100
00101101000
00100110000
01011100110
01111110101
01100011111
10010110001
00100100101
01110010011
11100000101
10100111101
01001010110
01011101011
10101011000
11001000101
01110110010
10101111100
10111001001
10101100111
11101101101
10011111100
01100001001
00110010010
01111000010
01011100100
10011101010
10111100101
10000011100
01001100101
01101011011
00101111000
01001001101
11111001011
10001100110
00110101001
00111111100
01011000100
11100011011
10010010011
00101010110
00100111000
10101001000
01101101001
00001100011
00001011010
00100101100
00011101001
01001011011
11110100011
01001110101
01001011101
10000111011
01101000001
01100010010
01011010101
01011110000
00000111111
00111111011
11010101101
11110001011
11110100011
10011100100
00101001010
11100100100
10011111100
10101110101
00100011010
10110001101
10110110111
00001000111
00000001101
11010000001
01111010000
01100011111
01010111100
01101010010
11101100000
00010010010
10001100111
01101110000
11100011000
00001001110
00011011001
10010011011
10101100111
11101100110
10110000110
00111111110
00111110001
10000000010
10011001001
11111100111
00110110010
10111000010
00011000100
11100101111
10110111001
11000110001
10101010000
11111110101
10100100010
10101101101
11101000010
01110001101
10110001110
10100100111
11111110011
01010011101
01001001011
00100011011
10101011001
10011011100
00011101000
11100001000
01010100100
10111000000
00100001000
11111101110
01011011111
10100010001
00011100011
01111111111
10000110010
11001100111
11100111111
00011110001
10000001101
00110001110
10101000010
00101110111
11101010000
11001001000
00011101001
00101011110
10101110111
00000100001
00000001100
01010011000
00010101010
10011010111
11110001110
01010110001
01011110000
10011010001
10100111001
01101000001
00010100001
00010001110
11110101111
01111001100
11111101111
00110001001
10110100101
11010100001
10011110111
11001010001
10110100110
01111011101
10011110100
10100100011
01101110110
01010110010
01111001010
11010100001
11000000110
10011000001
01000001111
10010110001
10110110101
01100010111
11101000101
10010011111
00111011101
00100101111
10111001100
00110001001
11101011011
10101110111
01000111101
10010110000
00011111001
10011010010
01100100010
10110010000
01100011010
00001001111
11101100110
10000011001
01011000100
10001100000
11001001010
11010101001
01000100000
10001111101
10011101000
10101111111
10011000110
01010111111
00010101010
00111010001
00110101011
11111101101
01111010111
00000000001
01111111111
11110001001
01101000001
11010111111
01001101100
01001000100
01000000011
01000001010
01010001111
11100001101
01001111010
01001011110
00100100100
01100011111
00100100111
11111011100
01011100000
01110110011
11100110000
00010000001
10111100011
10111001100
10000011111
00011110111
01010111101
10100011001
01001101001
01110100100
10011001001
01101100111
00010100100
11111001100
01101001111
00001100101
11001101000
00011000110
01110001010
01110000010
01100000001
00110010010
00011111010
11101111101
00010100100
11010111101
11110100010
00100001110
11100100011
10011001011
01011100010
01010011000
10010100001
00000110101
11101111101
11010011000
01000101001
11110001000
00100000111
00011001010
10011111000
11101100100
11111010100
01000000100
10110000011
00101001101
11110110100
10010000011
01111110011
11001111101
00000001111
11001111011
10011010111
11011001111
00010011100
10110011111
01110111111
10101011010
00000011001
11001110111
01000100011
11111101100
11011011011
11110001110
10001101100
00011100100
01111110111
11010111011
01101110100
01111111011
00001111001
00100111010
00111010100
11011110111
11100010011
01000000000
11110001001
11011001111
10011110100
00110001001
10010011100
10111000100
10111110111
00110111011
10010110010
10000100100
00110111000
01010110001
10100011011
00010001001
01110110000
01010001110
10001100110
11011101011
00101010110
11110001101
10010010011
11101101011
11101111000
01111010001
11011100001
01000011011
00110101110
00111000101
11000000111
11000000001
00010110110
10011011101
11100101010
10100110011
11111011001
10111100111
11100001111
00110101010
01001001111
01101110001
10110011001
10000000101
01000001010
11110010111
01101101111
01111100000
11010101110
00100111101
11111110000
00110101011
01110000000
00011010100
11000011111
10000101110
10010111110
01111101001
01100011101
11101001100
11110110000
10000001100
00011000000
10111011010
01100010011
10001100101
11100010110
01100000110
01000111001
01110110100
11110111110
11000010100
11011111111
01010100101
01000111110
01101110110
01011100000
00010011111
11001111111
11100000000
11010000001
10010100010
00011010011
00100001111
10001111001
11101001000
10111000001
10001111111
10111111100
11101110110
01001111001
10110000011
11011011001
01001110011
11011001010
01000000010
10100000000
00110111001
11011110010
01000010111
11101110001
10110111111
01001111111
00001110111
10000110100
00111101100
10011011101
10011100101
11010100001
10011001110
11000000000
00110110000
00001101001
00111110000
00111011110
01100010000
11010010010
11010100111
01010111101
10101010010
11110111100
01101101110
10001100111
11010111100
01000001010
10010101011
01011000111
01011111001
10011000100
11100101100
00001100111
10111001111
00011010100
10111000101
01111011010
01010000011
10100111100
01010000100
11001101101
00111011001
01001110100
00011011111
10010000101
00001100101
10110001000
10011100101
01100100100
01111000001
11100010110
00101111011
01110110101
01011111001
00011010100
00000110101
01110001010
10011111101
00011111000
00000100100
10010110011
00000111000
11000011010
00101110110
11111000100
00100111101
01110011110
01000001001
01101111000
10010010010
00011101011
01010100000
11100010111
00000001111
00000101111
01001011010
10111001001
10011100100
10111010100
01001100001
10101100010
10000010111
11001111010
01010010101
11001111110
01011100100
00000010110
10010011111
10110001001
10100110000
10000011110
10110000111
10101001100
10111111101
01010100100
11000001011
10010101111
01100001011
10001000001
10110111110
00111111100
01100000011
10111111000
00100001001
10001000010
01010000011
10100000110
10110101101
01101111000
10111101101
01110000111
11111000111
00000010000
01011100000
10100110111
11011101001
10111110011
10110110010
10111010011
01111110101
10000011110
10100010000
00000110111
10001001100
11001001001
00000100100
11001111010
00101010110
00100011101
11111111010
10010101100
10110001010
00011011111
10110111001
00000111110
01110011111
00001110111
10000111110
00110001101
10001010100
01101000001
00001011100
00101000111
00101001111
00110100001
01010110010
00000110010
11110101101
10111010110
01101111010
11000010010
11100101001
10011101001
10011010101
00011110110
10101101110
11111100101
00011000100
00011101010
10111111010
11100001001
00100101110
00010101100
11010111011
00111010010
10101010100
10111000111
00100110110
10111110011
11110010110
10011111101
01101000010
11000101010
01111000010
01110100010
01001101111
10111010011
10011000001
00101100001
01110010101
00011100100
10100101110
10010001001
01100101101
10000001101
01110110111
10110001110
00011100111
11110100100
01001110000
11011000001
10011001001
11111100010
11001000001
11111110111
00000001000
00000100011
10011111110
10101001010
00111110000
01101010100
11010101100
11001100000
00000010000
01010000010
01111110110
00101110011
00010010111
01101100011
00111010001
11100101010
11000011010
10010101001
00000110101
00100101011
11101000101
11001010011
11011111000
01111001001
00000100101
01000110110
10001011011
10000110110
01101000011
00010010001
10000001101
01100011001
10111110100
00110111110
11000110111
01010001100
00100000011
11001000001
00101101000
01100110011
10010010001
10110011110
00110011111
00111111100
10011100100
01000100011
10011100100
01001000111
10010000101
11110101111
11111101100
00011110111
01111101111
10111101000
11100111001
10011011010
01001100110
10000001001
01111110001
01010101111
00101111101
11010000001
10101101000
00011010100
00000100100
01010111110
00000000000
10010010000
00011010110
10010101001
10001101100
10011001101
00101101101
10110101110
11100000001
10100100011
10010001011
01101111000
11011100100
00100001100
10100001110
00100111101
11001110100
10000101010
00010000111
11101110101
01011011100
01011010011
00010000000
01100110000
11110111000
10010001110
00100110101
10101001001
11101011001
01111110000
10100010011
10100111101
10011011001
10101000100
01110001011
10101010101
10010110011
01100000001
10001101011
01001100100
11000111100
11010101000
01110100100
10011111100
11010001000
11100100101
01001010100
00101101110
01011001110
10111001110
01111011110
11111001000
11001011010
00011010100
11100101100
01001100011
11101111011
10011100101
01011010010
11000011110
00110010010
11010010010
10100110011
11010010010
10011010111
11000000101
11110001001
00001000010
10101100111
01001010101
11100010001
10111101110
01101110010
11111100101
10101111101
10101010011
11000110011
11000011001
11111001100
11000011110
00010001101
00000000001
11011101011
11010001001
01010001011
01011011110
00101001110
11111101001
11101000110
11110101101
10110001111
11110000010
00011110001
01010100111
10110101011
10001000011
00110110011
10101001111
00000100010
00100101010
00100001000
01010100000
11010011010
00011000000
11110000011
00110011001
11011011001
10110111110
10001000100
01110000101
11101100011
10011011011
11001110010
11101100010
00110110010
11100110010
10100000101
11101111110
00000011000
11100100010
01000001101
10100001011
11011100000
01000000101
10111001110
01010000000
10011101101
10100100101
11110000011
00100001110
00001010001
10100010001
01001101010
00101010100
10100011111
10111000010
00001101010
11111000101
01111111000
10001110000
01010000011
01010101111
00011110111
10111100111
10100000011
10010101001
11010010010
01001101110
11110111111
10101000000
01100111100
11101011001
00000100001
01001111001
00001111001
11100100010
11100100010
10000001010
00100001010
00011101010
11001001000
11100100100
11110010110
11010111011
00001111010
01110111010
10001100000
01111111101
01110110111
10011100010
01000001101
11010000000
10000100110
01100110111
10101011110
00011100000
10111000010
01100010011
00110110000
10111000100
11011001001
11100101100
10001111010
01010001001
11100011011
01111101001
11001001100
10000110011
11110110101
01111100101
11101001010
00111100011
11011011110
10110000010
00000011100
00011110000
01011010100
00001011000
11100001111
00100101100
11000011110
00101111101
00111111110
00000001111
00001010010
10111111000
01100011000
10001101110
01101011100
10111010000
11011101100
11011100100
01011010010
01100011010
11101001001
11100011100
01001100011
01111011110
10110111111
01001010111
10111111101
00010010100
01001011010
11101110010
10011111111
00001011000
00010110001
10100111100
01110100100
00010100010
01010101000
00101011111
00111100100
01111011110
10101101011
11001011111
10111001000
01011001101
01001001000
10101101101
10111001111
11101001110
11101100111
01010101111
00010111000
10000111000
01011000010
10010010110
00001001011
10000010100
11011100101
01101010100
11000101000
01010101001
01100100000
00110111101
01101101110
11011100011
10001000111
00101100101
00110111011
11001000010
11001111010
10011110111
10000000010
00010101100
10111101011
00111100111
11001110100
11001011100
00010001010
10000101000
01010101110
01110110100
00110011110
10100101100
00000100111
00110101100
10100111111
01101101110
10111011111
01101111110
11100010101
11011000110
00101100111
11011001010
00001111110
00100000011
01011110101
00111000101
01111110111
01110100010
10010111011
00000100010
11011010101
11001011101
00011100011
01111011101
11001111101
01001001011
00010001010
00011001100
10011100111
00011111110
00100011100
10110001000
10101111010
01010100010
00100110110
11100001000
11110101011
11100100110
11011111110
01101110100
11100010110
10111101111
00101100000
10001000000
01100010010
01100111010
01111101001
11101011110
11010001101
11001110100
01101111100
00110001010
11111101110
01001010001
01110100100
11001001010
00011111111
10101010100
00000001101
11110101110
01010010101
00101010100
11001111111
00101000011
10101101011
11001111100
10101011100
10101000111
10110011111
11100001010
00101111101
01110100110
01001101101
11011000101
00000100001
11100010111
11111000111
01110011001
00101011000
01001010000
01100000000
00110011001
10011110100
11101100000
10111010000
10010100111
01001110101
01100110001
01001100001
10111100110
01000101010
11010111100
01111000111
11000000011
01110001110
01001111110
11101001011
10101011100
01101010101
10000010000
00101101000
01101000011
01100010101
10110010110
11010111100
00110100110
01010011111
00011110110
00110010101
00101110010
11101110110
01110111101
10101111010
10010010100
00111010100
10001001101
00101010001
00000010011
10111010010
01100000101
11001101011
01001100000
10110011010
00101010000
11101110111
11101000000
01011110001
01101010000
01100100111
01010100101
01000000001
11000000111
10001101000
11011111101
11000100011
10001101011
01011111011
00111111100
10001100010
10100110110
01010110111
01111111110
01101000001
11001110101
11000001110
11111001001
11110000100
01010011010
11011111010
00110100011
10100001000
10101100000
00101111010
11001101000
00101011100
00010110010
10011101011
10110000001
10100100100
11001100111
01001010101
11011001000
11011000110
10100010000
11101010000
11101110101
10001101010
01111110100
00001111101
00000111010
00101000010
00010000111
11010110010
00011111001
01010010000
01100100000
01100111001
10111001011
00110001011
10000000000
11000011110
01011001011
11010001000
11010111110
01000101101
01101010000
01010010111
11011100100
11111001101
01001110000
11111100111
00001011100
01110111010
00001100000
11111111011
10111101110
01001001010
00111111100
10111111101
01111011010
11010000011
10100011011
00100110011
11000000100
01010000111
01101001010
10100111010
11001110110
01010000111
01001010001
00101111100
01111010100
01000101101
11101011011
01000110001
01010010011
01110001001
00110010100
11100010000
01110110100
00001011000
01000011100
01110110000
00011100010
01101110000
11011110100
11110111000
01111100001
10011110111
01100110101
11101101111
11101011110
01111001100
10110000011
00000101011
00110110001
00101101110
10100110010
01110011000
00100110110
11010000011
11001010011
01111000100
11000011101
01111110100
01100110000
01010011101
01101111000
11111110000
11110000001
00110110111
01100000001
00001101010
11010000110
00001000100
01011001111
11100110110
00001100110
00011001111
10111100100
11111100111
01110000001
10011100010
01100001001
00011100100
11000110100
11000010001
00111101010
01000101000
10110101001
10101101100
00101100110
11001001101
01101100101
11010100100
10111010011
00011110111
10000111001
01101010111
11101001110
01111001001
11010010010
01101100001
10010100000
11101000100
10111111000
00110010010
01000101100
01100110000
10000011110
01001001000
00000111110
10101011011
10110011110
01010010110
01001000101
00110001111
00011110100
01000101111
10011111011
11000011110
10100010010
01000001100
00011100101
01000111100
10000011001
00110110011
11110110010
00010111101
11000000001
10101110011
00100011010
11011001101
00011010010
11010001011
01011100111
11000110100
00110101101
11100101100
00101110111
00010101100
00101110100
00000100110
10101010111
11100100100
01111111011
10110100110
10010100011
00001010101
11100101000
01101001101
10001000111
11111011110
10001001100
00101010101
10001101011
11010001100
11111010001
11100101000
00110010111
10110110110
00111011101
11011100011
00110010111
11111111011
00110100101
11000001111
00110100001
10100010100
11011011110
10110011001
11011110111
00011000011
10100101011
11001100101
11001110110
01000010110
01111001101
00110010101
10100001110
11110110111
01001011110
01001101000
10000100000
10100110110
10010010011
11011110011
11001010110
01100101001
00111100010
11010001111
01010011001
11101110110
10001000111
01010000110
01000000101
11100011001
10111110100
10000001000
00111110000
10010001110
11010110000
11101110001
00001000011
11001101110
11110011110
10010000011
00100100101
01000011100
01001000010
10000010000
01000001010
11011100000
01111111011
10011110100
01001101110
11000100111
11011011000
01100001101
01000101011
00010011101
01001001010
00010001011
01110001011
01001000110
01001110100
10111000001
00100001110
00100111001
11000010111
01011000100
00010111010
11011111101
01010000100
00001111001
10001110000
10101101111
10010010000
10000000110
11111001100
10100110110
00001001101
01011011100
10100010101
10010101000
10101000101
01000110000
10011100110
10010000111
00000100000
00001111111
11100010101
10111100101
11111110110
01001001111
11010100110
01011011110
00111101010
10111001110
00100010001
00001010101
00100100110
10011001011
