10010110111
00011000010
00100101111
11101101000
10111011010
11010010100
00011000111
10101011001
01110110000
11100100001
10110010001
10000000010
11110101001
11100001001
01000111000
10010000010
11001011111
00110100110
11001000101
01100001001
10110101001
11111010001
01101011110
00111110000
10101101111
10011100010
01101000011
11110110011
11011111101
11001101001
11110110000
01001001101
00011001000
01101001000
10100110010
01110101100
11011011001
00101000110
10110110000
10001010100
11010111111
00000010001
00101101111
10101100000
11001000011
10011010101
11011011110
11100011000
01111010010
01011100011
01100101100
11011101110
00010110001
10001010010
01110000011
01001000011
10110010111
00110110011
01010001011
11010101001
01011101101
10101100110
10110100010
10011101101
10101001111
00101010101
00000111111
01101010110
00111010010
10110010010
01001100000
00101001001
11111101111
10010011111
01100001011
01010100100
11011010100
10011000100
00001100010
11011011100
10110100000
01010000011
00110000000
00100111110
11110100000
00010101000
01101101001
00100111011
00001101101
10100011001
00000110011
11111101101
01101000101
10101011110
10010000000
10000000001
10111001101
01101100111
00001000111
10101110001
10110000000
11111110000
10100100001
01000100001
01001100110
01111111111
11000010100
00010111101
01111000001
01100111100
01000001010
00011110110
00001011000
10011101110
11100110101
01110100110
00000110100
11011000010
11110011101
01000001000
11001100111
01001001010
00010100110
00100110000
11101000110
10101111100
00110010101
01100110111
10101001101
00101111011
10001111001
10011001100
11001101011
11011011010
10101011000
00011111100
10101111101
10101000000
11000001111
10100110011
11100100000
10001010011
10110100011
00011010011
10010001101
00111101110
01000110100
10000101011
11110011110
11111011111
10111011001
10011011000
11011101101
00101000001
01001000000
10000100001
11000011111
01111010111
01001001101
01001101101
00100110011
11111111111
00000000110
01111110010
10010111111
00010000001
11100110010
10011101000
10100110000
00100010010
11101111110
11001111011
00100101111
01010111010
00001110100
01101010101
10011100111
01101110010
11101001101
01000011110
10101000001
01011010100
01010100010
00001101011
01000111000
01010100001
00100001000
01101011111
11010110100
11111101100
10100110110
00000110110
11110101100
01111101001
00001111101
10000010101
11101011100
10110000001
01100110001
00001111100
10010010001
11001111000
00001011001
11001101110
11010101110
01011110111
01101100011
01110001000
01001110001
00101111101
11001101011
11100011111
10011111111
10001000010
00011001000
00111111101
00100011110
01111000011
11011011111
01101111101
10100011000
11100001011
00000101100
10110100011
01111001000
00010001101
11111110001
11010001101
11110100000
00000011011
11101111100
10111101110
01100000010
01100101110
01100111010
00111000001
01011111011
11101001101
00011011001
10011001010
00001100000
11000000001
01001011000
00101110111
01000010100
11111101101
11110111100
00110110011
11001100111
00011110011
01110001001
11010001000
10001011000
01010110010
10010101000
11100001001
10010111101
01000011010
10001100110
11100100110
00000101011
11000001100
10111001101
01111100100
01110111001
00001001001
00000001010
10100101010
10011101001
11100000111
00011100100
10110011000
00001011111
10111011111
00000111000
00010100100
10111000010
10010111010
00001011111
10111110001
10100010111
11100011100
11101111000
11010001011
11000110001
11100110110
01001111111
00000000001
11000001010
01100111000
01111010101
00111000100
10000010010
01010010000
10100111001
10000111111
11010011001
10101111000
11000110111
01000111001
00010111110
10000101000
01101101101
00111001010
01101000110
11010000001
11111111101
00101000010
10000001111
10010110010
10000100100
01101000010
01111001001
00000111110
11110111010
01010110001
11100101110
10100001000
10101111000
11011011101
00011110000
11000100011
11101000000
00000001001
10011000111
11111011001
11111111010
01000001010
10010000011
00110001101
11001011010
01001100101
00100010110
10011000010
11001011011
11111000000
11110000101
00011000101
10010110011
10100110011
11100101100
10000011011
11110011110
01100100010
01101100000
10101111001
11010000010
10101110001
00001111011
11001001110
01110111000
10010101110
00001001001
11001011110
00000101110
01000100111
10000000111
11100010110
01101101110
00010101101
00010000110
11110011000
11000110101
10101010101
10110000100
11100101100
10011011000
10010101010
11001101111
01101001000
01100011110
00000111110
11100000011
11111001000
10101010101
11010001111
10001111100
10100001000
10010100000
00111101100
10000101101
00101011011
00011101101
01101100111
10111111101
11000011010
11001011010
01110010010
00010111110
00101011110
11000110100
11100011010
11101001010
11011110111
00010101011
11101010001
11100011011
10000000100
01100110011
00000111111
11010100010
10100110110
11010010101
11000011010
01111101100
11001111111
10111001010
11100100000
10000111011
01010101011
00010011001
01000101111
01111010111
01111110100
11110110001
01111110111
10000100101
00111111001
00001110001
11110101000
11110111011
10011101010
01000111110
10011000100
00110000011
10000000001
00001111110
00001001110
11110010001
10101101000
10000001110
00101010110
11000010101
00011111010
01101110110
10101111111
11111100111
00000100010
00101011010
11100000001
11101010110
01000010001
10111001111
11011011101
11010111100
10000000010
11100101011
01000001010
10011001111
11100101111
11101110010
00110101100
01011110100
01101100100
11011011110
10111000000
10011101011
10010011100
10011011001
00001011101
01010101000
11101000010
10100111001
00100111111
10100010011
00000111011
01011001001
11111110011
10010010110
10101101101
01110000110
11011011111
01111101011
01000001010
10111010001
01101001101
11110011101
11000111000
01110111110
10001110010
00010011001
00100010101
00111010010
10101011010
01000110011
01000001010
10001111110
01000100111
01110111001
11101011111
10111101100
00000011011
01011010000
00011000011
11011000111
00001011000
10101011100
00100011100
00101011000
01111011111
10001101011
00111101110
00001111100
01010011010
01000011001
00011110101
01011101010
00100100111
01011100010
00110000101
10001010101
00001010111
11010100011
01111001010
11000100010
01001100100
01001111110
01111010001
01101111010
11110100111
11010000011
11110010000
00101110010
01011001110
00010101011
10111010011
01101110001
00010110111
00101010001
11110011001
11110010000
01011100100
01101101101
01010011111
10010111100
11100000101
11100110010
00001010010
11011001100
01101010101
10100100000
00101110001
11110111101
01100111000
11011100000
00110011010
10010010110
00101000100
10000100100
00010010110
11110010000
10011101111
10101011000
01000011100
01111100011
11010011110
11000111001
11001100000
00111111111
00111111101
10011111111
10011010100
00100011100
00000010011
00100001101
10010010001
11101101111
00011100000
11110111001
00101001111
00011001110
00011111111
10000010110
10000101100
00101111001
01111001111
01101100010
00010000000
01000010111
10001110101
11110111010
00011001010
10001001100
10011100111
10000011100
00111111100
00001011101
11010111101
00111011101
00110000010
00010011100
10100001010
01101001111
10010110100
01101110011
01110000001
01001010111
01001101000
10011010010
01010001001
10100111101
10111111110
11111010111
10010000111
01001010101
10001100100
10101110010
10101101010
11110011000
01110010100
00110100110
10101100001
11011100001
00100010001
10011001011
10101110110
01010010000
00001111010
10000010110
01011110101
10001011100
10110110101
01000010100
10101011101
11000101101
11010010001
10110011001
00010011110
11001011010
01001000101
11011001000
11101010001
00010100101
11100101110
01110111010
01101000010
11011000000
00000100110
10010010011
11101100000
01000011000
11011100110
01111110001
10011001110
11001000101
01011100000
11110010101
11101001111
00100000110
11010001000
00000000110
00011110010
00000100011
11000101101
11100000101
11111001101
10011010111
00000001000
11011010101
10110101101
01110010011
01010110100
00011001101
00011100011
10101101100
11011110111
00110010000
01110011110
10001001100
11100101001
00011001100
01000010110
00011111111
10011000111
11010001001
01101100000
11001110110
01110010000
11000001001
01110001101
01100001111
01001101101
10100111001
00000110010
01001010111
00110111111
01011011011
00011101010
00100001001
01011010010
10011000001
01111011001
00100000000
01010100101
01010111100
11000001100
00000111001
10111111010
10000001001
01000010011
11001011011
01011110110
01001010010
00010100001
10111010011
10010010011
11010010101
01100110010
11010010001
11011000110
11010001111
11101100100
10010001000
10100011010
11111000011
10000110111
00101010111
01000100101
00010001001
00110100110
10100010110
10100011001
10111001000
01011111101
01001100101
01101001010
00111010000
10100010101
01000110111
10101101110
10010101010
11100111101
01000000111
11011001001
01111111011
00110111001
00101000111
01011100010
00111001101
10110000111
10101011001
01001111100
11001101111
11100101100
01011101010
00010000000
00010001000
11001001000
01101000101
00010110010
01100001111
01011011101
01001100011
11011011001
10110110111
01110011110
00000011011
01100111011
10001110001
01010110110
11001110000
11011001001
10011111110
11110100001
10010010100
11111101100
01011111110
01000111111
11110000111
11101101111
11111000000
00010011101
10000111101
11111101111
10110001010
01011001000
10110001100
00110011101
01011010000
11000000000
10010000011
01000011000
01101100011
10011001001
11010101010
11010010110
10110100110
01111011100
11000100011
00100111111
11011101101
11000000010
10000010011
10100101011
10010110010
11010010111
01110010100
10011000111
01100111001
01110100001
00000101001
00100001011
00111001011
10010111111
10011110111
00101110011
10001101110
00000100100
11000111100
01101000011
10100001100
00110100111
01000011110
00101101001
01001000001
00101001100
01110110111
00011000100
11000110100
11010011001
01110010011
00101111110
01000010111
11000100110
11101000100
11111101111
00101100010
01011100100
00001110111
11100100100
01110001101
00100111010
01100110011
00011000011
01010010001
10111100101
10011110000
10101010001
01101001111
01011010001
01101001110
10111111001
00111001011
10111000000
11101100110
01101111100
00111010111
01100101000
00111011001
00101001011
11101101001
01101100101
10111101001
01001101110
10111111001
11110001000
01100010011
11100101011
10010001110
10101111001
01111101111
00000011010
00111110011
00010100010
01000110110
00000000110
01000100001
11011111100
01101000101
00111001110
00110000001
00001001000
11110101101
10111101111
11001001111
11000111001
10101101111
11010010110
11000110011
10011100101
01111111011
01010001001
11111101100
11100001101
00000110010
01001110010
01110111110
01010110100
00111000100
01000100110
10010000101
00100101111
01101001001
10000101010
10101111111
01110110110
01010100110
10001110000
01000000001
11111000100
11000010001
00101010001
11110001011
11110001111
10011001101
01111001001
11101110100
11011110011
00101001000
00000101011
11000011000
10011010110
00101011011
01100111110
11110100110
01010000110
10111010000
00011001100
10000011100
00110111000
11101011111
00111100001
01110011011
00001110011
11110001100
10010111101
11000110000
00010011001
00000000110
00000111010
01011011110
11110111101
10000000011
10000100010
10011001010
01001101111
01001101100
01111011010
01000100101
11011000111
01011101110
01111101111
00011110010
00000101000
00110010101
00001111010
10000101101
00101000101
10101100100
01011001110
00011001100
00111110101
10010111100
11011010000
00001110101
10000011110
11000111000
10100010011
00000001100
11010010000
10111000011
11101001010
11001101000
00000101111
00010111110
00010011010
01101010011
11001100001
10001011111
11101101011
00011001111
10010111110
11010001100
11110111100
10100011100
00011101000
10001001101
11001110111
01011111010
00001000101
10001001101
00011001000
01110001011
10011100101
11111111011
10100010000
10100101011
00010110101
00101110100
11111100010
11001100000
01111011011
11011100000
01000111110
11010010111
01000101001
00101111100
10100100101
11010001110
01010000111
10000011111
01100110011
01101011101
10100100011
01101100000
10011010011
10110000101
01101101110
11010001000
00101101111
11111101000
11011010111
00011010001
00000111100
00101011000
10001010000
11111100001
10111000110
11110101011
00001010110
00000110110
00011011101
10111000111
10101011011
00100101101
10111010110
00111010000
10011100110
01010011011
00000001010
00101000001
11101011110
11010111001
01010000101
00010000111
00001111110
11000101011
01000000101
11111100100
00000011111
00001001111
11010100111
00110011001
00010100111
11011100100
01100101111
11010100101
00111001010
00111101101
01111110110
00011010001
11001111001
10100000011
11011111001
10110011110
00011110110
11111000010
10001101101
00011001101
00010101111
01010111001
10101111001
10110111100
01110011010
11101111110
11101101111
11101111010
00010101010
00101111001
10010001001
01100001111
00011110010
01111000011
10010100011
11011101010
01001001110
00011110110
10001000101
10010101111
01000011010
00011000001
11110111001
01100001001
10011100100
11110110001
11101110011
10110011100
01010111100
01111000010
00001111001
10001010010
00010010000
00111110001
00010100111
00010110101
00111100101
11100100100
00101110100
11001100000
00111001010
11111010101
00100001101
00110100000
10110010010
10001110111
00000100000
00011101110
10011011101
01011101011
00111111111
01011011000
01101111101
00111110011
11101010100
01011000011
10110101101
10001111111
01100001011
10101110000
11110101111
01000111010
01001011110
11011111000
01100101000
01010001011
10100100101
11110010011
11111111101
01001101110
10000111010
10101110100
00100000001
11010111110
11110001100
11100110000
10000001000
10101101110
01010000111
01010110011
00110110110
00110110100
01001011101
01100110010
01100010011
01111100101
11001001110
11010111001
01100101011
00001101110
01001001011
11001001100
01011110011
01111010000
00000110100
10110010100
01100000010
10010000111
00101110011
11000111111
01101100110
11101001110
01001001100
01001100010
00100011010
10110110011
00110010111
11110001010
10101100100
01101100100
00101001001
01110101000
11111000000
10010100100
01100110110
11101011011
01111000110
10010100100
01011000101
00110000000
01001010000
11010001010
01000000010
00100000101
01111110100
00010011100
00111101010
00000110111
00101011100
00001101101
10101011101
01101111110
01001000100
00011000011
10010001111
10010001011
01000111100
11010111100
01010011010
10010001101
11110101011
00011001010
10010100001
01100010100
10011001011
01000110010
11001101010
11111010000
00010000010
01111100111
01010111111
00110110011
01011010110
10001110100
10001100101
10010111110
10001000011
00000001001
10000000110
10001001110
10000011001
10101000110
01101111001
10101110000
11000000110
11111011001
11011010000
11001101101
01010111001
00010100011
11101111101
00010111101
10010010101
10000100101
01111101100
11010110110
01011000100
00111001010
11000001010
01100111111
01000111111
01111011000
00110110010
10111011111
00101000000
11010011101
00000111000
00111110101
11101111001
01111111011
11001100111
00000101010
01111101100
01101101100
00111111111
01101011111
10010011000
10001110110
10011000010
10001110001
11101100101
00001101110
11011111000
11011000011
00010010111
10110000011
11010101010
00110111110
01000110100
00100010010
11001111111
00101110101
00000001000
10011011010
10100011100
10111100011
00101011100
11011000001
11111001010
00011010100
11101011100
10011000001
10010010111
11000011001
01111100100
11000010011
01000001010
00001000101
11011100110
10101000010
10001010001
01100001101
00100100110
10110011011
10000100111
11111011111
10010101110
01111000010
00111111010
00110101110
10000010101
11101111100
01010010100
10000101100
10100110011
10111011011
01001110111
10011001101
00110101001
11110110001
00100001001
11100011011
00011011010
10000111000
00000000001
01010000100
00111011100
01100101011
10010000110
10011001011
11110001111
10100110100
11001111000
10101001110
01100001010
00100101011
11001011011
11100101101
11000111100
10001111010
01101101100
00100100101
01011100101
01110111001
00110000101
01011111110
01110101111
00111111110
11000111111
01001010011
10001011001
01110111011
01011111111
01000001110
11001101111
00110001110
11101100111
00101101111
01000000110
00001001110
00110010100
10110010101
11001011000
10101011110
00100011000
11000011110
00110001001
00101001100
01010001100
11010000001
11000000101
01100101111
01011000110
00111001101
11000011110
00100101000
00110001100
01110001010
01001110111
01110001001
00110100101
00011101011
10110010000
10110110010
00001000011
01111101001
11101111110
11010100011
10001011010
01011001110
10011110111
11010100010
01100110110
01000101100
10110000001
01011001001
11110111001
00001100110
11101100100
00101101010
00110110010
00010110100
01011100100
00000111011
10000001010
01100101100
10110011100
11001101001
11111010010
11001000100
01110010110
00111010111
00110011101
10000100100
01011100000
10101000110
01011011000
11110101111
10010000100
01111001001
00110100110
10111101111
01101001101
00101010010
10110111010
10101111000
10001001110
01110110010
11101001000
00110101100
00110101110
00111100111
10110011101
01100001111
01001101101
10011101101
01101101101
10000101100
01100111010
10110110011
11001011101
01100111001
10000110010
11110100101
01001101110
11100011011
00011010100
01001111001
11111001111
00111000011
11001011000
10110101000
01010100011
00100100111
00111101100
11001111001
11011000001
11010101010
10111110100
11001001010
10011000011
00101011010
01010001001
00100000011
10011000111
11110000100
00110110101
00011111110
01011011011
00010101011
00101010011
10100010110
11101010010
01110001100
00110010100
01000101111
11111000001
10001000101
01101000011
01011111010
11010110110
01010000010
10111101101
01010011010
01010100001
11111110001
10000010110
01100110011
00001100111
00000000110
01010011111
01001101100
11001011011
10010001010
10001011011
10010110010
10101000001
00101011000
00101111110
01111100110
00011010111
00011000011
11100001011
10110100001
00101000111
11001111011
01001000111
00000011111
10100100111
10000001110
01000101000
01110001000
11101100000
10111000000
10011100111
11100010010
11110101111
00011111101
10011000110
00011011100
01100100111
01001100010
01000001100
00110011111
10000101001
01100110001
10111010101
10001010100
00100000011
00010110111
01001101001
10011000001
01010001110
01011101000
10011111110
00111101011
01011000111
00110000010
11010010011
01001010010
10010100100
10111111110
00110101000
10111100101
00111110011
01001001101
01111110101
01000001010
10111011100
00011000001
11101000001
10000010100
10001001101
00010101101
00100100001
10100111111
01000010010
11011111010
10111110000
00111100000
00010110100
00101101111
00010000111
10000010000
10010001101
11110110010
10011110001
10100011011
11111100110
10101000110
01100010100
00100111100
10110101100
00101000010
00001111010
10010001100
11111100110
01111100100
00011011011
11101011101
10001011101
11011111101
00010110000
10011100010
11101001000
10001101001
01100000111
00110010001
00010010001
01011010010
11011000100
11010100110
11100011001
10001101001
11000011111
10001101110
01010000100
10010110100
00100111011
11011111100
00011011100
00011010001
00000000010
00001100110
01010100010
11111000010
00000100011
11110000101
01000000111
11110010000
10100000001
00010010110
01101001101
01110011111
00110010000
00111010011
10101001101
00000100111
11011010101
01001101101
11110101010
00010000001
00000110111
10111011010
01010111111
00110110010
00001000110
01001010001
11010011101
01011011010
01111100000
00111010000
00011100000
01010011010
10001100001
11011001100
10110011111
10010010011
00010011000
10101000001
10000011111
01101001101
11011100111
11111001001
10111110000
10000011111
10000101010
10010101100
10000011111
10001101001
00100000100
00100100111
00101101100
00010110100
10000100011
01011000000
11000101000
01010000010
11101111010
10101110101
00011011100
01000101100
00100010101
10011100100
10011100010
11010111011
10111110000
10001111111
00000011110
11101110100
00100101110
00100000001
01110010100
10001110010
00110010101
11011011011
10000111100
10101110000
11001011001
10001111001
10100110010
10011100011
00010111100
10011011000
10111010111
00001100100
10110010000
00111110001
11011101001
10000100001
01000001000
01100101100
01111011001
01001111100
00110011110
11001010101
01101000001
00111010100
01010100010
10010110100
00100101100
01011111001
10000011101
11010011001
00011100111
11010001111
10110010000
01011111110
01101001001
00011110111
00110011011
11000010000
00110001110
00000000001
10000100001
00000100000
00001010110
01100111000
00110001000
11000000101
11100111000
00000011100
10000111001
01001001111
11100111010
00111111000
01010001001
10010101001
00101000100
10100110001
00000010100
11101101100
11101100011
01100110000
01011001010
01011100010
00000111001
10111100111
00001111010
01101000010
10100100001
01000110111
10111000100
11010011000
01001100001
10010001011
01011011101
00001000011
11111111110
00110101011
00001010000
11110001010
11000111101
00110110110
01101010011
11100101100
11100111101
11011111111
11011011111
01100100111
00010000110
11001101001
11100100011
10100010010
00111011010
01100001000
11101001000
10100001011
10010001110
00101101110
11010100111
11101010110
01011111111
11000011100
10000100011
01111101010
00010111001
00101000011
11000001001
00001001000
10110001001
10001000101
11111110010
11011101010
11011010101
11100001101
10110010110
01110101010
00010111010
10111000110
11010111100
00010111101
11001010001
00010111010
10110111111
10111011110
01001001010
10110011010
00001000011
01011000010
11101010100
00100000110
00100111011
10111100000
01010111100
00010001100
00010111111
10001100101
10010110111
01011100110
10010111011
01011111110
11000000111
01010001001
00101011110
10010001001
01101001010
10111110010
11111111010
01010001110
01010011101
00001110011
01110001011
01011001111
00101101100
10011100011
00010101111
00110110000
11001111111
10101000100
11111110000
10000011100
01101011111
01111101010
01110010011
10001011101
11001101101
01100111010
00110000000
01111101001
11010110010
01111110000
10110101011
10111001101
01110110011
00110100011
10001011111
11000000001
01110010101
01000001001
00110111000
11101100000
01011101101
11110010101
00100000100
10110111011
10100011110
00001101101
01101100010
01111011111
10100110100
11000110010
00101000001
10010100010
10110100110
10011011011
10011111101
10010001010
11100101111
10010101101
00000110100
10101011101
00000001110
11011100100
00101011011
01100111101
00011011000
11010010001
11001100111
00100001000
11101001101
10001110110
10111010001
11110101111
00011100110
01100000110
11111111101
01100111101
00100100011
11001111010
10100100000
10101110000
01001100101
11101001110
11111000001
00100000101
01011111011
11100010111
11110000101
01011101110
11110101010
01010011000
00011110111
00010100101
01011001010
01001010101
01111010101
01010100100
11000100110
01110101101
10111011001
10111110110
10100010100
11101011111
11100011010
11000111100
10010001010
01010110011
11110011011
10011100100
10011101010
01111001111
11001100101
10001001101
11110010001
10001100011
00000001000
01101110101
01010101111
10101000100
11010000111
00001101100
10010101000
11000010101
10000001000
11100011001
10000011101
11100010010
11101011100
10000101110
10110000100
10001111011
00110010100
11100101101
10010100001
10111110111
10000110001
11111011011
11111001111
11110000001
10100101100
01110110000
11000100101
00000110101
11011111111
10101001110
10010111010
11101010011
00110000101
01100100000
10111101001
11001010010
00010011010
10111001001
11100101111
01000100011
00101001110
00010111001
11000000010
01111001010
00010011010
01101110100
10011101010
10101101101
11010010100
10100101110
10111110010
10101100110
11011100010
11110011001
01011100111
11010110101
10010011100
10110111110
10000010011
10100001011
10110000101
01001001000
01110110100
01100110101
10100010010
10100101111
01101101100
11101000100
01111100101
01100010111
11000010101
01000101101
01001001000
01011001101
00101000010
11111011101
11010111101
01100100100
01011101101
00000001100
10110101110
10001000100
10001001001
00111100011
00010001000
