01111110001
00000011010
10111001010
10101011001
01010010101
11010000110
10010001101
01101110010
10011011101
00100100100
01110100111
00010000001
00010101011
10010011010
11100100101
00011000001
10010011110
01111111011
10101111100
01010110011
01111011000
11110000100
01000101101
11001111111
00010101111
00001100111
11000100101
11011001001
01010010101
11000010001
10010011101
00111010001
11101101001
10110000001
11001011011
10101000010
00010010010
00001011100
11010101011
01111000011
11110110100
10100100111
10101000101
00111011001
11101100101
11001110111
10010101110
10101111001
10010010010
10011011010
00010000000
10001010100
10011100000
10101111000
11110100011
11010011111
11010110110
11010011111
01011010111
11110111010
10101111010
10001110011
10101011000
11010000110
01011100001
10000010111
01010011000
10101110010
00101000001
01000111111
00110100101
01101000100
11100100000
01000111111
00110111000
00110011101
00011001001
11000101000
10001110010
00100100111
10000101010
10000011100
11100110010
00111001110
01110000011
00010110110
10000110010
00110010111
00111110110
11000010000
00110111010
00011110010
00001011110
10110000000
01110011100
10110001011
01100111011
00011111110
10011110100
10100000000
11000001110
01011111001
11101011110
10101101000
10101001100
00010110111
10111100001
01111101011
00101011001
01011111011
11111010100
00100001101
10110000110
01101100100
01001001000
10001100111
11110001101
01001110100
11100100101
10000000010
01011111111
11011111001
10001001111
01001101001
01010011101
10001010000
10011101101
01110010001
10011100101
01100000111
00010001110
11010100100
11000001000
00001100010
11110001000
11001001011
11001101001
11011000100
00000010100
00011110011
00101011101
00000011100
01100101000
11000001000
00010010010
00011110001
10010011000
10011001111
00100101010
00010111011
11010001111
00110101111
01111010111
11011011010
00010111000
00011010110
11100101011
00101101110
01010111110
11111110100
10100001011
00000111011
11010011100
01010110001
11111010110
10110111110
01110011010
01110001111
00001101010
10001001011
00001010100
01100000101
10101100011
00110011011
01010100111
01100010111
10011001111
01011111110
11111110011
01111111000
01001111100
10001001011
11111101010
10111110100
10100101110
10000000111
00101000110
01011010000
01101000001
00101101110
01110000100
10001111001
01101110011
11101000111
10000000111
10000101001
11001111010
01101010110
11111110011
00011001000
10000011001
10011000001
00010010011
11111101110
10101101011
01101000001
11101000011
10100011101
00110001101
10110010001
01100100101
10110110111
00100100111
01100001101
01011011000
10001100010
10101101011
10111101011
10111011010
01101001110
11101010001
01110001101
10100110001
01001001001
00100010001
10000110001
11010010011
11110111010
11001010111
11101111010
10001101011
00111101111
01101111001
01010101110
01111110101
10000000010
01101100011
10010100000
00000110100
11010101110
11101000000
01011000000
01101010110
00101010101
00001000011
10111010000
10001110101
01111101011
00111000110
00101010010
00111100111
11110010010
00010101100
00010001001
10001000000
00111000110
10000111010
11001010101
00011100101
10100011011
01101111101
01011011100
11001000011
01001011101
11000101100
01001100110
10000001101
00001010111
01101010101
00100110111
10010101110
10101101101
01111100010
10000001111
01011110101
00011100000
10001011010
10000000001
10101000111
00100000101
01000001000
10111011011
00001011000
11000100010
10000011101
10101110101
10001001010
11110010000
11010100101
00110111011
01111011111
01011001101
00011110111
00101111011
11111101010
10110110000
01010001100
10101101001
00011111110
01001001110
10000100000
11000110001
10001001101
01111100011
11110001110
00000011000
10001101110
10101011000
10011100010
01111110111
00110100011
01101000001
01001011011
11010001100
01111001100
10010111101
11001110011
01000010111
00000001010
00111111011
11000101011
01011010001
01100100100
01111101110
11011000011
11011000110
01001100110
10001111000
00101100111
01001101001
11010000010
01011010100
11010001101
11100001101
01001011100
11111111001
00101110011
00010101100
01000111000
10011100101
10100001010
01100101111
01011111011
00011101011
01110010011
11111111001
00110100001
01100111010
01000011010
10100010010
11101000101
00001111000
10101100111
10100000001
10011001011
00101101010
01001010010
00100111110
11001111100
01010011100
01110011000
00001000100
01000011001
10001000000
10011101010
01001001001
11011100000
11000010101
10010000000
00001001101
10100001010
00001001010
11110011010
00111011111
10011111110
11000101001
11100000010
01101010010
10000010100
00011001001
10100111011
11011000000
10111111010
11011011100
00101100011
00011110010
10111001001
11100101011
11010110100
00101011101
11100100100
01110101001
00011111010
00101010000
10110000101
00010001011
00011011010
01110100000
11001011100
10010010111
01001001011
10001011110
01100110101
11010110000
10100100000
01010111000
00011000000
00011100100
11111111101
01001011110
00110001010
10111001001
00010001000
01000111100
01101000110
01001100101
11001011100
11000100110
00100010000
11110001001
10010010011
01100001111
01101000010
10001001010
00001110111
01110010000
00110101000
00100011111
11100100000
01111101010
00111111110
11100101110
01011100111
00000100100
10110110101
10011011110
10110100010
11100110001
00101010011
00010001101
10010011111
10100110100
11000010111
00000101110
11100100100
11110111111
01111110111
11111110000
11101010011
11010011111
01011110000
01111110001
00010111011
00100100010
00110001001
11100100101
10101011011
11100010100
11110010001
00101100011
00010101001
10011111001
10011101100
00011100101
10011111001
11101001011
11101000010
10011111010
01110101000
01111110001
00111101101
00110010101
01101111110
00000010110
01010011000
11110100001
11101101011
01111111101
10001110011
10011000101
11101000011
11100001011
10001001011
00111110010
11000010101
11001100010
11000110111
10010101111
00101000100
01111110111
00100001111
00110011000
11110011101
00001110111
00110011100
01010000111
00100101111
10101011100
01100100100
11100110011
01100100100
00010110011
00100100001
11100011000
10101101111
10001011110
11111100101
00100001001
10010111101
01101110100
10111010110
01101111100
01000000010
11001010110
00001001011
11110010010
11011111101
00001001101
11101110111
10100000110
11000000001
10011111100
01100101001
10110101010
11100111001
10101011011
10101100110
01101100011
00110000101
10001111011
11010001111
10111001000
10110011000
00001010111
01000011010
01011101101
01111000011
01101100100
01101011100
11011110000
11111010010
11001001010
01111011010
00000001101
10001010101
11011001101
10010011010
01001000100
11101011001
10001110110
01001000111
11101111111
10011100111
10101011001
10100001110
01001101010
01110100000
11011000011
10111101010
10110000010
01110011000
11111011000
01100001010
00101110010
00010000111
00010010000
10010000001
01001100101
11011010001
01110010011
11001010100
00100001110
11111010101
11110010001
01010111010
01001101011
11111110011
01101100001
11110110010
01000111011
10100000000
01111111100
10110001110
10000111100
11100110100
10001110100
10010001000
00010111110
11100010010
00111111100
11000100010
11100111101
01101000101
01000000110
01110010100
00010110111
10100010100
01101100000
00010010010
00100110100
01010100101
11001001001
01001011100
01000011011
01011011000
11101111001
00110111001
10011011111
10100000101
11111011101
01011111111
10010011010
10001101101
11110111110
11100001011
10000110101
00110011111
10101000000
10001110011
11001000011
10101011101
00100110101
10010111011
11101001101
00110011110
00101000001
01100111100
11100001001
00110110101
00001100011
01000111001
01011100011
11000011110
10001011001
00000100011
01000000001
11001100011
01011101110
11111111001
10100100110
10011001111
11101110111
10000111010
10000010000
10010011001
10000001110
01100111011
11010111110
11011001000
00100000001
11100101111
00110000100
00000010011
00011101011
01110010001
10001100001
01011111100
01101000101
00001001111
01110111001
01010111001
10011010111
11101011010
00111111001
10001001010
11100001111
00000000001
10111100011
11111100110
00001110100
01111100001
11110110110
01010100010
11010001110
11111011000
11010111110
11111010100
01011101100
10111000110
01100011011
10100110101
01111000101
00010101010
00011111000
01111111010
11111100011
01110000101
00011100000
00100101000
10111110100
11001001000
11010010100
11010110101
10000000011
01111110011
11011000101
01001111001
10101110001
10010110111
01000111110
10011011000
01101010001
01101101010
00001110011
00101110010
00111110000
00001000100
01100100101
00110101111
10101010000
01011101101
11010001000
00001001111
01001011111
10010111110
01111101000
10000100011
10001010111
10101010100
00111111111
11100011011
01100010011
10110011011
11001001000
00000010110
01000000011
00000100010
10011101101
11011111001
01010110010
00100110110
00101110101
10001110000
10101010000
10111101010
01000000001
10011010001
11100111010
10001001100
00011100100
10011100011
01001101011
01000010000
00111110111
00111001110
01001011111
00010010110
10010110000
00101111011
10100101011
11001100000
11110111110
11011011010
01101000110
00011101101
01100101100
11001111101
01101010010
10100101111
10111011101
01000000000
00001011111
11100110001
01110011100
01111100001
00011100111
00001110010
11010010001
11111100010
00100010010
01110100001
01010100000
11001000111
11010110100
00000010101
00111001011
01000010100
11000110011
11011111010
01111010001
00000010001
01001101100
11100111000
11001100111
00101001001
11001011010
01111110011
10000010001
11001001111
11001101110
11111111101
00111001111
11011001111
00011100111
11100001010
11000001000
11100101110
00101011110
01001001010
01101111100
01011101101
01011100101
01010101101
01000101010
00001111110
00000011011
11110101110
10111100001
01010100001
10110001001
01100110011
11110100001
11000110111
00001110110
10100010011
00000010010
00111001000
00100111111
11010011000
00110011000
11101111010
11011010101
00001101011
11110011001
10000110110
10110000100
00011011101
11111110101
00101110011
00110010011
10110010000
01011110110
10110010101
00000110101
01101110010
00011110111
11110000111
01011010010
01110000101
11110110001
00101001111
10110000010
10101011111
00101000011
01000111001
01000100111
01010011010
00111111000
10110110111
00101101100
00110110100
11100100011
01100011111
11011011110
00011100100
10100100000
00110010011
10000010010
11010011101
10011000101
11011111000
00111000101
11111111001
00110110010
00000000010
00110000000
00011000100
00010011001
11011101001
10111010001
00111110011
01110100011
11010110111
11010010010
10100010000
11100101010
10001111100
10010011000
01011111011
10110101100
11010101101
00010100110
00111010011
10011010101
01100001011
00001011101
10111011011
00000001101
11001011111
01100111001
11001101100
10111000110
11000001101
11011001001
11010101101
00000100000
00011101100
00111111011
01011001011
11100000100
11011111001
10000101100
10000100010
00010100101
00011010010
01100011110
11110111110
11101101110
10011000101
11001111000
11010110100
00101001111
00010100101
00011110001
11111100010
10100011011
00101110010
00100100101
11110011011
00101011100
01100111110
00111001010
01010000111
00010110000
01111000101
00110011010
00000110000
10011001000
10111001001
00001000001
11101011100
01000000101
11010001001
10001011010
11001011011
00111001111
10011011011
00011000100
00101100010
10111101111
11101110111
10110111111
00100010100
00100101010
01010011001
00110011111
00100011011
00001001011
01001000100
00111101010
00010001110
00011111101
00100111000
00100110000
11001001001
00110110010
01110101110
11001111111
11010010101
10100001111
01111101011
11010001000
11011101010
10011101110
10011010000
10100101000
00111100000
01011110110
00010011011
01010000110
00111111011
10101010111
10010000100
11111110010
01010111110
11101011000
11111101101
01000001011
01010010110
00111011011
11110011010
00010100001
11011101000
10011001101
11010001101
00010011110
11001001011
00000011001
01000000011
11111010010
00111111110
00001001110
00001111111
10111110011
10110001111
11010001000
00110011011
10110000000
00000001111
11001010001
01110100000
10110000100
10011000110
11110110100
01100101011
01001010100
11011010101
01110001010
01001010010
00010101011
11101101001
10010001111
00011100010
11111001101
00101010010
00000110010
01101010100
11001000100
00110101110
10001101101
10101001011
00001100101
11100110101
01101101011
10101010100
11011010000
00011101011
10010011000
01110000111
00000100001
11111101101
10111011000
11100101000
11110011000
01010011000
01010010001
10100100010
11011101001
01001001011
01111101010
00001100001
00011110100
11011011010
01010111011
00001011010
10111111011
01011110010
00101000001
11011001000
10000110111
00101000011
10101111001
01111101011
01001101000
00101101100
00011101101
01011001000
01011011100
01111011111
10101001101
10110111110
11100000110
11001101000
11101010111
01111110010
01000101000
00100010110
11011000110
10000111101
11001101111
00011100100
10111110100
00110011101
11000001011
00110001011
00000000001
10110011010
01111110101
10000110011
01111011101
00011101001
11011011000
01111110000
11111110110
10000101011
11010100011
01110010101
01101100101
01101101110
11000111011
10111011110
10010011000
11000100100
00000101111
11111100111
11110000000
11000000001
01001011010
11001101111
01001010110
11011101110
10000011111
00101011010
00011100110
00111001100
01110001010
00100011111
01101110011
01110001100
00100001001
11111011110
10101101010
10000010001
01000110100
01101001010
11010011101
00101101110
10110101101
11101010110
00011001110
11000001000
10010010111
01101011011
11010111101
00111111100
00101010110
01011101011
01101111101
01111011000
10000100100
10001000110
00101001001
01101101001
11101110011
10100101001
10001111111
11101101111
10000101000
00011000000
01010010111
01010100110
10100111111
11011001110
11110111000
11110101001
00111110111
10110000011
10011101100
10011010111
10011001111
01010011100
10000000011
01111101111
11011111011
01011100100
01111000111
10111000001
11101100100
00111001000
01101001110
10000011110
10000110010
10110101100
11100110010
01111100101
00011011101
01111101101
10011100001
11100110000
01010101101
10001011010
01011001111
11001010011
10010111100
10001110101
10100101011
10111111100
01001000100
10001000110
01000011110
00101000001
00100000100
11100001001
10111111000
10111110110
01101000001
10101011011
11011111101
11100110101
01101111111
01011011100
01010111011
10110111101
01100010010
01010110010
11110111011
10101110011
11111111100
00011001101
10101000010
01011110001
01011101001
10010010111
00101100001
11111001011
11001110111
10000110001
01100000011
10011111000
01000111101
11111000111
01011011111
00001001111
11001001001
01100001101
11111000111
10100011110
10101011101
01101000011
00100110111
11000010110
11111011110
01000000000
10010011000
01010001010
10101010100
11000100011
10011010110
01011000001
11100000110
10001000011
01010111011
00010011100
00011001110
10000000011
00010010000
00011001011
10100001001
00100111101
00101011010
10110111000
01100010101
01110000110
01010100111
11011110010
01100010110
01010101010
01110000111
10011000011
10111100101
10110111010
01111010011
11111111011
10001111110
10101100101
11101100100
00110100010
01010001001
11111000011
01001010101
11100100111
10001110111
10101110001
11111000101
10100001110
00110001111
01000100111
10100010001
00111110011
10111101001
01001000000
00001100001
11001001110
10110010001
11101011010
01011111010
00010110011
00111100001
00101011011
00011000111
10100101011
00100011100
10110101000
00100011111
11001001111
11000101010
11011010011
10101001010
11010100011
01101001000
01111101001
11000111100
01100101111
00001000110
00001010011
10010000101
10111010101
10011010010
11100111110
01111110110
00111111000
10111101011
01110011010
01111011101
11101111001
00100000110
00001101100
11010101101
11000100011
11010001100
10101010111
10001000001
01100011011
10000111010
00101001110
01001101011
00110011101
01010100111
01010111001
00100110100
11011110001
10010011110
01101001000
01110000111
00101011010
10010101001
00010001111
01100000000
01101111011
00010000001
01101111000
10101000100
00100111010
11011110110
10101010110
11011111111
11111100101
11000100010
01101011011
00011111011
00110111010
01011100001
11001101001
01100100100
00010110110
00111000111
11010000011
11101011100
10111111100
01110110100
00011110011
01111110111
10101111111
01111011100
00011110101
11000100111
00000101011
10110101010
10011110010
11110111111
01111101100
11001101000
01000011111
10011010011
00010111010
00100001000
00100010111
11000000010
11001011000
00000010000
01011101100
01011101001
11000100100
01111110001
11111111010
10111100101
10100110110
00100100111
01011110001
11010100101
00000011111
00010011100
11100001011
11001010000
01011001100
10000000100
10011111000
00111011111
00100010001
10010011111
11011100111
10000011110
11011100110
01001101001
10110011011
10111011011
11110111010
11101110111
01001010100
01101011001
10001100110
01101111101
01001001110
00011011101
11100100001
10110110110
01111000010
11110001101
10101110010
10000000110
00010001010
10001010010
11011100111
01010000001
11010011010
10110000110
10111101110
01100101010
11100111111
11001100110
01000011000
01011110011
10011111000
01100000101
00110011010
00001001100
01001001111
10001001001
01101000101
01100000001
01110010101
01101111000
11011101001
01110001101
01010111101
00001011100
00100111011
00011010110
11000100110
11001001010
00100001010
10001100011
00001110011
01111101101
01010011111
10101111010
11011101011
10110111100
11000101100
11101011010
10100001110
11101110000
10100101010
00000000000
10001000100
10001001010
01000001010
00100011110
01001100101
11001001100
00110100000
00101101101
10101111010
00101000011
11011100100
01111100001
10000110100
11000011111
10001101100
00100000000
01001101010
10001010111
11001000000
11111010110
11110010010
10010001001
11001001000
01110110000
01001111010
01101001100
00111001010
10011011110
11110110011
01001100111
11010001111
00100101001
00001001110
10001001101
10111010000
00101001010
10111101101
11111110010
11111101110
01000101110
00000011000
00111110110
00011001011
00001100110
01010101101
11101000100
10001111100
11010010001
10100000101
01001100110
11011111011
00110111000
10001100000
10101101101
00100111111
01100011000
11101100100
00011011111
00010010100
01010001111
00011101010
00101110111
00111001000
00110111101
11101110110
11100011000
00001100000
11000100000
11111101101
01110001000
10100010110
10010011110
00100101110
10011011111
11010111101
00101011101
11101111110
11010101100
11010110011
01010110100
10111101100
00110011110
00011001000
00011001101
01011110000
00100010001
01010101001
00100100100
11100011011
11001111111
11100110100
00101001011
00110101101
10000101010
11010011001
10010011000
10111100011
01010100010
11001100000
11011001101
11011110010
11001001011
00001111011
01111110101
10110001100
01011011111
11110011001
11010000010
00111111010
00101010011
11011110011
00000001001
10110000001
00111111011
11001000111
10100101011
00110011010
01010000010
11111111010
00000101100
01111010101
11001000110
01101101010
01011100111
00000111101
11100011011
11100100011
01101110111
01011001001
11000011010
10011101111
10000101011
01000001001
00101100100
11100001000
01100001011
11110000000
00001111100
10010001100
10101110100
00001010110
11110101010
11001011100
10011101111
10100000001
00111011110
00011010010
01010011011
01110101100
10011000110
11000100010
00100011100
00010100000
11111010111
00110011011
11011011001
10101010110
10110000000
11110101010
11100111011
11001110101
00110011111
00101101011
11001101011
10001010001
11100111111
01111101011
00011001011
10000101011
11010111011
10000010110
10001001100
01100011010
10001011111
01101011001
01100010100
01001010010
10100111010
10000001010
00100000010
11110100100
01111001100
10110001010
00101001001
10101110011
11011000000
01100011100
10011011110
01111000011
00111110001
10010010011
00011101011
10100110100
11111011010
00110101010
01110001001
00000110011
00111111011
11011001110
10100110100
00010101100
00001101010
01101101010
11010111101
11010001010
10111110111
11011011110
01000101011
01001011111
01101001001
10101101111
01010101111
01110111100
01001000000
01011110010
11100001010
10010110011
11001010001
00111111001
00001001110
11111111010
01111100111
10000010110
11000110100
00010010111
00101011101
10100000100
11001111100
00100111110
01100111001
11101010001
00100001000
01111101111
10011100011
00111101110
01000101111
00101011010
01110110101
00101100001
11100010101
10001000010
11100001000
10100000000
11010100010
01001110010
10111101101
11000100101
00100101110
11100101000
11010000000
00110001101
11011010010
00011011111
01011000110
01100001010
11100101100
11010001100
00101111011
01000110111
11110000001
11000100010
11111010011
11010000011
01111101111
10100010011
10110100110
10000111001
10010101001
00000101101
11001111001
01010001000
00001010101
10011011010
11111011000
10011010110
10111011000
00101101110
00000011010
00001010001
01111010010
10101010010
00001110101
00100100111
00110101101
11111100011
10000001000
11001010000
10111110111
10100001001
01010100001
10101110001
01110011100
00111001000
01010101001
10001010010
01001000001
11000010100
00100100101
10001000101
01110010110
01100000100
10111100011
10111101111
00001110101
10010101011
00010000110
10000111010
00111101101
11101110111
11011000110
11100101000
11010111111
00010011010
11100101111
00000101000
11001010001
11101111001
11110110011
10000111111
01100111101
11101001010
11010101010
10001101110
10000111010
01110011111
01111101111
10100011101
10111001000
10111011010
11010110110
10000111011
01000001110
11111000001
11010011011
10000011001
01111101110
01001101111
11111000010
00000100110
10110100110
10010111011
10101011000
10011011000
11110010110
00000000101
11010001010
11110111100
01101010001
00000101101
11101110110
01110011100
01011010111
10111001101
11001001010
00100100100
10010011011
10011011110
11000011101
10001110010
00011101001
10000011010
10001000011
11010000100
00101011111
00100100011
01101110110
01111110011
01110010000
10111111110
11101001111
00100100110
01010101010
10010100010
00000110011
01010111101
10000001110
10110110100
11111111010
10001000100
11011000111
01010100011
11110101001
01110000110
01010001100
00010101101
01100110100
00111111010
10010001110
11011101111
01010010100
11001000100
11001100000
10110010111
00110011001
01011010111
01011101101
01101110110
00111100111
00001111110
10101011001
01011000101
10011011001
10111111111
00100100000
10001000011
00100010001
00100110110
00111000101
00100011001
01010010010
00001111100
10110000001
01100111000
10001100110
00100011111
10100001000
11011110110
11010000001
01101010010
01011111100
10110101001
11110110000
01010101001
01000110010
00101011100
11111000101
11001001010
10011111111
10100111110
00111001110
11100111100
10011100000
01100100110
00011101011
00110101001
00110101111
11101000101
00011110001
11110111010
10001011100
01100001101
10000011101
00001011111
11001111100
01000010010
11001011000
10010001100
11010100101
00000101100
11100101100
01011000001
01001010010
00000010100
00001111000
10001001011
01001110101
01110010110
10000111101
00100001100
10001110110
01010110100
00001101110
11011111000
10110010010
11000000000
11010001101
01011101010
00011010111
01011100010
00001000001
10001111001
01100110010
11011111011
10100010000
01100011111
10101001000
10011100111
01001110110
10100101111
01011110010
11110011010
10111001010
00100101000
11010001100
10101000011
00001110011
00010011110
11000101111
00110100001
01001001100
00011001111
00011111010
11010100010
11010110010
01101010001
01010111110
01111000111
01101110100
11001110100
01101110111
11000010001
10001101100
01010000001
00010100100
01011001000
10100101110
10000100110
11111011111
11000101010
01111000111
01110110010
10001010000
10001000000
11101010010
11010111001
01111101001
01100110100
11101010110
01100101000
11100101001
00101011001
11110000010
00100111111
11110011011
10111100010
11111011100
11101111011
10110010101
11101011001
00101101100
10111111001
11011001110
10010101001
10100011001
00110011011
10000111100
11001100001
11111101010
00010101010
00010111111
00010110001
10000010010
00110011100
00111001101
00100000001
01010010111
