11011111111
10011001001
11101010111
10011000110
01101010101
11110010101
01110001010
00100111111
01000100011
01010010010
10100010010
10000110010
01110010000
00010010001
11010010000
10000001011
11011101101
10001010110
10111111010
11110001001
00100000111
00110110001
11011001100
11001000111
00100101000
00101110101
10110100000
01001011110
11100000010
00001011100
01110100011
10011000111
10001110000
10010110101
10000100011
00011101011
11100011111
00010110000
01011000101
00100110010
01001100111
11111011001
00000111111
11111010000
00100110110
00110101010
11000011110
01010011110
00110100110
11100000100
01110110000
00010111101
01110010010
11000101010
01111011011
10110110111
01001010110
01110000100
11001110010
00010011001
00101100111
01111110011
11111111000
00101001001
11101000110
00101010100
01011100100
10000111101
10010001111
01011010001
10001100100
01001011101
00010110100
01011000111
01001011100
10000101001
01000110111
11110000011
10111110111
01010100010
11000000100
01100101000
01011101110
00000001101
10010101010
01001000011
00001011100
00110011001
01100110100
11011010100
01101010100
01000100001
01000110101
01100101000
00101101000
11110110011
00000110000
01110101001
11000011011
11110100001
01000011110
11010101111
10001100100
11101100100
00010011101
10110110011
01011001011
01110011000
01100001100
11110110110
01010100010
11101000010
00100011000
11101001011
00010110111
00011100000
11111011111
10101011010
00110011001
10000001001
10101101100
00010001100
10010101000
01110010100
11000011101
10010110110
11100010011
11010100110
10100000000
10110001010
00101100110
11100001011
10111101010
11000000100
00010110011
11110101011
10011011100
01100100010
01001011100
10000011101
10100010111
10000010101
01100001011
11110001111
10110010111
11111110000
11011101100
11110101010
00000111011
11001100011
10000110100
10000010010
01010100111
11110101000
10010010010
01000000011
01101110111
11011110001
11100101100
10010110010
01000110111
01011001001
00001010010
11101001001
11111000010
01011010010
00001011011
00010100000
01000100111
00000111111
11111000010
00011111100
00100101100
10010101110
10010010101
11010000110
10001110001
10001100010
01000011110
10000101011
01111101001
01001111010
10010110101
00101101100
00001100001
11001111011
00001010100
11010101111
11100011111
00010111100
11010111100
10100110111
10010001100
00010011111
00110110000
01001101111
01010111101
10100110111
10011110011
11001100100
00010111101
10010101100
00001000001
00001101000
11111100101
01011000100
01100011111
10110110001
10001100110
00000010110
01011111101
00010111101
00110110011
00001000101
01010000110
01110000001
11001110010
10000000010
11011001001
00101000111
11110010110
00010100101
00001110010
10100110000
01101111110
00001000011
00000000100
00111001101
10001000110
10111111010
01001000110
11110000100
00010111110
01011000001
00111110101
00000111001
11010010111
11100100100
00000101001
00011010000
11101111100
00010000011
10001010001
11011101101
11011101011
11111110100
10011101111
10011111011
11011100000
01101101111
00001101011
11111111100
01111010110
11100010110
10010101001
10101010100
11101110010
11001011110
10011111011
00100111101
00001110011
00000111101
01111001010
00010001011
01110100010
11100011101
01001111001
00001110010
11110001001
01000011001
00011010001
11000001010
00010011011
01111101101
01011000011
10110000010
00100100001
00001101001
10010010000
10100111110
00111100100
00100010110
11111010011
01111100001
01010011001
01101101011
00110010101
01110011000
01010101011
11001101000
01110011010
01000100100
00001000001
11000010011
10010100110
01110010100
11111111101
11111010101
01001111011
11001000111
01110011101
01101110100
00010001000
11111010111
10101101001
10011000111
00011010110
11001101111
10110000010
00011100110
10011111100
10101010001
10000010101
01110000110
00100011001
10111010110
10001000110
10111010010
10001101100
01110111001
00000111110
11001111001
10001011110
01010111110
11000000110
10111100110
00001010110
01010000001
11001100001
00110000010
11111111010
01011100110
00101001100
11000011100
10011010001
11000010000
01000000100
10001011000
00100010010
10011110101
00010111001
11010010110
00011011111
00010011110
01110001111
00000000110
10000111100
10001100100
11001100001
01100101100
00111001101
11101100101
00010011011
11101111010
00111000100
00111101111
11001001110
10011101100
01000100101
10011001000
11100011100
11111000010
01100110001
10000000101
01101111111
10010001100
11100100000
11011000011
01011110110
11000001000
00000100111
00010110001
10111010000
00100100101
00001110111
10110001100
11000000000
00011101000
11100000010
00000101100
01000011010
10110001111
01010110101
11101111001
10111100111
00100010100
01000011110
00101101101
10000100100
11111000110
00000010100
10101100010
00100010010
10010110011
01011001001
01101011000
00000011000
01101111110
00100100111
00100011100
10010010100
01000100010
11111000010
10111011011
01101011000
01101101010
11111101001
01001111000
01011010101
11111001001
01100100001
11111111010
01001011001
00000100111
11101101011
10101011011
11110100110
11000000101
01111100000
10100110000
11000010000
11001100011
11111101011
10100110100
01011100100
00111111011
00001011110
11100001011
00000111010
01001011000
10110111100
10100000110
00000001111
11010100111
01001011110
00101101100
10101101110
11111101101
00010000010
00100111001
11110101011
01011110111
00001110001
00110111110
00100111011
11100000111
01110110101
11100011000
00100011101
00100000010
11101110010
11101100000
10110011010
10001111000
11000101100
01101100011
01011101111
11010111100
01010001111
10110101010
10100010001
01010011011
01101010100
11001100101
10001100010
11101100001
01110011000
01000100011
11111110010
10110101001
11001110000
11001000001
00010011001
10110110000
10011110000
11001111000
01010101101
00010011001
11101010101
11101111111
10011011100
01000010011
01100001010
00011110111
00110111010
00000011011
01001010101
00101011010
00100100010
00000010111
11011110011
01101110010
11111011010
10001000111
11110110110
00000101101
10010011000
11111100011
10011111000
00001101111
11000010100
11110101011
00100001000
00110101011
01101001110
10101001010
01011010011
10010110011
11000001011
01110101011
11100010001
11110010111
11011100010
11011011000
01001110010
10100100011
11101101111
00011101001
01011000101
00100110110
00110000011
01010010110
11001011011
11111100100
10001101111
00001011010
11110011110
10001011100
11101000000
01011011001
11111110111
01110110100
00100001101
11110000011
01011000101
00011111110
11100101101
11101110100
01010011101
11111010011
11011011110
01100011001
01000001011
01111011011
00110101011
01101110010
00001011100
00111011011
00010000001
00101101100
11010100110
00010111000
11111110101
11100010100
10011111100
10111001011
01010110011
00111101001
01101110111
11111011110
10111000111
10100111111
00000001110
11100101111
10001001000
10001000100
10101010010
10101100011
01000001001
01101111110
10100011000
00101000011
01011100100
11100101100
10100001110
01111101111
11000111111
01000110100
00000110101
01010110010
11100011001
10101111100
11111010111
01010111110
11010000001
01110011100
00001111000
10000010010
10000010010
10010011110
00111011101
01010111011
11110111000
00100101011
10000011010
11110110111
00101100011
10101100111
10100001010
01011000001
10100101111
01111100011
10101110011
00110111000
00010000110
10001001100
01011001111
00100110101
10111010110
01101011010
11000001110
01101001111
01011111111
01101001110
00101010110
11101110111
00110101010
00011001100
11011101000
00011101111
11101001011
00011100001
01100100110
11011101001
01000001001
10011001101
00010111011
10111001010
11110001101
01010101001
01101101000
11001111111
01010010101
01101100111
01110010000
11110011001
10010011110
10010100100
00010011001
01111010111
11011001000
11111001110
00011100001
10001001000
01110001110
00011010011
00101000001
11101110001
11000011001
01011010111
00011001001
10100100000
01100110010
00110111000
11100011110
11101110100
00110110011
11010101010
00111101101
11011111001
10000110100
10000011111
10000101000
11111110110
00111100101
00101101110
01110000010
01001110011
00001111111
01000110111
11111010111
11110010101
10100010010
01010110110
01101110001
10110101100
01010110011
11101100010
01001001001
01011100011
00001000101
10000001100
11111110100
11011001101
11000011001
10100000101
11010010010
10100101110
00001001010
00010110001
11001011000
01011000100
01001101100
10101111110
00000001001
10011000000
11010000001
11011100111
01000010001
11101100011
00101110101
10011010110
00110101001
11101001101
11000010110
10110101000
10111110100
11100001100
10111011000
00011000111
10100110011
10010010000
10100010001
01000101000
01101001001
00110011111
11111101011
10100101110
11110001010
00010110001
01110000100
01000101100
10111011101
11100011000
11111010011
10000011110
10101111000
10001110111
10001010001
11110001011
11100001110
01010000001
10001001011
11111000111
01001111001
10010101110
10100111001
01110011000
11000111011
10111001000
00000000101
01000110110
01011111010
00001111001
01001110110
10010111001
11011011101
01011010101
11011010001
00110101101
01111010110
00010100111
00100000100
10111110111
00001000011
11110101101
00111111110
00010100111
11101110000
00101000111
00010101111
11110111010
01000011100
11010101101
11001011110
01001011010
11101010001
11010100000
01011111001
10101011010
00110110001
01100011111
11011011101
11001010111
00100011101
01000111111
01101111011
00011111111
10101011101
10001100000
11110011001
11111100100
00110111011
10101100100
11010100011
10100011110
11100111011
01011101001
11110011011
01001110110
00000010111
01100000100
11010100100
00100011000
00110000110
00101001011
10010111001
10100001001
11010111011
00111110111
00010111111
11100011111
00001111100
10100001010
11010101010
01011000111
10000110101
00111110001
11110110101
10010101010
10011101010
11101101110
10100011110
10000101110
11111100100
10100101111
00111000011
01010000110
11001101000
11000011101
10100011100
10111011111
00001011100
10001010110
11001111001
11110010111
10010011000
11100001111
01000010101
01010011010
01110110010
11001010110
00101111101
10000101101
00111001010
11111011010
10010100101
11001101101
00010001111
11000000000
01110000001
10111001011
01010001111
10001010010
11010011111
10101110011
10110011011
10101111000
11110001101
10111111100
10001110111
10111100000
11110000000
01000111100
10110110001
11011101001
10010000000
00111110010
10010100000
00011110000
01111101011
10101101000
10111111110
10000010110
01111011100
11100011100
01010000011
01001110011
10010010110
01100110111
00101001011
11110111101
01011011011
11101010001
11001110100
10000010001
11011111100
11010100101
01000010010
00100001010
01001101011
11111000100
00000001111
00001010001
00001010111
00010110011
11000101110
11111110011
11011011110
11001010111
11000000101
01100010010
00000101001
01000010000
10111110001
01100110001
01111000101
10000100101
11001101110
11110011011
01011011001
00011111101
10001111100
11000100000
11110010011
11110011101
00111101010
10111101000
00100111110
10100100001
11100100000
10000011101
10101001001
00001111111
00000010001
01110110111
11111010010
00111100011
01100011011
00100110001
01101001100
11011010001
01110111110
00011011110
11001001110
00110111001
10111111011
10111010000
11100100101
00011010110
10110101111
11011000111
11010001100
11000010100
10000110001
01001101100
11011110010
00010110010
01111100000
10011100010
01001000000
00101110011
00011001010
00011111111
01001111001
01100100000
01000010100
00010001000
11111110100
10100000111
00010001101
11101110111
10101101010
10010001011
11111100111
11001010100
10010111001
10011000001
11001001111
11111000010
01110000110
00101010000
10101011010
00011111110
10001100000
00111101011
10010011110
11101111010
00010000111
10000000101
10000000110
01010110110
10000100011
00100010000
11010110100
10010100101
00111101010
11011100101
00011111011
11010101010
10000000010
00011011001
11001000001
00000001101
11001011101
00000011111
11001111100
00110110101
10101111011
10010111000
10010100110
01101000010
10000111111
10010100110
10100110000
10010101000
01011110111
10111101101
00011000111
01101010011
01011000111
10001111101
01010111010
10100000100
00011001001
00000001110
10100110000
11111111101
00001011100
00110010110
11010001101
01000100010
00011001110
00010101010
11011110001
01011101100
00111010111
11011111100
10011010000
01000001110
11101100100
00001111011
11011110001
11010000001
00001110011
00100001101
11100111110
00100110101
11001100101
10010001100
11100010010
10111100100
11100111111
00010101001
11111101000
00001001101
00001100100
10101010011
00100000001
11011111111
11101011011
01111011100
01101001001
01001101100
01101111001
01000010010
11100100110
01011011011
00110010010
10100111011
11010010001
10101010100
10111001111
10011111000
00000111101
00101101001
11010001111
10111011010
10100110111
11100010111
10111011101
10101011010
00100011001
01000111101
11001010110
00000010111
00111011110
01000111100
01101110100
10100011011
00111100000
00110011110
01111100101
01011000011
10100000011
00101001000
00010011101
01101001000
01101001010
01101111011
10110100011
01001010110
01110111000
00011001001
11010000010
10000111010
01100100100
00111100000
00000111000
01101000100
01001001000
10111111101
01011001011
00100100011
11110110111
11010000100
01101110011
01001000001
00110100111
00110110000
11001111101
11011100011
01101110110
01001010110
01011111110
01111111101
00111100100
01100010000
11100010100
01101110011
11111111001
00010001011
10001000100
10011010000
10100101010
01110100100
10111001011
11001011100
01011010110
10000010110
10010111000
10111001011
10110110111
01001011101
00100100110
00000111111
01101101010
10011011010
00100100100
10001000111
10100100101
10100101110
11001101001
00100000101
10110101000
01100001001
11101110100
00101111010
01000100111
01000001100
11110110010
10110101101
11011000111
01101000100
01101001011
00101011111
11110100011
01111111100
01110001011
00111100000
00000000000
11011100011
10111000101
10111000100
11101001111
10011001100
01001100011
11010000011
00001011110
01110111010
01000110000
01111010011
11110001110
11111000010
01110111111
10100011001
00000101001
00011111100
10011010100
01001000101
00100000011
10010100111
00010011011
01001100110
11011011011
10001010011
01100111111
01010110111
00111110100
01010000001
10100110111
01101101001
10101010010
11001110001
01111000110
11011011010
10001110110
01010011001
00011011011
01001011011
00011111100
00101001100
01110111111
00001110100
10010001110
00110110101
10100101101
10111000010
01101000100
00000011000
11011111010
11110001000
00001010001
00010101101
11110001101
01000001001
00001110101
11101111010
11011010110
10001100001
11101110110
11101000000
01011011001
00111101100
11100011101
00000011000
11010010101
01110101001
10110110001
11011100010
00000011100
00111110000
01101110100
01101110111
11100010110
01100010101
11000010110
10101100010
11100100001
11010100110
11100001000
00100110100
10010111111
11001111100
01000001111
01111110110
11000011011
00000001111
11110110110
11001010111
10110100010
01101010101
01111001100
10101111101
11100110001
11011011111
00111000111
01100000010
00010011010
11010001011
01101000110
10000111101
00111100011
00100100110
11111001111
00010000100
01011101101
11001000000
11001001100
01101010001
00010101110
01110110010
01000111101
00011110111
11101101001
11110100100
01011101110
11100111011
01110101100
10100101101
00011110110
00111001101
10011010010
00000111001
10111011011
11101100100
00101000000
10100010000
10100010100
01001000010
01110011000
00111011001
10110111111
01010110000
11100101110
10100111011
10100011010
10110010010
00111111011
10010010100
01001101110
11100111101
01000011000
00011111111
11100100000
10111100010
10000011110
00000110000
01100101000
00110011110
01111001101
10001000011
00010001110
11011010000
11110010011
01011010111
11101011101
01100001111
01100011000
11010101110
11100111111
11101000100
01110000000
00111001100
10100110101
00010000000
10100111111
00101001001
10001001100
10010110100
01101100000
10110010010
00100110000
01011110100
11000111001
01100110100
01110001000
10010100000
10111101000
01010111001
01000100010
10110111100
00111111011
01100001011
00010010001
11000001010
01111000111
00111011101
00010111001
00010001000
11100011010
00001101010
01001000110
00100001110
10110011110
10111111010
00110011110
10001011110
10101000000
00000000101
01001101000
11111101011
00000001010
10011010010
01001100011
00010100011
10101110110
01110111000
00001001000
00101001010
10100101101
11110110101
01100110011
10111100000
11111110100
10011110101
11100111111
11101000010
00000001000
00011011000
01101000100
10110100110
00010100011
01111011101
01100010110
00100111011
10001001000
01001110110
00111100101
11110000110
10010011110
01010100000
01101000011
01001100111
01010010100
10011000000
10000011011
10100011110
11111010111
10110010111
00110111101
00100111000
11101011100
01011110100
11000110010
10110001110
01000110010
00101000010
11011110010
10110100100
00110101110
11011111110
01111001000
01001100111
00000101101
10011000001
00100001000
10011011101
01111111000
01111101011
11010010101
01011011000
01001011001
00010001111
00000001000
10001101001
00100011000
00010000000
11011001110
00010101001
00101101011
11011010110
01001100111
00011011100
11001011001
11010110001
10011100110
00011100110
10011101100
00100001000
10100000000
10011110100
11000100001
01010000111
00111001010
01011111010
10011111011
00110001110
11100000111
00010101010
00110111100
01011010001
10011101001
01101100111
11010000011
01000110111
11001001010
00000010101
10000111011
10010101010
00110000111
00001010101
00000100001
01100001000
10001101101
10100101000
10011010100
00100011111
00110110110
10110100110
01010111110
11100101111
10000000101
00101101011
00111110101
11000100001
00100101000
01100011011
01111000110
11001111101
00010100011
11001000100
00001110100
01110010110
11010110001
11000111111
10110010000
11100000100
10110100011
00010110010
10000001000
00100011011
11001001010
10100010110
11101000000
01000110001
11101101001
10111011110
01010000010
00011100101
00001101111
01101001100
11101101101
00001011100
00010000011
01111001010
00001001001
10000110111
00011101011
11000110000
10001010101
00111101111
10000000111
01111100111
01010111100
10001000110
00000001111
01001001100
00000101010
00111001010
00001100010
11101011000
10011110010
11001011110
01010001011
00000000010
00000111100
01000110111
01000000001
10110110010
11101001110
11000110111
00101100100
01100000000
10010011100
01100100111
11100111011
00101111100
11001000010
10101101100
00000110101
10001100111
00101100100
11101000000
00011100111
11111011111
01110111000
11101000101
00101101110
00111101001
11011111100
11110001100
00010001111
01101000111
10110111100
00011110001
00111011100
10010100000
00111100010
10000100010
00101001110
11010100110
00110111000
10110111001
10111101001
10000010010
10101001110
00111010000
01110101100
11101110100
10110001110
10000010011
00011110010
11001001110
10010111000
00111011010
01010011011
10111010111
10101110010
00010111011
10011011101
11111011001
10100010010
11101110110
00100000010
11101100001
10000010101
01101110000
01011110000
10001100110
11011110111
11110110011
10001110011
01101010010
11011000001
01001100001
10101011000
01000100101
01110100011
11011011111
01000110011
10011011000
01101101010
01110100000
00011111000
10111010011
01100011100
11100000001
10000001100
10000010010
01000001010
01101111110
01010110110
01011010010
11011000111
10000011100
00111000001
11100111001
11010010101
01000010101
10001001110
10101011011
01010111111
01010100011
00000101111
11110111000
01100011111
10111001011
01100000011
10101110001
01101100010
01010110000
11101001110
00000000011
01111010000
00000111011
10010101010
01001100100
10100010011
10010100000
11110110010
11010001001
10000011100
10110011001
10000011101
00001000000
01110111000
11110011101
10111100110
11111100100
01011111110
11110000100
00111011010
00100100000
10101011000
01110001000
00010110110
10011111100
01100110100
11111100111
01110011100
01110000110
10111110000
10110010000
11111100000
01110011000
10011110111
11111101001
00001010111
01000001110
11101110001
11111101011
00010110110
10000000001
01000011011
10011111010
00010110100
00011111010
00001001010
01100011100
01000110000
00111101111
10010110110
00010001100
11010111000
01111100110
01000100110
10101100111
10100110100
00111111110
11100111011
11011000011
11000111110
10100111111
01111010101
01101101111
01011110001
00011001000
10010001010
10111000000
10111010000
00011110001
00111110111
01001100000
00001111010
00111100111
01011001000
01010001101
11111011110
10001100010
11010111110
11001010110
10011100001
10011010011
01100010111
11011110001
00001001010
01110011110
00110101101
01100111111
00010010011
11001000100
00111000000
00100111110
10100001111
11101000101
10101010000
01000111001
00101010101
11101011000
10111101010
01110010110
01010011010
01010001010
01101000101
10100101101
00001100000
00011001101
10101010111
11010110010
00001001110
11110011001
11011011000
01111101010
01001010101
10101111001
10100011001
10110010010
11100100011
10010100010
00000011011
01011001100
11011000110
01010000000
01101101111
01100100101
01111001010
00111110100
00100110111
11000100100
01010000011
11011111000
10010101011
11001110011
01100001001
10100001111
11110000001
00110001001
10000111100
10110000100
01101111000
11001101001
00010000011
11101011011
10101111010
10001111001
01001010100
10110110110
00011010001
00101101000
10010001100
10101100111
01101011010
01010011100
11110011111
01101111101
00000101100
01100111110
01100000110
10011011001
01011100000
10111000001
00000001110
11001100001
11100001100
00110101110
01100010101
01000101001
11111110010
01100010110
00111001011
01011001110
00110010100
00010101000
00010101110
01111011011
11100010101
11111001010
11101000011
10000100100
11111000010
11100001110
11011011001
10000111100
01100100011
00101111111
11100000110
11111011000
10011011110
10110001101
01000100000
01001000100
11110001110
11011100010
10101001111
10000010100
10011110101
01011010100
10101001000
11000010110
11011000101
00100000101
01000010000
11100000111
01010101000
10001001100
01101000011
00000000100
11010100111
00111111011
11100010001
01110100010
11011010100
11101000001
11101011011
00000101010
00010101000
10101100010
11011101110
00101110010
11110000111
11011100011
11111110110
01001111010
11111110011
01011011100
10000111111
00111111111
00011001011
11101110110
01110001100
10100100000
00010000010
01111000001
00001000111
10001110010
01011100010
00111010011
00101010111
10011001100
10110100001
01001011011
01011100110
01001101011
01001100111
10111101101
11001100010
10001101101
10000000110
10100000010
10010011010
11111100111
01010100001
10010011010
11110000001
10110001111
00001110010
10010100101
01100001101
10101110001
01000011110
11011000110
10110111010
01111111001
11111101101
00111111001
01111001000
10101011001
10111001010
11001111001
10010110110
01101000110
10101111111
00110010001
01010001010
00011000010
11110111101
10101000101
11101111010
11010110000
10000110000
10101001000
10010100011
11101000100
01100110101
01000111000
11010100110
00100011101
11110100011
00111010110
10000010001
01000111001
10010010100
01111100010
11110011011
10101111001
11110110000
00100111110
00011111010
00101001110
01111001101
00001000111
11100110001
10110001101
00001110100
10101110101
10101010101
00000000110
00110101111
01110100000
01011100110
00100000101
11111001101
01010001111
01011111111
11111011011
11111011011
11100110110
11010110111
00011001100
10001010000
10000010100
11111001011
00000111101
00000001010
01101010110
11111010000
01100110110
11000011111
11111001000
11101000101
00100101101
01011011010
11010110000
00111010001
10100111010
00001010000
11001111111
10110011011
10110001101
11111010001
00100110100
00110110010
10110011111
00110011110
00101010111
10000000001
01101010011
10011110100
00010000101
01000111001
00111101010
10101111000
00100100010
01001010100
00001111100
11100011000
01111110000
00010100001
00011111001
10111110011
01001100010
10110100001
11111010100
10111010110
11001111001
01011111100
00011000100
00000000101
01000010110
00001100111
11111111100
01010000110
11111011010
10011111101
11011100100
01000001101
00100101110
01111110010
01100011011
