00010000000
10000100010
11010111011
01011011100
00101001110
00010000101
11101110001
10011110010
00101010101
00110111101
01001011100
00000100100
00011000010
00100000110
10101010101
10010000100
11010110100
11001011011
01000001100
01011110111
11001010101
10100111000
11000010000
00100111100
01001111010
01000000110
11111010001
10101100101
01110110110
01110011100
01001100100
10001001101
00001111111
10011001011
00001000011
10110101001
00100010001
11010111011
10100111110
10101100000
11110011001
01011100011
11110110111
00011000110
00000110111
00100111011
10111001001
10100011111
11010010000
01011011001
11101000100
01101000111
10011100000
10111011101
00101101100
11010101001
00001100111
11011111100
11111111010
01001110011
00101010110
01010000101
00001110000
00011010101
11111000110
11100001010
11010011100
10011100000
01010110111
11010110011
11111111001
00110110110
10110100000
01110011011
11000111101
11001001101
10011011100
01011011100
10100000001
01011001111
10000100000
11000001111
10111110110
00110100010
11011000111
11111100100
00110000011
01010101101
11100001111
00000011001
00100110111
01110010010
01001100101
01010010110
11010111110
00100110100
01010101001
10100010000
00001110111
10011110001
01010100000
00010110000
10110000001
01110110011
11101000001
11100100011
10000110010
01101101001
00100111010
01001111100
00001110110
11011110101
10100100011
01101000110
10101010100
00010110100
01001011111
00101001110
10010101011
10010010001
00100110000
01011010101
11111101100
01110011000
01101100110
10110000110
01001110010
00010101011
11000100100
01111101100
01000001110
00001100100
01001010110
01010101001
01001100110
11011000011
01000111000
10100110010
10100101000
00101010010
01110100000
00000100101
01111000011
01000010010
11101111110
11011000100
00110001001
01111100101
11110011000
11100100101
11000111011
00001011011
10100011000
01100100101
10110100011
10101010001
11111011011
01100101000
11111010010
11000000000
00110110001
01000001111
01110010011
11101101100
11000000000
00010010110
10011100101
11111001010
10101111011
11001110000
11100011000
01100010100
01110010101
01000110111
00010001000
10011100101
00110101001
11000111100
11010000101
11011001110
00011110011
01010000100
00100000111
11010010001
10101001000
01011011001
11111100000
11110011011
11101101000
11001110010
01010001010
11010000100
10100001000
10001001110
11010011001
00000011110
10000110110
10111111111
00101010000
00110101111
01010000011
01010010111
11101000110
01000001111
11111011000
10101001000
00000111001
00011010001
10010110001
01111100101
11000011001
11010010110
10000001010
10000011011
01101000000
10001100111
01110001100
11001010110
11000011010
10010100010
11011010010
00100000111
11111010010
11111110010
01011001111
10111101000
10100110101
00110011011
00011000111
01001111111
11001000100
00101001111
11100011110
10001011101
01010101110
11101000000
11000000101
10101001010
10110011011
00110010000
01101101001
00100110110
11101101110
10110111111
10101111111
10110101101
11010110100
10110010000
10000000101
01101010101
01000001010
10101010011
11001110010
00111001100
11001000111
01111100110
00001001001
00001010110
01111111000
10001110011
11110101011
10001111010
11111110011
01100101011
01010011001
01101010001
01100111001
00110001011
11110001100
00011100100
00111011100
10001110010
11100100000
00000100110
01110010111
01100111011
01111001011
01000001000
01011101111
00000111101
10100010001
01001110110
11110100000
00110000101
01000111100
01010010011
01110110010
10000111001
10110101001
11000100000
10001100011
01110000010
00000110001
01011000011
10100011101
00010101011
11110110000
01011011111
10110001001
01111111011
10001100100
10110000110
00111100010
00010001100
11101100101
10000100101
00010110010
11101011111
00001111010
01111100110
11011110100
10100000110
11111101010
00010000101
11011110101
00100011000
00011000100
01101110000
11000111111
10111001001
10001000101
00111010010
11010011010
11110001001
10000111011
10001001100
00111010001
11000100000
11111011111
00101000111
11000110110
11110011111
11101011011
00111001101
00110100000
11010000000
10110110001
10110000100
10111111001
11101100001
01110100110
10101011110
11110110000
11000010111
00011001111
10011101110
11001011100
10000010000
10000110100
11101011011
10100011101
10101101001
11011001011
11111111100
00011100010
11110001000
00110011101
01110000010
00000111110
10010111000
01010100101
00101100111
00100001011
01000110100
00100101001
00111001000
00101001101
00111111001
10011100110
10011110111
11111101100
11010001010
10010111011
00100101010
00010011001
11010001100
11001110100
10111010011
01100011001
01001001001
10000110101
00110100100
10010100001
10011011110
00110101111
00100010111
01000111011
00100101101
10111011011
00011000101
01000010010
01000110001
10111101110
01101010010
01010111110
11100111000
01110101011
11101110110
11010110010
00111100000
10111000001
10011000111
00111000111
01010011100
01010011100
00110000010
00101111111
01001100001
00001000100
00010111101
00001011001
11001001000
11110001010
00111111001
11101101010
10010001101
01001110000
00000111110
11000100001
01011110100
01011000101
10110000100
00001010000
11000100001
00101010100
11011111001
01100001111
11111111000
00110100100
11100100010
10010111111
11001100001
00100101000
01101001110
00111110101
11101110111
11000100011
00101111100
00110010101
01110011111
11100010001
11100111001
01011010000
01011010011
11100000011
01101110010
11101111110
11010001001
11000000010
10111100100
01011011101
10001010011
00010010011
11111001111
01101010011
00011101110
11000000010
10101101011
10101111101
11101110001
10001011101
00011001011
01000100011
10110110000
01001100110
10111000100
00110111011
10010000111
00010101011
01000000000
10010100110
10101110101
00101100111
01001110111
00011110110
11100001011
10001010100
01110111001
01010001010
01110110101
11001111110
10100001001
00111110101
10001010111
10011001010
11000000001
10111000100
01100111011
01001110001
01110101000
10111000010
00101001111
11010101010
10111010111
11110111101
00100010111
01100000000
01110000111
10010101110
11110011001
10011000010
00100110101
11010011101
01111010101
11011010010
10000010000
10111111001
10101011000
11011000010
10101101100
00010101011
10111110111
11001100000
01000100000
00000010001
10000101111
01110100010
00110111100
01101010100
00100000010
10001001101
11110101010
11101010000
10100000101
00110001011
00101001011
10001110110
11110110101
00110101000
11000010000
00111101110
01011111100
10110110000
00111101101
01100000101
01000001100
10110000001
11101110001
11110100010
11000111100
10011010001
00011111000
11111000101
10001011100
10000001111
11000011010
11001010001
10010000100
10000001111
01010110011
11110011010
11111111101
10100010011
00110101000
10101110011
10001110010
11000100010
11011000011
00111000110
10011011001
11000011010
11101100110
11111100000
01100011001
00110011000
01010100100
01100110010
11000100000
01101011001
01010111010
10001100101
00110001100
11010111000
10000111000
00011111100
00001111000
11110011111
11101000010
11111110011
10011010110
10001001010
10000110111
01010010111
01001000010
00000101101
11111011101
00110100000
01110111101
11001011101
11100111001
00000000011
10001111111
11001110011
00111011000
01110100111
11101110110
00011101110
00101001111
11010111100
01010001001
00110101100
10101110011
00101010000
01010011100
00111100111
11111110100
11101110110
01011001101
10110011100
01101110011
11101001110
10001111011
00111000111
00001001100
01110101010
01011100100
10101101110
10100000001
11011110011
01011001010
11110101111
11110110100
10101001010
01010001110
10000101111
10110101110
10000011001
10001100011
01101001101
11010101100
10011011110
11000100100
01001101101
00000110100
11000101111
11000011011
11001010101
01001110010
11110100110
01000011000
10110010100
11011100101
11111101110
11101101110
00101011010
00011100100
01000001001
11110111111
11001000000
10000001011
10011000010
01101001111
10011000000
01011100011
01111001110
10011100110
10011111010
00111010001
10101100111
01110010001
10000001110
00101000100
11101011010
11110010011
00010010011
11011100000
11111100010
00010001111
01111101101
11001000100
10011000100
10011010110
00010011100
01011001110
10110010001
11101011011
00101100011
01111100010
00111100101
11011110000
01101100110
00010010110
10101001011
00100000011
11000010001
10101111101
11101001000
11110010000
10001000001
11010000101
11111100110
00010110101
00110011010
00010001111
10011110100
01111010100
01001001111
00110101000
01101011011
01101010110
01001000111
11011000111
10000001011
10011010111
00100100111
00011011100
01000010110
00011101111
10010010110
11000101110
10111101111
01000100110
10100010000
01000111100
11101100000
11110101101
01101010011
10011111000
11110111101
01101111010
11110011001
00000010000
01001001110
00010010110
11100001111
10011111010
10010010111
01001100110
00111000111
11101001000
10000100111
01101100011
11011110000
01000010110
01000111010
10100010010
00110110010
01001001000
10101111110
10100101101
00011111001
10000101001
01000011111
10100000011
11010111011
10011010100
10011010110
00001110010
11010010010
10011110111
11011101000
10110000101
11010100111
10100110111
10111000000
01101100111
11111001101
10100111101
01000111001
11111011111
11111101110
11000100100
01111101101
01010011000
01010010010
01010011000
11101001100
11010011110
01100000010
10000111111
11001100010
01100000100
11100011001
11000011110
10001001110
00101011000
10010001011
11011010111
01111011101
11001010011
01110100011
10101000110
01010001100
11010110000
01001111001
01010000110
00100110111
01011000101
01011111111
11100100100
01101110001
10001101111
01001101011
11101001111
11010000011
00011100000
11001000110
11110011011
11011010111
11110001101
01000010010
10010010100
01110110010
11111011111
01011010011
00101110011
11101101000
00000000101
01110100000
00011000111
11100111101
10111111100
10101010111
10101011110
11111101110
01000001011
01110011010
10001111011
10001101010
10100110110
01000110100
01100111110
00111111100
10111100110
11101001000
10000111110
10010010111
01000001111
00111101111
00101110111
01101101001
00011001101
11011011000
00110010001
11100011111
10110100111
00011010000
11011000010
10111100000
00011010000
00110001100
10111001100
11111110010
00001001000
11110010110
00100111111
11100111010
11001111000
10000010110
11101101010
11110101001
00100111011
11100100111
00001001011
10101001011
01001111101
10000000000
01101101000
00010010100
01111010011
10011001001
11111010010
01100100000
00110101001
10111001011
11111110001
10110011110
00010001101
10100100011
10101111011
00110010101
01011000100
10000110111
00010100111
11100110101
11100110100
10001000101
01000010011
11110001100
11000010100
11000101111
01011000010
10101111101
10100011000
00011011111
11100101101
00011010001
01010000010
01100111001
11101101101
00100111011
10100110110
01000111111
11000111100
11100100100
10111100110
11011111011
11001001101
11111010000
10101011001
00011111010
11111110111
01100000010
01010110011
10001110110
00111101100
11101111101
11001111110
11110110001
10011110111
01100110011
00110110000
11011010100
11010000000
10011111010
01100000110
01101100001
00111011111
11000011000
10111110111
00011100101
10100110100
11011110001
10011011000
10110010011
10110111100
00000010010
10111111010
01100110000
00000111001
01110000000
00010011011
00110101100
01011011110
01100011010
01100001110
10010011111
01101111001
00101010100
10011001100
01111010110
01110011110
00011100101
10001010111
01100101001
10111000001
01011110110
10010100001
01110110000
01111110110
01101010000
00100001100
11110100111
00000000111
01000001100
10100110100
00001101011
11111011110
00101100010
01000100101
00011001010
11100111101
11010111111
00010011101
10000111110
11110111100
01100100100
11100010010
00111000000
00100111011
00000101000
11000011111
00010101101
00001101100
11001001111
01010010100
01011100010
01101001110
10110011110
01001110010
01011001111
10011110000
10010000110
11011110110
01011101111
01111100101
00001110001
11000100011
11110000100
11111010010
01101001000
00011100100
11100000101
11111110001
10100001101
11111101010
11111111011
11010010010
10101110010
00101001101
00001010110
10101100000
01010100011
01001111101
11000000110
01101100110
01110000101
00110011001
00101010001
01011101000
11000000001
01000100011
01101111101
00011000101
10010100111
00001001010
00100011000
00011101101
00001110111
01001000011
01100000110
11000100111
11010111100
00001011110
00000011111
10101110011
10010101011
00101110110
01101011111
11011101011
11100010010
01101111011
10111101100
01000000100
00011101101
01010011011
10000010101
10100100110
01100001011
01111011001
01011010111
01000001001
11011110111
00101100000
11000111111
10111001000
11110001111
00001000000
11110011100
00110011101
11001100011
00010111111
11100100110
01000010101
00010010010
01011100101
11000001111
10001011000
11010100111
11100100011
11011001111
01010111101
11111100001
10110101010
00000000001
10010010101
11101100010
00001110100
00001100011
11011010100
01000010011
11000001101
01011001011
11000010101
10110110110
01101110101
00010110111
01001010100
00011111110
00011101000
11110000111
10000101111
00111001011
10011110101
01010101111
01111110011
11100001101
01000101010
00000110010
10101000101
10010111001
00100101001
00000110011
10100000010
00101101100
10011000010
01000111001
01110111010
10101001110
11110001011
11111000111
10001000000
10101101000
01011100100
10000111001
10010100000
00001100011
01011010111
11011011100
01101111100
10000010001
10110011111
00001101000
11000010111
01000011110
11100000000
10110110010
00111101101
11010001010
11111000110
10111010110
01011110111
01111011001
10000100110
00100110101
01000100111
11101011010
01010101011
00011010100
00111111001
01100011011
01110100000
00110100010
10001111111
01101101011
11101100111
10111110001
10011111111
01101001011
11110110000
11010101000
11011011000
01000101110
00100001111
00100110011
11010010110
10111010110
10011101100
00111111111
10000001001
11011101111
01010110100
10001100000
11101000001
10101011101
11011001101
10001011100
10001010001
11011001111
11010010011
11111000101
00001001011
01101000001
01110001101
10011111100
00011010111
10000100110
11100001001
01010011111
00100000001
10111100000
10000001010
11001111110
01010000011
11010010110
01001010001
10101001000
01100111101
01111011000
10010100110
10110011101
00000111100
10110010010
00000110100
11111000111
11011011000
10000010100
00000000100
00011000010
11010100010
01001001111
00011110010
01010101110
01001011000
00011101111
01000101101
11100101011
00100111001
11011001110
01111001001
10011000001
11010101001
00001110111
10010011110
10011010110
10001010111
10101001101
11111101001
10100001001
00010000001
11110001001
00111100000
00111010010
00001101000
10100100110
01000100110
00100000001
01010110100
01010100011
00100100011
00101001011
11010111100
01111111011
11110001010
11111110010
10110011101
01001010000
01100011000
10111010111
10100001011
11011001001
10011101000
00010110001
01010110100
00111110011
01011011100
00000110001
01100111100
10000111101
00001100010
10001010010
00010000101
11111010111
11000011101
10000000101
00111011000
11011000010
10111101101
10100111000
11110100011
11011100110
10000110000
11011111010
00000001101
11010110001
01001100100
00110110110
11101010001
10111010101
10000000011
10011111100
10000011011
11101001010
10111000010
01111111000
01001101101
10000100001
01111110011
10110100010
11011010011
10001110101
10011101000
01101101100
10111010101
10011010100
00110011111
11010100001
01111010101
11000110101
10101011011
10111000101
00101110000
01100111000
10001011110
11110110001
01010101100
11011011100
01100010110
01000100101
10110001101
11000000111
01011111011
11011001110
01110100100
11110110101
01110010110
01010110100
11101001000
10101110010
11010110111
01100011011
10111101110
00100001011
01001110011
11101011110
10010001011
11101001001
01111000001
01000010001
00101111110
00100000011
11101011001
10000001101
11010000011
00011010011
01111001111
00001000100
11001011100
00011001001
01011101010
00000011100
11110000110
10111010010
01000010101
00100010001
00101111110
11110111011
01101011111
00110011000
01111001001
11011010111
01110100011
00101011001
11011101101
01100010100
11000100010
11001101100
11010000111
10011000000
00011100101
00000001111
00010101000
00001000111
11100110001
10010110111
10001100010
11001011110
00011101010
10111111001
00101000110
01011000111
10000001111
11100001010
00001001100
10101000001
10001110101
10010010001
00000100010
00111000001
00110010100
10111000111
01001100110
10111100111
10000110111
00010101011
00100011001
10000001100
00010001001
11000000111
01000000110
01010001111
01101110001
11000011101
10001000111
00010101000
01110100111
10101001011
11110100011
10101010110
01110101111
11101101111
11101011101
01111111111
01101110010
00100001001
11100010110
10000011100
10010001111
11001110000
11011011001
10010010111
10011101011
10100000100
11001100010
00000101010
10000111110
10011111101
11100110110
10110010101
11111010101
10110101011
01100110011
11011110100
11011010100
10010001101
10100100000
00000000010
10110010001
10111100001
10110011110
10101111111
01101001110
11000101110
10101101000
10011001101
01001110001
11011011011
01111001011
00000100110
01101111000
00111000011
00101000100
11100000001
01000011010
01100100110
01000011110
10001101110
10011111101
11100001111
10010101001
10100010001
01110100000
00100110110
00111101001
10011011101
00011001010
01001000000
00011110100
10011100111
01111001101
01110100010
00101100011
11011000001
10100101000
01001110100
11100010100
11110110000
01000000101
01010000111
10000011101
01110101000
10010110000
11000100110
10100111100
01000011101
10010011000
01001100110
10000001111
00000101001
11101100101
10111110001
00101000000
11110111110
11001100110
01000011111
11100111101
10000110001
11010001100
10001010101
00100000000
00000001011
11110110000
00101111110
10001001001
11010100101
00110110101
01111110110
10101011000
00010011100
11000010110
11100011011
11011010011
00101111100
00101010010
11101111011
10001110011
10100000000
10110000000
01000101000
01100010010
00110000000
01000010110
00000011001
01001000010
11000101000
00111000101
00110000100
01011010101
01010111100
10001010011
01010100111
01101010010
01011110010
10101001001
00100011000
01100110010
00110001011
11101111011
10111101001
11001101111
11001011100
10000001100
11101111000
01100110000
10110111010
10000011011
00100011111
00100110000
11001001110
00111100001
11110110000
00110011100
10111111011
00001100000
10000011000
11010100000
11100100010
00101110101
00001100011
00011001111
01000010010
00101111001
00111011000
11000100110
00110110010
10010101000
10101101000
01011011011
10000100001
00110001101
10100000100
10111001011
11010101011
01011001111
10001111001
01001011001
01101110010
01110011100
00010100110
00001110111
10100011100
11001001000
11010010000
11011110100
10100110010
10010001010
01100011110
10010100010
00101010101
11000100001
01011110101
11000010100
10111010110
10001001000
00001110111
10010101000
10010100111
11111100011
01001010111
00001101010
00000001000
00110111000
11000000100
11101101010
11111110011
01010100110
01101101010
11111011110
11010101101
00110100011
11010110100
01001001111
11101100110
00001011101
01001100100
00111000101
01110010100
11010000111
11101101011
01110010010
11000111111
01100101111
00100011010
11000111100
00100111011
11010011101
00000010100
00100100011
10010100000
01000011110
10111100100
00101011110
00010110100
01010011111
11101101000
01111100100
00111110100
10000110000
11100011111
10001111011
10010110110
10110011011
11111100100
11110010100
11011100011
01110001100
10100010010
11101001000
00001111000
00010101110
00011000101
01010000010
11100000101
00001100000
11101111001
00010000100
10110101000
11000011001
01000100101
01011010011
01000000010
10000110100
01011011110
01111000110
10010001010
11011001001
01011101011
11010101010
00010010010
11101100100
11111101000
00010011011
00010000100
11111101100
11100110101
11001010110
01001101100
10010110101
11100100001
10110111001
11100110001
11111011111
00011111011
00001100001
00100101010
00000000011
00110011101
00101000101
01001000010
00001001100
10000001110
11111100111
00110001110
11100110101
11001001011
10110001111
11001000110
10010001010
00101101000
01101100111
11101011011
00101011100
00100001001
01100000011
01110100001
11001111011
11000100111
11001000011
10001010000
11100111101
01000000110
11011000111
01101000001
10111110110
01010101011
00110110110
01111110001
10101010011
10111110100
10101000001
01010111000
01111010011
10100001001
10111111100
11110110001
01000000010
10010101110
00010001001
01110001100
10100100001
00010001100
10111011010
00101000111
10011010010
10110000011
10011111101
01011111010
01000110011
11100011111
10101010011
10010000001
00011100011
01111001001
00110001000
11101100111
11000101000
01010011100
11110001101
00100001100
01101000001
01110111001
00010010001
00010100101
00100010010
00111010100
00001011111
10100101110
11100100111
00001001011
10100010100
11010100000
11011010000
10011010111
10110101100
01010010011
11000111101
11001110000
00110000101
11011011011
10001101011
01100000000
10101111111
01110010011
11011110101
11101110011
10110011111
01110010000
11111111100
11000011011
11100110011
11111111011
11100011010
10000011111
11001101100
11110000111
00101001101
10101000101
10100110001
01001111010
01001101111
00001100100
01001000001
00001110101
10001111010
10001100000
11000100110
01010001001
00000010100
11100001000
01110011101
11100101100
00001000100
11110001101
11110010011
00011100010
01111101011
00110100010
00011110111
01100110000
11111000011
00000111010
01110110110
00101101111
10011100100
00110010100
11100101100
11010101100
00100010001
01010010111
11100100011
01000101110
00110110110
10110100100
10111100010
10100000001
10101010111
11010100111
00101100101
00111101111
00111010111
11001010011
10011010001
00111101111
01010111010
01001110011
01000110110
00111001100
00101111011
11010101110
01100101000
11101101001
11000101011
10011111010
00111011011
10101100110
01110111011
01100011101
11001110101
10101100011
10001101010
00010100000
11101100001
01011111001
11010000010
10011110001
11010110000
10001001001
10010000011
10101000101
00100001110
11100000111
00110100110
11000000111
00101101010
00100010100
10110101110
00011110111
10001001100
10111000100
10100001011
11101011001
11111011101
10010111101
00101000101
01001110110
01010111100
11001011000
00011110001
00010101000
00010010111
11110011100
10111000100
11101011110
11001010000
10111001000
00010101010
01001111010
01000111101
10010101000
11011110111
10001100110
01001011010
00011110011
10001101011
10111001101
01111001001
00011111101
10001110111
11110100111
01011001100
10100110011
10011001101
01110111001
10111100101
01101010101
01001111001
00111011000
01000110111
01110101011
11011011111
00101111110
00111110101
10011000000
10000111011
10110000101
00000011110
01010000111
10110010011
11001001111
11111001111
00100110001
11111010100
00110011011
11100001111
10100110010
01100011010
01000010011
11010011000
10001001110
00011111110
00110011000
00010001011
11110011010
10100100001
00110011101
11010100110
01100011000
01011001011
00100011110
01010000101
00000000110
01011100110
00011010000
01000111011
10000101011
10110001111
11010001010
01100001000
11000001010
01001010100
00011001010
10011011001
00101010000
01100000011
10100011110
10000001100
00110011111
01011001111
11010111111
00100101111
01100010101
00001010011
10111111101
00010110001
11000101010
01001001010
00101010101
01010000010
10000001100
01000000011
11011010110
01000000011
11110001010
11101101110
01001010100
11010111000
10111010011
10000011111
00100101011
00100100001
10100100101
10100011110
01011000001
11111010110
01111110000
10011101110
01111011010
01001001000
11011001001
00010001110
10110011001
10110110100
01011001111
10110001111
10011001101
10100011111
01001110101
10001001111
11100001001
01111000100
00101111000
11111000000
00010011010
00010101001
00001100001
01000101101
00001110000
01011110010
00011101101
00011111001
11011010101
10001110101
00010100001
11000001000
11111101010
11111001111
11101100011
11110100101
00010101001
10011010111
10000100010
10111011110
11101111111
11111110110
00010110100
10000101110
11001010111
01000100000
10101011010
11001010000
