11010111010
11011110111
00011100010
10111100010
10101010100
10110000000
00010000011
00111001110
10011010010
11010001100
11001010111
10011100011
01110011011
10000100001
11101111111
00101010110
00001100000
10010011010
10001001110
11000001001
10001111111
01110111100
01111010110
11011010101
01100110101
00011000010
00011001000
11001111101
00011000111
10100011101
01111010001
01101001010
01001110010
00110110011
11010110000
11010111110
00110000010
10010111001
11100001010
11101111001
10001100000
01010101101
10111110001
11010110010
01110001010
11101000000
00000110110
01100001000
01010110011
10110110111
11010110101
00000000101
11100010011
01110111000
11010000000
11010100110
10101100111
01101000010
01000100111
00011101101
00010000000
11011010100
10111110010
00010000000
11011110001
11010001001
10001111010
11000011000
00100011011
11010011011
11110000100
01111111010
10100010001
00111010111
00111110110
11111111101
11100000010
01101000100
11010010100
10110110000
00000001001
11000001010
00000110101
01111100001
11110111011
01000000101
00111011001
01111111001
01100100110
01111010011
10011100000
11001101101
01100111110
10001101111
10001001001
11011011000
10010011100
00001010001
00101000101
11011011110
11011111011
11011101100
10111100111
10101101101
01011000110
01010001100
11000000110
11110111010
10101010111
01101100011
00011100000
00011011011
11000110100
11110000001
01110110110
11011111001
01111101010
00101110111
01001101011
01100111100
00100110101
10000101100
01110100110
01101001010
00001001101
01011001111
10111111000
00110110001
11000110101
00111111010
00110001010
10101011000
11010101000
01100100000
00010100111
00110000101
00101000011
01001101111
11001001000
10010111001
01001001010
01111101111
01011100000
01110001010
00001000101
10001001011
11111011111
01110110000
10100011101
00010001101
01111011010
01111101001
10000100101
01010011111
11101011011
00100010001
11010110110
01101010000
00001011000
01001010001
01110001010
10100010110
10110101100
00110011010
00000000110
11000100001
10101010101
11100100001
11011101011
01001110001
10100101001
01100000000
00100110010
11100100011
11101100100
01101001000
10100000111
01100001111
01001100101
00001000101
00000101011
00001001111
01011001101
01111100011
10011110010
01011110100
10000001000
11111110010
10111010100
00111100011
01110111101
10010000110
01000000000
01110010001
10100111111
11111110010
10111001101
11000100100
01011100111
00110110001
11101011110
01110010011
00110010111
10011010001
11000110111
01011110100
00000101000
11100110111
00100011110
11101101001
00001110110
01111011000
11000011001
00010100100
01011011101
00100011010
10101110101
11000000011
01111100000
10100111111
00000011000
01001100010
11011011001
00010100000
00101100110
10001000110
00000110000
10110000100
10010000010
11000011101
11110011000
00100101100
01010001101
10101000010
11011001100
00110110011
00110001111
10011111111
10001001101
10101010010
11010011001
00110101111
10000101001
00000001110
11000010101
11000011010
11110001001
11011011101
01110101000
01101110111
10001110001
11101100111
10001111111
01111010000
10111110101
00011100101
01110100001
11100011010
00001011011
10100111100
11110111010
00011101101
10010110100
10100101101
01100101100
00000100101
00100011001
10100101111
11010010110
00110110000
00010010011
11111110011
11001100000
11001000110
01101101101
01110111100
00101010000
10101111000
11010010110
10011011000
00101101101
10010001010
11010011101
11110011000
10001111110
10000111010
10100001010
11110011111
10100001100
01010100011
01010011010
11100100011
10001011001
11001001111
00101100100
10101110110
11000010100
01111010100
01101100100
11110001101
00110010100
01101100100
11001001111
01011000101
01011111001
10000101111
01000101001
11100110110
01110001100
10101010100
00000000010
11100010101
00101101110
11111011000
00001010110
10010010000
10011010001
10100001110
11111110010
11110001111
01110110111
00001101000
10110111011
10001011101
01110011001
11101111001
00010101000
00110100101
01100100001
11110000010
11110000110
01100010011
10100001100
10101000100
01000110101
10101110110
10100000101
00100100000
11111000010
10111000011
00000000101
01111111000
01000000001
00000100010
10111111100
11001010111
10001111001
01001011101
01000111101
11011110000
00001101111
11011001010
01011110011
00111100100
10100100001
00011000100
01101010011
00000110101
01110011000
00110011010
01111100101
01101100000
10000110111
00110011000
00011011101
01011001011
10110010001
01011011000
10011001110
11000101101
00011111010
00011100000
00011000111
11010000010
00000110011
00000111011
01100000110
11010000000
01011110110
11010110010
00111100111
11010000001
10110011100
10101010010
10011000110
01000011110
01001100100
11111000101
11101111001
00000000011
00101101100
01011101001
00011001001
01010110010
10011110011
10101001000
11110110001
11101110110
11011001111
10100101101
00111011110
01001100001
01111100010
01010111011
01000111001
11010000000
11100001110
10011000111
01000001000
00000001100
10001101011
01110010101
11101001001
11001000000
01001001000
01111010000
01110111101
10111110111
10000101001
00101111111
00111000011
10101011100
00101001111
01001000110
10101100011
10010110101
01111011000
11110010100
00101000101
00111111100
00110011101
01000011101
10011110000
11001111101
10111101111
10001001101
10100111110
01111000000
10101111111
00100010000
11000110111
01101011011
01010111100
00110010100
00010101110
00011110110
00110011001
11010101011
00011011001
01000011001
11101011111
01101100010
01100110000
01110001010
00111000111
01100011000
11111000101
00011110010
01001010111
01010001011
00110011011
00100110000
01111110101
01111000001
00110101001
00110001011
01100100000
10000110110
10010000111
01111000111
10001000111
01110100001
11100011100
10111100110
01000011010
11100001110
00011100100
11101001101
10000000001
11101110111
00100110111
11110000011
11111011110
11100101001
11100000000
00111101101
00110110111
00110001101
01011101000
11100100001
00111000011
01000100000
01100100111
01100110000
01110111001
01000101000
01111000011
00000011101
01001010111
00001011101
11001111110
10001010110
11000011010
10000100111
10110010101
11000000110
11110111010
01010111011
11110011001
11001100000
01010011111
00000111011
11100111011
11011010100
10000100011
10110111000
11011001110
11101001010
00101010011
11111100000
00101100000
10010001110
00111000000
10011000111
11000110111
10001101100
11100101010
11100111000
00011011110
01011111111
01010011010
11001001100
10110011101
00010111100
11101010100
00001000000
11000110011
10011100001
11111000001
10000111011
00101001000
11111100100
11101001000
01101100010
10011011000
00110111000
10100011100
10111101100
11001111111
10110011001
01101110101
11000000110
00010100010
00101110000
01100101010
10100001011
00010001011
00101110101
10111110100
11101010111
10000001100
00001111111
01110101111
10110000011
00111011100
00101010111
11000001011
01010101100
10101110010
10100110000
10111010000
10110110100
00100111101
11111011010
10001101011
01110111000
11000000111
01111001110
00111001001
11101101110
10000111101
00000110011
01100001111
00011111110
01000001101
01001000100
11110000100
01011011111
01111110010
10110101101
01101000001
11010000111
00000000010
11100100001
10010110001
10011001110
11100101010
00100111101
10001101001
10011010101
11111100100
11111101101
00100111001
11111100100
10111001110
11011101110
01000000100
10011000100
10011111110
01011010111
10100010110
01000110110
10000100011
00110111000
10010001111
01001001011
00010111001
11111010100
11111110010
01100100000
11010111111
11010101011
11101011100
11000100000
00111010101
00010001001
01000000100
10001110111
00110100001
10011100101
11101001011
00110010111
11000110110
01000010100
00010110000
10111011110
10001010111
10111000100
11000000111
00011010110
10111010000
11000101001
00000011001
10011000010
00101111000
00100110111
10110011101
01011010110
01111011001
11010110010
11010011010
10100101010
10001101111
11101010111
11010101000
01101000001
01111011010
10100111110
11000000111
01111010000
11110011011
11000001101
10110010001
01110001001
00010000010
00111011011
11101111110
00010000000
01101101010
11010111011
11111100000
11100000010
00100011111
10010000110
00000110100
10011000001
00101001011
00110001100
11001010110
11010100101
01110100101
11010000001
00010010011
10001100000
01011000111
10000110010
00010110101
11111000000
00111000011
11101110001
10010110101
11101101111
10000110000
11111110101
00100010000
00010010011
11000010001
11100000001
10100101111
11111000001
00110100101
10011110110
10000010101
10010010110
10111011100
00000111000
10101010000
01010011111
10010001101
10110000111
00110100101
00001010110
10000010001
00011000100
00110010011
10110010110
11001111011
01111111111
00111001001
10011001100
01000011110
01001000111
00011001011
11100000010
01100101001
10000101101
00011111010
10010101100
11111101100
00101001011
11011011010
10110001110
01001100010
00000101000
10100010000
00101000011
00001011000
11110101001
11000010100
11011100010
10000111011
10011010011
01100111001
11010010011
01110111011
00011111101
10110110001
01011000100
10111110111
10100111111
01010110110
10011101101
00010100001
11101101111
10110001110
01000000000
00101100100
10000101101
11101100110
10010010010
10001100000
00011110101
01000111011
00000000110
00000110000
10100101011
11111001110
00011111110
01001011100
11101100011
11001000101
01111000111
00110010010
00101010111
10011010111
01001000101
00101100101
01000100110
11011100001
10011101010
11101110101
11101111000
10110100011
10101100001
00000001001
00111111101
11001101111
10010110001
01001000001
10001110111
00010000111
10110001111
10111101110
00101100001
11000110111
01100110001
11001000011
01000000111
10001011101
10001011001
00110011100
01000110111
11101100001
01111001111
00101011000
00111001101
10011010101
00101010001
11001100110
01011010001
00010111000
01011111011
10100100000
11100110000
10011111001
10001011000
01011011111
10000101110
11100111001
01101111011
10101000001
10000101000
00000110100
10011010001
01000111111
01111000011
01001110101
01100100011
10010111010
01110100010
00010010000
10100010101
01000000100
10001101011
11011100001
10110010100
11111110000
11100111100
01110111100
01100110010
10000011111
01100111010
01101000111
11100001011
10010101100
00101111110
11010001111
10111110110
00011001010
01100010110
11100111010
10101001101
10011010001
00101011011
01110110010
01010100101
00111110000
00101101010
10010110010
11100101101
01000111111
01101110110
11010101000
00111010001
10101010010
01100011011
11101101100
10000011010
11100110000
00110111001
01101111100
11110001111
01101100101
10111010000
10010000111
10010101011
10110110100
11001000010
11010001101
01100100111
11001101011
11110111111
11011101000
10111111001
00011001011
10111110010
00100001101
11000101001
11110101011
10110000001
11001100011
11000111010
11100000110
11100000100
11111100111
10110001010
10111111101
10101110111
01111000000
01010110000
11110111100
11001101111
01011101101
10101001011
11110001111
10110111101
01011000110
11001000111
10000111010
00100110001
00010101001
10111001100
10001001010
11011010000
01001110001
11100011100
11011110010
10010001111
11001010011
10010001011
00111101011
01100010101
11100010001
11100001001
01010101000
00111001010
00110011011
00111101111
00010101010
01100100100
11000000111
10000001001
00110001110
11110111101
11110100101
11011010011
10110010001
00000001101
01010111001
00111100100
11010100001
01001110100
01000011000
00100101010
10001011001
00100001100
00101110010
10000111000
10000111111
00111101111
01010111010
00111000101
11110000101
10101110101
11100101011
11100101000
11100110011
01101000110
00011001100
01001110101
01101000100
10000110100
01100110111
10111110001
00100111011
10111001100
00101010001
01011110011
10110100010
11001110010
01011010101
00000011100
01011000011
01110010000
01000100010
10011111011
10111101010
00011000000
00011101100
01011010010
00000101100
00011000010
10101101001
01010000101
11110101011
00111111001
11110111111
00100100001
01001000010
00110001011
10010001001
10000001110
11110100101
10110011111
11000010000
11011001100
10011110010
00010111100
00111010110
01010110001
10100010111
11101001111
11010001111
11001101000
10101110010
01000110010
10001110111
10011010010
00110001001
00011001101
01011000110
01100100010
10111010100
10101000111
10010011011
10000001010
01110000011
11101100010
11111111101
01101000010
01100011101
11100001110
01000001001
10100001110
11011100011
10000101000
10001011011
11101100100
10010000101
00110011011
01001011100
10010011000
00011100110
11011000110
00011001010
01001111111
00100000001
11101111110
10000001100
01100000100
00101101111
11001101011
00000000100
11101001110
00010110100
10001110111
10100000101
00010010010
10011111100
11001101111
00111010000
10001101001
11010111011
11111100000
00100101000
10101000111
00000100001
01000110111
00011100000
00100010011
10110110001
01100101111
00001111111
11100011001
01010111000
00111111001
01101101001
00000100001
00010110001
00000010100
01010000101
10001011111
11100110100
10010100011
00110010000
00110110001
01011001101
10001000110
01000110000
11010010011
10010001011
00011011110
10111000000
10111000010
11100101000
00101001010
00000100111
10111101110
00101010101
01111000100
11100011010
10011111110
00110010111
01101110110
00001010001
00010000111
11001110011
10101011101
00111101111
11001111111
11111110100
10000001011
11111110110
10110110011
01101100001
01001001101
00001000001
10001101010
11110000111
01111110100
11011001011
01100101101
10001010101
01011110111
00000000010
01001101100
11001001011
10001111110
00000001110
10001000111
01001010110
00101001111
10000000011
00010110100
00101001000
00011100011
10001000010
10011010101
01101010101
00100011101
10100110101
01111001100
01101100011
10101000111
01000111010
00001000010
11100001100
00111111010
00100001000
01101011010
01100101111
11000010001
00011000111
10110100001
10000010100
10010100010
11111011011
11110100100
01001101111
01101111001
10100001000
10101000110
01011111111
11000011010
11110111011
10010001110
01011111010
11100101010
10000100110
10110111000
10101111001
10111110101
10010010001
01000001110
00010111100
10001001010
00000010100
11100010010
00011010011
00010101010
00111011000
01011001111
10101001110
10001011101
10110001011
11110110000
11101111100
01100110010
00010000100
10001111110
10100110010
11111000001
00010110101
11010000110
00011001010
00011100111
11100111010
11001000110
01011110011
10110011101
01001111001
00011001110
11101000101
11011110110
11011100110
11010100001
00111111111
11011111000
11101010011
10111100111
01101011111
00001010101
11111110010
11001001011
01110011111
10001101011
10101000111
10101101100
00111100011
00100000010
00100110001
11011110110
01111111000
01001011100
01101111010
01100001010
00110100001
01110100100
01001110100
00100011111
01110001111
01101010111
11001110011
10010100100
00011111111
00001010100
11111000110
11001111110
01001010111
00100000101
01010100100
00111011110
00000110011
00001010010
01001001011
10101110100
11011101010
01100000101
10100100010
11100101011
10001011000
00001101011
10110000000
10111111111
10111011001
11001101011
10001001101
00100111011
10110001001
01010011010
00101111000
00011101001
01000100011
10101011101
10111010001
00111000111
01001010001
01011001000
11100100010
10010011111
11001001111
10101000101
01011001101
00000111000
10101110110
10111110110
11001010001
10111000011
00010010001
01000000101
10001111010
11101011111
01010101110
10111111101
11010010010
11011111110
11001111100
00100011011
01110011111
10100011010
00011110011
11011001100
10100011100
00000111100
01011111111
01010001011
10101110000
00110101010
01011100110
00100001011
01111001110
01011010011
01001100101
01101001111
00001110001
01001010001
10001110001
11011100011
01000011100
11101110000
00111100110
00011111111
10110101111
00001100000
11110100001
11010101110
01101111110
10000101000
11101000100
10100111011
00011001110
10101100111
11111001000
10110101101
01000100001
10000010000
11000111111
10110000010
01100011000
00111001011
00111101101
00001001000
01001101011
11000001111
11010101000
10110000000
10100111011
10110001011
11001011100
11111101010
10110010101
11100110100
00010010100
11101011000
11110000110
10101000010
01001111100
00101001001
00110101001
10010011001
01101111110
11010110000
00100100000
00000011011
01100000100
10101011111
00001011101
11000001101
11011001001
11000000000
01100010100
11010110011
01001101100
10101110000
11101101110
11101111001
10011111000
01100001100
11101101101
01110111110
01010010101
11000001011
00101010010
01101010110
11001010111
10100100001
11101011010
01000110101
01110110110
01001011001
00101010001
11000001001
00001001110
01101010100
11101100110
10010000111
11111011111
10011100100
11111100101
01010000011
01101110000
10001001111
00110110011
00111010000
10110000000
00110011000
00000011000
11000100111
00000000001
11111100100
01011001011
11111000101
00100011011
10110000000
01111011100
00001010110
01111110000
11011110001
00000001100
10111000011
10010111011
01101010000
10100010110
00100001110
00100100010
11000010101
10111001011
11100111100
01001000110
11100010100
11000101001
00110110011
01110010101
01011011110
10011001000
10101010100
00111001101
01011011011
01010111000
10000010110
00000101001
01001101111
01101100011
01010111010
00010000101
00110110010
11001100011
01000111000
11011100000
01101101000
01001010111
11101011110
00011111110
00101011000
11011101001
11100000100
01010011101
01110101000
10101101110
11010011000
00110001101
11001110000
01000011101
10101001011
10000111100
10011000101
01010001100
00000011100
11100111001
00010100010
01110111100
10111111010
10001101111
01000100000
00110011001
00010110001
01100001110
00100110110
10110110000
10000011011
11001101011
10011100000
11111110000
00001011100
00101011000
01011011100
11011010111
00001010010
11111000000
11100101011
11101011001
10101000010
00100010111
11111110100
10101000010
00111101111
10001101101
11101000001
11000100001
11110100011
11101111101
01011010111
00100100110
00100001101
10111010110
00001111101
10001111001
00100111010
10000010010
00010001101
01111100100
00111001101
01000010001
11011011111
11111101010
11101111000
11110100000
10101110010
00110001001
01100101100
11100011100
10011111111
01001000011
00110101001
11111001100
00011111000
10101011101
01001101111
11110010110
01101010110
11011100111
11011000111
01001001011
10100110011
11100001100
00010100100
10011100000
10111111000
00001100101
10101111001
00110011110
10010111011
10011011101
11111010110
11011010011
00111001011
00001010111
10010001111
11010111000
00101111010
11111011011
10111001100
11000100101
01011011000
11101010000
01111110000
11001100001
10000101000
00001111010
01101100001
11101100101
00100001001
10110011110
01110000101
10000010101
00001000101
10111001111
01011000111
11110001001
00110101110
10000111010
10101100011
00010011100
11001110110
01110101101
10000111011
00100100101
11111100101
01010001011
01100000011
10010111000
01001011011
00111000011
10001000111
01111111100
10011000001
01001100111
10111101011
00010001101
01010010111
01001101100
10001001101
00101000111
01000110101
10100110010
10010010110
11110110110
00011100101
10111110100
01100110010
10001010111
10100011000
00010011110
11001100010
00011100001
00110001011
00110101010
01100101000
11011101101
11001011110
11011000000
00100010100
01100010010
01010111010
10000100000
10000111111
00011001001
10001010001
11010110110
00110000100
11000110000
11101110000
00010001000
10010011100
01000110010
01100100010
00001000100
10011101101
11000110011
11001011110
01111111111
01110101011
01111100101
11101011000
00011100101
01010100000
10111011011
10111100101
10100010100
10011010111
11010111110
10011100010
01111011100
00110000101
00000101110
00010001110
00001111111
00111111111
01011101001
01110000010
10001101000
10010011110
00101101001
10011010101
11100100011
11011100100
10000101011
00001100000
11000001101
00110110101
11000111110
11100110110
11100110111
10100111100
11100011101
00000010100
10011010100
11111110111
00000000100
11001100010
01101110100
11100101111
10110110101
00001110000
00111100110
11101101000
10000010000
01111101000
11011100011
01011011101
10001000101
11101111110
01010000010
11100111010
10101111011
00011111101
00110000111
01101010000
00000000000
11100000000
10101101111
00101000010
11100101101
10000001011
10101010111
01000101010
01111011101
10001010101
01110100111
10000100000
00010110000
00010011011
11010000010
00111110010
11100011010
10101100101
11111001100
00010111101
01111101001
10001100111
01001010110
11111100100
01000011010
10101101010
00011111000
10000011111
01100011101
11101001101
11110001101
11101101000
00111000110
11011110100
01001011111
01101010010
01001101010
01111111010
00000111011
10111101100
00101011000
11101001010
01101111001
10001100101
01100111100
11001100100
01100000101
00100001000
00100110000
11100001111
11001110011
00100100000
11010001010
10010111000
10101011010
01111111110
11100110011
11110010100
01000000100
11001001111
10111110000
11100010011
11001001110
11101001000
10011100001
11111011100
01010110100
10100101111
00111101011
10010001111
01001000011
10101000111
10100001100
11111011000
10111111100
01101011111
11100100110
00111010000
01110101100
10111011001
10001101011
11000001011
11100011111
11010011100
01110010000
10000101010
01010001101
00000011100
11100110000
01111111011
10101000100
01100000111
10000001100
10101110000
01100101001
01101100110
00100011000
10100010011
11010100000
00001111101
01000100101
11000000100
10001100100
00101101101
11101110010
10100010011
00111011111
01101001110
10001000110
10011110011
11000011101
10100001101
10100110000
10100101001
01101011110
00110101111
00011100010
01110100000
10011100101
00100110110
11100101100
11111100000
00110110100
00000110101
11001110101
01000010101
01110011110
00001000011
11000001101
01000110011
11000011000
11001010010
10001001111
00101010011
01110111101
11100110010
00100110001
10110000101
01001101111
00010110011
01101011011
00100110100
11100101101
11110111100
01000110101
01100010000
01001011101
11001111101
10110011001
10001111000
01101101111
00111010100
10010100001
11101110000
10100111101
01000100011
10110001101
00101111011
11010001000
10111111111
10000011011
01010001010
00000110110
01011010010
11100011000
00000000111
10111110100
01111110111
10000100100
10110101001
10010111101
11000100101
11100001001
11100000000
10011011110
10111100001
00001111110
10001000101
01010011010
10001011111
11011100101
10100001011
10111011111
00110111101
11011010111
10001000110
10011101110
11110101101
11101001001
11011101110
01101110111
10100000001
10011011101
11100100010
01010011101
10101111110
10111011001
10101111011
01110110101
11000100101
00011110101
11000011010
01000010011
00010001101
00011011001
10100011010
10101111011
00000011000
01000000110
01011011100
01011010111
11101101010
10001010011
01101100001
01101001010
01110010011
01000100010
11110111001
01111000111
00111000010
00011100011
10110100100
10010011110
01001100101
00110000000
00111011011
11011110010
01001110111
01100001001
10010011010
00000110010
11000111011
11010011010
10000111110
10000111100
11000011110
01111101000
01000000010
01111000000
00100001011
00101010101
01101001000
00110101101
11001110001
01110010111
10100101101
00111100010
00110111101
10100010101
11010110110
00110000101
00011111001
10000011001
11001000010
11011001011
11011100111
00110000110
11010011101
01110000011
01001111011
01101101101
11101101000
10000010111
01101000001
01001001011
01000100000
01101100100
00001010011
10101100010
10100101111
00001001100
10011011101
00110111000
11110110010
00101010001
01110101001
00001110100
10011001000
01000101011
10011010110
01100001011
11011010011
01011100001
10000011010
11000001100
01110101010
11011101011
10110100001
10000101000
10101010001
10101011100
00111000100
10110101010
01111000101
01010101100
01111011100
01000100101
00110101111
10100011011
11011110011
10011110101
00001010001
10111111011
00001110110
01110010110
10000111011
00011101100
00010000101
11100000000
11000110000
01100110110
01001111001
11010101000
11101001010
10100011111
10101010100
01001000101
01010010101
00100111010
01110010010
00110100111
10110010010
00011110001
00011110011
00000000000
01001000111
10111101110
01100000100
10000101101
01011100110
00010111110
00111110010
