11010110000
10101000101
01110100011
01011110101
01000111111
00011110010
00001010110
00001101111
10011101110
11010000010
01110101111
00011100000
00001111000
11000101110
01101010000
11111001011
11101100001
11100101100
11110110101
11010100001
11100100110
11001001110
00100100101
10011001011
11101101101
11100111010
00001001001
01111111100
11011111111
00101110001
11110110001
10111001110
00100101100
10011101110
01001001100
00011100101
00101110011
10000011111
10100110001
00011111100
10111100000
10110010101
10011100010
00000111101
11001010101
11100001001
00001111100
00011100110
00101000011
01111000000
10110001011
01000000011
01000110110
00110000111
10101000011
10100000000
01011011011
10101111000
11011001010
00001010000
10101100100
01101001010
11001101010
11010001001
01100111011
01011011010
00111110101
10111101111
00100010000
11000110000
10011011001
00110000110
10011010001
00110101110
00000000000
00000001010
00001111111
11011100000
11001011111
10111110000
01110110110
01000011001
11001011101
11101001000
00101011011
11000010110
00110010011
11001101000
10100000100
00111010010
00011011101
11001110100
11010111010
11010010110
10001111010
00001111011
11101000000
10000000011
11001001100
00011101001
11011010111
10100000101
01111001010
00111101101
11001111011
11101110110
10000101010
01111100101
01011010000
00111111111
11010010000
11000111100
11001010111
00010000011
11001100010
11100110010
00110010001
10011011011
00100100001
00001110000
01111010001
11001111111
10101110110
01001101000
10101011001
01010110010
11111000010
11100001000
11001111110
11011110101
11011111001
01101010111
01010000111
10000101100
01101111000
10001000010
10101100111
10100000111
10111001000
00100100010
10111000010
01000011011
00110101010
10110100110
11001100110
01001010010
10000011001
00111110000
00001010111
00010111110
11100100101
10110010101
01010101110
00010001001
10110010101
10111010100
01110111100
10000101111
00110000101
01000001110
11011010111
11111011001
10000001110
01110011111
10011110011
10101000001
00001001010
00000000111
11110101111
00000101110
11101110011
11100011010
00110011011
01011111110
00011101010
00000000111
01100000011
01001010001
10011010101
01011000110
10000110001
00111101000
11001111111
10101100111
01010011011
10010001001
11111000011
01101000101
11100100010
11110000001
10110010111
01010011001
10100010100
11100110100
11110011101
00101000001
10110010110
10110101110
00010110010
11101010011
00001100111
01100000000
11111001011
00101100101
10010101100
10010001111
11000101011
00100100100
01111000111
00100001001
11111100110
01110110000
01111011110
00110101101
10101101010
00101000001
01011101011
00010000000
11010110011
11101011011
10100011111
10100011001
10111100110
01000001000
01011100010
11011110100
11111001100
10100100100
11101110100
11010101100
01100100000
01110011011
00111001001
00101010111
10111100111
10110111001
10110100001
10010000100
10011101011
10010101100
11001111110
10101100110
00011111100
11100010100
00100111001
01110100110
00111001001
01111000001
00001110100
01100001001
00100110100
01011111001
11101110110
10101111100
00110011011
10010101101
11100010001
11000100101
00100000100
01001011111
10001100001
11110000011
11011010110
00000101111
00100100110
00011111100
10110001111
10101000010
01101000110
00101010000
01101110100
00011000001
10010110111
01011000101
00001011011
01010111100
11010100100
11111011110
01101000111
00000110111
00111111010
00100001001
01000001101
11000110001
01001001001
01110101000
01001101110
01001011000
00000011001
11011101001
00010010100
00011000001
11010110100
10110010010
11011111111
10001101011
00111000100
01110101110
11101100000
01110111111
11011011110
10011011000
10011010001
00000111010
11100101011
10011100111
01110110000
00011111011
10100000100
01111011010
11010010101
00100001010
01010000101
01010111110
11101111001
10100101011
11001110110
10110011010
01000111001
00010011001
01100110101
11100111110
10110101000
11010001011
10100010111
10011101011
01111101110
00101111001
01011100101
11011011111
11100000000
00110100110
01101100011
01110110000
11000101000
01101000111
10101101101
11110001010
00100010110
11000000110
10110010001
00110001100
01111011100
01011110111
11101110010
10101110010
11100001010
10000010100
11111111010
00011100111
11101001000
11011111010
11100000001
10110100111
00000110011
10111011111
10101011001
01001011001
10001110111
11000000000
10110101000
11100011000
00001101011
10000010101
00001111100
11110101110
00010110000
00100100101
00110010000
10000001001
00110000001
11000010011
00111110101
11001111001
00101100111
01000010110
11111100010
00011000000
00010010101
11100011111
10011010011
00011101101
10011101100
01001000000
11100101101
11011101111
00111101001
00111110011
00111011111
11001000000
10000001110
11100000010
00001110100
10101111001
10101101010
10101011101
11100101101
01100111010
11110111110
01111011101
00010110010
01111110000
10001011000
10100011101
10010011011
00110110010
10110001101
10100101101
11101011000
01010100000
00111100111
11001111111
10110010110
11000110111
10001100000
11101101011
01010011111
00110000100
01001100011
00010001000
11101110011
11100001100
01011001101
10111100111
11101010110
00000101001
11001000001
00101001101
11010101001
11000101101
11011110000
01011011011
00010001110
01100111110
10100110101
10111100001
00100001011
11111010101
00001100101
01010010001
01001101110
00001000000
10110110001
10010100001
10101111010
10110110000
01111000101
10001001000
10000011001
01101011011
00010010100
10110001101
00101100010
10101000000
10110101011
11100001111
11001101110
01010011010
11001000100
11011011000
11110011101
01101011001
00101011010
11000011100
10010100101
10100110001
10101110011
00011100010
00001001001
00110000011
01011010010
01111011010
01011100110
11101101100
11110010001
00011001101
10110110100
10111110011
00010100100
00100010011
10101000101
00101110011
00100110100
11000000111
01100000100
11110110001
01010011111
10101111010
00001111100
11011001010
11111001110
01111001011
11101111001
11100011111
01110011010
00111000101
10001101101
01010101000
01001100110
10100110101
10110001000
11010011101
11000001011
01101100111
01101111011
01111110101
10010011001
10000011111
00001000110
11001010010
00110100011
10101011001
11001111110
11000010111
00000010110
00000110100
10101001010
10011011011
01011100010
10000001101
10010110110
01110011000
10000110100
10101000010
01010000100
00000000001
10101110000
00001110111
10110110100
00001001000
00011000001
10110111111
00011110101
00010111111
01111011010
01011000110
10010100000
00101111110
11101100010
01011011100
00000100111
10111100000
10000000101
10001101000
10000011101
11011100001
10011011000
01101000000
11110110000
01100000100
01011001010
01111011011
01110000000
10010000111
01100010111
11111110011
00000011101
00101011011
00011100001
10101001110
00011110100
01111111011
11011000100
01111011100
00001010001
10101001101
01011010000
11001000010
11001101000
10101001110
11000101110
00100111100
10010000100
11000011011
10110000010
00001110110
11001000110
01111010111
00100001111
10001001010
00101100101
01100110000
00000111101
01110001000
01100010000
00111101000
01110000110
10101011010
01111111011
01110101111
10101100101
10011010011
10100010111
11010111000
11101001101
11100011001
11101010111
11010110111
10000111110
11110000010
10010101011
11010111001
00111000110
10011010110
11100100001
10010001011
01001100110
10100001111
01101000111
10110100011
00111101001
11001111011
10100000110
10101010001
10111111110
10111000111
00110100010
01101011010
10101111101
10100001101
00111010000
10001110111
00000111100
10001111010
00100110000
00111010000
10101010100
10101100000
10100111010
01110011001
01111010111
10100010111
00000111110
11111010110
01001101101
10011110111
01110010011
00110100011
00110001010
10101010011
10100011111
01001001111
00010101111
10111101110
11001000010
10100010011
10010011011
10000000010
11100110101
00011001010
11011010111
01111001100
11000111000
01101000001
10111111010
01001111101
10101111111
00101110101
01001111100
00010111101
00001001110
00000000101
00011111100
00100100010
01110010101
01110111100
11001100101
00101011011
10010011010
11001010110
10010011010
00100001111
01111000011
11100110110
01111010000
01011010011
10001011110
10101011110
01100000100
01101000010
01011110100
01001111010
01010000001
10110110111
10111011100
01011100100
01010100111
00111101000
11111100111
10110001110
00100110100
00011100110
00001001000
00101001111
01010111000
01100001000
11111100011
01111101111
10000010111
01000110110
00110101000
01001111011
01110000011
11001101001
01111011110
11010000100
10110011000
11100110111
00101101111
00000110100
01101000010
11010111000
01111010010
10110010000
11111101001
10011000010
10100001100
01100100100
00110110100
10110110111
00110100000
00100011100
11000101101
00001001001
10101111010
10001010011
11111000000
00101010110
11010011101
00011101100
00110101001
11100010100
10101101110
10000000110
10010100011
11000110111
10001101110
10010100100
11100000010
00100010001
00010111100
01010111101
11001111110
10010010011
00101000011
11011110011
11011110000
00001111010
11010100010
11011110000
10100011000
00101000010
00010101011
10011001101
10000001110
01101110100
10000110010
10101101010
10011000101
00000111100
01010100010
10001011101
00011001011
00110011111
11100001100
00101000001
10101111110
00101111001
01010101110
00001101101
00000111010
11101101100
11100100010
00100010010
00110000111
00010111101
01101100111
11110101000
01111010101
11011110101
11010000011
01000110010
11000010100
00011011110
00101110111
11010001010
10011100011
01010110010
00011010100
00110101100
10100100110
10100111110
00010111011
01000110110
11111111101
01000101001
00100010110
11000110111
01010101001
01101010101
10101111100
00100011011
01010011110
00101111110
00101001100
11110001000
00000010101
00011000011
00110101101
11000111000
11100010111
11000001110
11010001001
10001010000
10000001101
10000101111
11001110011
10000110000
00111101000
10011100111
01000110010
01010101101
10010000011
00001111001
01110110010
00010110110
11101101010
00100001111
01100100010
00101000111
10100101110
00010000001
11010110000
11101011001
01011100001
11001010100
00010001010
01111011011
11100000000
01101011100
10011001111
01011111101
00101100010
10101111100
11111000101
10100010011
10011001111
10011110111
10111001000
00100100011
11001101110
10011010001
11011010110
01000101100
01010001011
01011011011
01110001101
10001000110
01000001010
00001010110
11100101101
01011100100
01000010010
01011011101
10001010101
10011011110
10100101000
10111000111
10001001110
11111111001
00100011010
10001010101
01110000010
10101001010
10110000111
00000011001
00111010000
01110100000
01100101011
01111110011
11110011100
00001100011
00010111100
11100000001
10100110010
00010001011
10010100101
10111011001
01011010101
01111110000
00000111001
11000011100
10011000110
11111111111
00001000001
01101001111
00000100110
10110000010
11000000100
01011110001
11000011111
11010110101
10110010010
01000101000
11101000010
10111100011
10011001100
01100110101
00000011111
01110100001
00111000010
10001101001
10100010100
10100001110
01011101000
01000011000
00101011000
00010001100
00001110010
00101100011
00111000011
10001010001
11110010011
00101001111
00101111000
00110011000
01100000111
01110001000
00011000101
01101011010
10001011001
11101110011
00111011000
11001110101
00101100110
11101000100
10111101011
01010010000
10110110101
01000110010
01000111111
10100010010
10011110111
10011110010
10101100011
01100011100
00100101011
11010010000
00101111101
00100100101
11101100100
11011010011
11001111010
01000001001
01110011000
11000011000
11111110010
11100100000
11101000011
11100101110
10000011100
00011101010
10111110111
00011010100
10110101110
01001110101
01110111010
11110100100
00010001001
10110101100
01001101110
11110001000
01110010001
01111101010
00110101011
00111011111
00001101101
01101110011
10001101011
11100001010
10011100010
11010010000
11001111110
11111001101
10100011011
00010000011
00111001101
11001001111
10001111110
00110001101
10100110110
10100101010
00111101111
11000011100
01101010001
11111111010
01110100111
01101101001
00010101000
01111110100
00001110001
11100110110
10010010110
00000101101
00100001000
10110110100
01011111001
00000111001
01010001111
01001111111
00000011111
11010000001
01001111010
10110001011
01111010100
00001000100
11101010111
11111000111
01001100000
01111100100
01100001000
10000110001
01101101011
10100000010
00101110111
10110011101
10111011101
10000010110
11011001101
00001100111
01001010101
11110011100
00100101011
01110001001
11111010010
00011001011
01100001000
01110011111
01001011000
00111010110
01100001101
00001101010
00111101000
00101111110
01001001010
10100011110
00011110111
10001110101
11101101010
01011100101
01110100101
10110111100
01010110111
10111000100
01101011011
00011001001
00111010111
10101000011
00000011010
10100101100
11101110100
01101111100
10010111000
10001011110
11000011101
00100101010
01101001111
10101100001
11111111111
10010100110
10101000001
10000101100
10011101110
01100110001
10011101000
11010101011
00100100101
00000110110
00000111100
01101011111
11100110111
00001010001
01101000101
10010010000
10101000101
00000011110
01001010101
00000010010
11100110010
10101010111
11010010101
01000011110
01100001111
01100110001
11101010000
01001011110
11101100100
11100100100
00111011011
01110000010
00110100110
00000001000
10110100101
10001001100
00011010101
10001011111
10010001100
11111110010
00011101010
00011010100
11101000111
00011111101
00111110010
10001111111
11100100100
11110100010
11001110001
11000101000
11011010100
11111100011
00001010010
00101010111
00000101101
01110101110
10110000010
10000101011
00111111100
01011000000
11000101001
00010101011
11001000010
10100111001
00111001101
10011000111
01111011000
01110001110
00000010001
00101111011
10110100001
10100110100
10010100101
01010100011
10110011111
01010011100
01000010111
00011100000
10010101001
10001111010
00111000010
01100100100
10000001001
11001111111
11001110000
00000111000
00111101011
10111101001
01111101110
01001000010
00111110101
10001001110
00010110011
11111100101
11110001110
10001011010
00001110111
00010111001
00010001100
11100101000
11001110001
00101110110
00111110111
10000101000
10000111010
11010000111
10001110111
01000010110
00100111000
11001110100
01001101011
11100100011
00001110010
00111101111
00000101101
01100001011
01011000001
00100110011
01110101111
00000001110
11010000101
01100111111
11110001011
01000010110
10101110010
00111110100
01010110110
11001001001
10111111000
01110100100
00010011111
11101110000
01111001001
01011011000
01001001011
11111001001
11100110011
11011111000
00001101110
00111110010
10111001111
00111001001
01000011100
00010101010
11100100010
11010011100
10111000111
00000011100
01001010100
01110110101
11100110011
00000001101
11011000000
10110110111
00110000001
01011010001
10000100100
11110110001
10111100001
01011011100
00111111111
01111000110
01111010111
11011000001
10100000111
10110111101
10010000000
01111001101
11101001001
01000101010
11010101101
01001011110
11011011110
11101010011
10000000111
11111001001
01100000000
00101110010
10110001000
10100101010
11101001110
10110000010
01001010010
00101010101
11110101000
10110101111
11010110011
00111010011
01100011101
10110111010
11001010111
00110011001
00000011101
00101111010
11010001000
01000010111
00011101000
11100100000
10000011000
01101101111
00111101001
00100101101
01111100011
01011011100
00001001101
10101001001
00001110100
10101100010
10110111100
11110111001
00001011000
10001001001
10011110010
10101111110
00000111111
00100111001
11001011010
00110100111
01001101110
01100101110
01111000010
00010010100
10100000110
01100001010
01011111001
10101111111
01010110101
11110011001
10100100111
00110011111
11011011110
10010011010
11110101110
01010001000
11001001110
00011010001
00010101110
11010101100
11111100111
10111111001
11001011101
11001000011
10101001000
10100000101
10100011001
11001100110
11110110111
11100001110
11011010101
10101011110
10111110110
01100011110
10011010110
01011101000
10001101001
10101101101
10001100111
11101000010
01111101011
10011111010
11110011101
11100011100
01110011011
11000110011
10000111001
00110111011
11001000110
00100100111
10010000111
10011110101
10111100001
01100100110
10001010011
00000110110
00100011011
11111000010
11111110111
10110111110
01111011101
10000110000
10000001001
00011000011
10111110111
11100001010
00111000110
10110000011
01101010101
01101001111
11101110111
10011101011
01111111110
10011100000
10110001000
00011000100
10000100011
11100000000
01001101111
00010010100
10110000010
11110001010
10011011001
01010110010
01100111001
11101001110
00110101100
11010100111
01001000001
00000000101
00001011111
11111110010
01010001011
01000011000
10101110101
11100110101
10110111011
01001100111
10011001110
10110100111
00100111100
00101111000
00110001001
00110111011
11100110010
10010011001
00001111100
11000111000
01100101000
01010010011
00110000011
11000110010
11000110011
01101100001
11010100000
10110100011
11011010101
10111011100
00011010100
11111000000
00101001100
01110011010
01000000010
00110111011
00001110001
10111001000
01100011100
11111000110
00110001100
01000101100
11010111001
10000011001
10001011001
01000110100
11011011110
00011011011
11101101101
11100111011
01000111110
10011000000
10001111000
10100000001
00010100010
00001000111
00111010010
11011000111
10110110010
00010001111
11101011001
10100001111
10110010010
01010010000
00010110101
10001111101
01011000000
10111011000
11111000010
00001111001
11101010111
11100011000
01011100001
01000100011
00110001101
10111111110
00101111000
01001101101
01100111111
11011111100
11001011100
10001100101
00111111100
11100111010
11101110110
00010111000
11110110110
10100001010
10101111110
10100010001
00110101001
10101000010
01111100111
11101111001
01101000101
01010000110
10101100100
10000110100
11100000111
11110011001
11010111010
10111101111
01100100000
00100111000
11101101001
11100101101
10001001010
11110110111
11100010101
10010011110
01001001001
10100111000
00101010001
01010001111
11001010010
00000100101
11110000110
11101010101
00100000110
00100100000
10111000100
00111101100
01010101110
00101101101
10000011101
01010101000
01111111111
11100010100
00000011101
10101111101
10011101000
00100011010
01001001110
11000010010
01011000011
10010111101
01110110010
01011011010
10100111101
01010111110
10111110001
10011000001
11101100001
11110111111
01100111010
11000111101
10001010001
01100110101
10011101100
00100110110
00000110111
00010100010
00001111111
11000001111
11111010100
10111100101
01100000111
10100111010
10000011100
11001100001
00100101100
00001010110
10000100010
10101011100
10001011111
11110010100
10111101111
10001100000
00010000000
01011010000
10110110101
00010000011
00001100111
01101011010
00011001000
11110110000
10101000101
00101110011
00011101100
10101000110
10101110010
10001001110
11111000001
10010100100
01100000010
10000000111
00001111111
11010111011
01011101000
11010001101
01011110110
00100011110
10100001000
00100110010
00110100000
01111101101
10010010101
11101001011
00110101110
10101100110
11011111111
10101110001
11011001101
01101110101
01001100100
01110111000
00111100111
00111000100
11101100010
00001111101
10000111110
00100111001
01110000111
00001010011
10110000001
11100110110
01011100101
11111111000
11011111010
00001000000
01000110001
00011111111
11111101011
11001010101
01111001000
11010111001
11000000110
00000110011
10111001010
11100101000
10100101001
11011110011
11111111110
10010011101
10010100100
00110111100
11101101011
01001000011
01000000110
01010111001
10111100010
01000110000
11100110110
01000010010
10001110010
10001101111
11010111011
11011101100
10000110011
11001000100
01100101000
00000101001
00001111110
01001001001
01100101111
11100111000
11001011101
01110010000
01010111111
00001000001
10010001011
11100111101
01000011111
11000111110
11110010011
01100011110
10100001001
10011110111
10110000011
00001011101
00001110011
10110110011
10011101011
01101001001
11011001100
00111101111
01011000111
00000110101
11110111110
01010110000
01100001010
11111101011
10000110110
10010011110
11100111011
10100000111
10000111100
11110111100
11001011101
10101101100
10101010100
11101011101
00000101100
01010010100
11010100110
11101000100
10101100010
01000111110
00001101101
11000000010
00000010000
00110111101
00101110011
01001101011
00010101001
10010100001
00100000110
10101001001
00100011010
11111000010
11001011110
01100000110
00111100011
00111010011
11000001110
00011001001
01100010000
11010001001
10101100000
11111111111
01101110100
00111111111
10101101011
00111010001
01011100101
00011101001
10111011111
10001010101
10000000001
01110001100
10110101000
00110101100
11101010001
00001110101
01100011000
00001010110
11100001000
11010100000
00111100001
11110010110
01000011011
11001001011
10001001100
01011001101
11000110111
10001010000
01111110111
00001111001
01100101111
01100000101
10010010110
11111010001
00111111100
10101001010
10101010111
00000010111
00101000110
00000011111
00000010001
11010010010
10111101010
11010010001
11100010110
00100101101
00000000100
10011001100
11101111000
01000001000
01001010110
01111101100
00100111100
10010100111
10110101001
01010011001
10110001101
00001011101
00110000110
11101001000
11000101100
01011111111
00110001011
11010101000
01100000000
11000110100
10011011001
01111101000
10110101001
10100010001
01010111111
00010001011
00101100100
01100110100
10011101110
11110101000
10111111110
01011001010
10000011011
10001111011
10011010110
01100010100
11100110011
01001111000
11111001101
11000001001
00100000111
00100110101
00101010100
11011010011
00011110001
10100010001
11010001011
00010010101
10111000110
10110110000
00001101010
01010100100
00100011010
10001010111
01000000011
10010011000
01010101111
10001101110
10111010101
10111010010
11000111010
00100001000
10100001100
10111001101
11010000110
11000011100
01101100010
00001011000
10001000011
11101000011
00100011110
00111001011
10110111101
11101000000
10000111101
01111101011
11110000001
01010101101
10001000000
11001011001
11101000101
10001000110
10011101101
00010001111
11101010001
01001001001
00100000010
11111101010
11110101110
10010011001
01101001110
00011101101
11011111001
01000111110
00100001100
01111000000
01000010110
11100111101
01100101100
00001110011
10111000001
01010001011
01011101000
00100010111
11011000001
11101110110
11101001110
00101011001
00100011001
00011110110
10000101111
10011011110
00000110100
01110100101
00000101110
01010001100
00100111010
10001000101
11110110011
01000101111
01011001011
11001000000
00010001010
10111110110
01101000100
01011000100
00101110110
11101110101
10100011010
00111100100
00011100101
10100010010
11110001000
01010111111
10011100001
00010101011
01111101101
01011011000
00100001111
01110011010
10110010001
10100100101
11110101100
11110010110
11101110000
01101000110
11110001010
11100110100
10010001110
01011010010
00111001101
11111111000
11101100111
00100011101
10000101001
11010000011
10001100000
10111011110
10001111001
01001000111
00001011110
01011100100
01010000001
00111111100
11100111100
01010101100
10000110000
10111100110
11111101010
01010011000
00011110010
11001101010
00010001001
10011100100
00010100111
01001101111
11110001011
11111110001
11100001011
01010010001
10110100100
01100011010
11001101001
10100110001
01100110110
10100010101
00110000000
11111011000
11000101001
00111011000
01011100111
00111100111
11001000000
00010101111
01001010100
01001001000
10100110101
01000001101
10001011011
10110110110
10100110101
01011010101
10101111110
00000000101
10000001110
10100001111
01001001110
00000101011
01010001100
10010111110
11010100110
01010001001
11111111011
11010010000
11110110100
00111011100
01010100100
00100011111
10001101010
10111100101
10010000101
00110100111
01000011001
10000010010
11101000111
00010100111
10010011011
01100010000
10000011111
11001000101
10111110111
10111001010
11010111010
00011010101
11101011001
11011011001
10110010100
00011011010
11101000011
11000011001
01001001001
00111001010
01000111111
01101001101
01000011100
00111101010
11000111001
00101011000
11011001111
10001111011
11001111000
00101100010
10011000100
10110010100
10001011000
11100101100
01000110111
11111110001
01010110010
10000001001
11000010011
00001011110
