11001001111
10100001100
11110111101
00001111110
00011101010
01111101010
11101111100
10110111100
11011001010
01011000000
11001000010
00111101100
00000000100
10110001011
11010010100
11011010010
11101110000
01010011101
10000010011
11101101101
01011000100
10010010110
00001100100
10100100001
00100100100
11000110111
01101000111
10100010100
00001001000
10010011100
10010111101
10000000110
11010001111
01011111011
01001111010
11001110010
01101100010
10111011011
01100110011
01110000110
11101010111
11000000100
11000111001
01000110011
10011110011
11110100101
10110100100
11111100110
01000100101
10011110110
01001110010
11111011000
00110001010
11110101110
11000111100
11000000001
01000111100
11010101111
01001001011
11000100001
01100111010
00010111101
10100001010
00111100001
10010011101
00001011101
00101010001
11110000000
01011010000
01011000111
11001001100
11001101101
11110000111
11110001010
10010010110
01110010110
11101011100
00000011000
10111001100
10110101010
10001110001
11101000001
00101100000
11110001110
11000000111
11111110010
00100100010
00101101111
00101000011
01110001100
11001010110
00101110110
10101001001
00101111100
00010100110
01101111110
11010111100
10001101010
01101101001
10001001111
10110001001
00010011001
11010111111
00110100111
11100111110
11101111011
01110111110
11011110100
01000001000
10001010011
11101100001
10111100110
00101010100
00111101000
00011100110
10101001000
10101111000
01101001100
10000001000
01010111011
00000111111
01000110100
11010000101
10001100001
00011010011
11111100010
11010111101
10010010001
11111001011
00110110000
00100010000
00110110110
01011110101
01101110100
11011101010
00100010101
01010111010
11010111011
11101010110
00011111001
01110001101
11011010110
01101001001
00100000010
10100001100
11011011011
10100000010
00100100100
01111001010
10010100010
10110010110
11111011101
00000011100
10110100111
10010110110
00111011111
11101011110
01000010011
01100100111
00111011001
10111010000
11111101000
00000011011
01101011100
01100001101
01001101100
10101111000
01101110011
00001000001
10101010011
10001110000
11001101111
00000101101
10110010110
10111000010
01110101111
00110011000
01111111101
01011001111
00110110010
00101111001
01010110000
00100110100
11010000111
11000011010
10100011000
11001101110
11011110010
10011010011
10011111000
10011110011
00101100010
11011011011
10111010000
01000001111
01111100010
01010001111
01011110011
11001110000
10110000010
00000111000
11000110100
01101111111
00000100011
11000010011
10101000011
10111000110
11000011010
01111111011
00101111101
10011001110
01011011110
10001100110
00100111011
10001000101
00110110001
11101100101
00110111001
01111111001
10100000100
10100101000
00110101001
11110100101
10101001111
10111010111
10011111010
01011011100
11111001101
01111010110
01100010101
00110011000
11100011011
01011010001
10100000010
11001100111
10011100010
10100011101
00010111111
10000000010
11100100010
01000110010
10100001111
00001100001
01101000010
01101010110
00010010100
00001101101
00110101101
01111000000
01010001110
10110001100
10110101101
00010011000
10011111110
00100111111
00100110110
00001100001
11111000110
11000011000
00101100100
01001110001
01011110110
01001101110
01110000000
10111110010
10001110100
10101111000
00110001100
11100000000
00010000111
00001010110
10000011011
10000010001
11011101111
10000111010
00110110111
01101111011
10111100101
01010001011
01101011001
10100011100
11100000000
11000000011
11011111001
00101110100
01110101010
10011001000
00101011111
11000010011
00011000000
11001111101
11000000000
10000011000
01010111000
11111001101
01000101011
11111000011
00000000100
11111101000
00010110000
01001111100
10001000100
01000010101
11100100010
11010110110
10001110001
11000000000
10010101111
10111010100
11110110011
10100011010
10111001010
01010101001
10010001001
10001010101
01111111100
11000010001
01000001101
10001010011
10111110101
11000011011
00011110100
10110100111
00010000100
11001011000
01100100011
10010111010
00011001111
11100001111
01000010100
01101000010
11100110101
10110111101
10011100101
01100111100
11011010110
10011001000
01111000011
00100001000
10100110011
11010111100
10110101110
00011110001
01111111111
01100001100
11100011010
01100101111
00000000000
10110110101
10110010010
10001110000
11000101101
11111001110
10110000001
11010010101
10110001111
11011000110
01010010110
00001011100
01011111111
11011001100
11110100001
00001011111
10110010001
10101010001
11001011111
11111001101
11111000011
10010101110
10010010101
10100110011
01111111010
01001111001
01100011111
01001101101
01000011100
00100101110
11110010101
11101100110
00100100101
11110011100
01101100011
11110001000
00101010101
11010010111
01000010010
00101101011
10011101001
10011001000
11010011110
01101111011
11001101110
01111110000
01000000011
01001010001
11011001000
00010110011
11100011011
00000111010
10000010011
00100001101
00110001000
01001000010
00011110000
10111101011
11010000011
10111000100
00011111010
01101001101
11111111011
00100111010
00011001011
00101110011
11101011001
01100000000
11101010100
11110110010
01011000011
01011111011
11010011100
01100111000
10000110001
11101111110
11110101101
01110101000
10010101100
10010001111
00010101011
00101101100
11110110111
10101101100
01111011101
10110011011
11000101000
01001100100
00101100101
10000101110
11111010000
00011111111
01010011100
10100110010
00011000000
00100000010
00100010100
01100000001
00110000011
10111111100
01000010000
11010110111
00100100110
00100011101
00111010101
01100101001
10000011111
10010011000
11100110110
00111110011
00011000011
00010111111
01000011010
01111001111
10100000110
00001111110
10100011100
01001111101
00011101110
10111001101
00000010001
10011000111
10010011110
10101010101
00001010101
00101011110
10111111000
11000111011
11111101001
01011000011
00100011110
00001011111
11110111101
11101100101
10111011011
10001011101
00111100110
11100111011
00100101000
10011010000
00101101110
00110001001
11000001001
00110101100
00000001101
10010000000
10101101110
11100010010
11110100011
10110001001
01010100000
01110100100
10100010110
01010010100
00000110101
11000111111
00101100101
01001000001
11110110101
00001011111
00010010111
11010111001
01100011101
01010111011
00011001011
11011101111
00000001000
00000100010
00000111110
00111010010
11111011011
10010110111
00001110010
10000001001
01000001010
01110110000
10111110101
10011001001
11100101000
10100110011
10110000111
10011010101
11101001101
00000100101
00100010001
01111011110
10111010100
01001011110
00110010101
01011100000
10111011010
00000000010
11100001110
01000110011
01101111101
10110110100
10110011101
01100010000
00111110000
00111001010
10000001111
10001111101
01100010110
10110000011
00111001010
00101101001
01111001110
11101110001
01110010101
10111001111
00000000010
01011011001
11000010011
00000011110
00011000001
00011110100
11001111111
10011110111
00100000010
00110100001
10101111110
01000111011
10101110010
11011000011
11001010110
11110011101
01000100101
00000001000
11100100110
00101111101
10000101110
11100010010
10110010010
10110111110
11010010011
11111011010
11001000010
00111001010
10010001110
01001100100
11101111010
00111000101
10100110110
11111101110
10001111110
10000101100
01111110001
10000000101
10011110101
01100001101
10011100011
00011010011
10000010011
01010111001
10010100010
11000100100
01100101010
10100110010
11111000011
00011001100
11101101010
01101100100
11101110000
11000000101
00011110100
01110110100
00001000010
01000111111
11010010010
10110110001
10110110001
01000111000
10101111001
00110100111
11110110010
10111100101
01001011110
10010111001
00000110011
00111110010
10101101100
01010111110
00100110100
01011000101
00111100000
11110100001
10110000101
01101111000
01110100000
10110011111
10000110111
11111111110
00111001011
11101100000
00000100000
01101000010
11111111100
10010001101
10101010010
01101101011
10001001000
11010000111
00100100011
01010101101
10011001100
10101010010
11000001010
00100000100
01011111001
01001010001
10011110111
11101000000
00001001001
10101111010
10010000010
01110110111
10010100111
10111100100
01001001101
01011100000
11010100110
11001001001
10011011100
00101000011
11010101000
11101100000
11010001101
00100011000
10100101010
10010101000
00011100111
00100110011
01001111100
00110110110
10010100100
11000000000
00111101100
01110010110
00011000000
00011100111
01111001000
00010010100
11100001011
00010100001
11101111000
11100001001
10111011010
00110111000
11111111011
01011011100
11010101111
01000001001
01011001111
10100001100
11011100110
10101110101
01000001100
01001111101
01111110001
10000101100
11010000100
00001111110
10100001111
00000010011
00110000110
01101101011
10100000111
01001110110
01000000110
01110111110
11011101111
11110000100
10001011001
00010110000
11001011111
01101111010
11010100001
00110101011
11111101110
11000001010
01001000111
11100110001
10110010011
11101001111
11000100101
10000110100
00111011100
01101001110
00010011001
00000010011
11100010111
00111011101
10000011011
00111110000
11101011001
01001101110
11000101111
00001100010
01111110001
01100101110
00110000010
00111000010
10010110111
10000001011
10000010001
10000010111
10110111101
11001101100
01110110011
10111101101
01001010010
01101110110
11011011110
01001000010
11111111101
00101100101
00010011001
01101101111
10000011000
10001001011
10111001111
01101111000
11110010101
00111111011
01011100100
01000100000
11101111101
10111000011
10110010011
00001001000
01001001111
00100111110
01011100111
10100110011
11010010101
11000111001
11111001000
11101010001
00010010000
11011001001
10011001000
01011110101
01000100100
00001101110
00110001100
01001001000
11100111001
10010110110
00000110101
00111011000
01010011001
00100101100
11100010101
00100101110
00111101000
01011010101
00101010100
01111111100
00111001010
01111110101
01101100011
01011111101
11011101111
00011001101
01001101101
11011111001
11010000100
01101000000
10011000100
10000000010
00011000111
10010110000
00111101100
01001001000
00011001101
00100110010
11110100110
10011101000
11100001101
01101101011
11110110101
01000111011
01001100110
00100000011
00001101001
11001011010
00011100010
10010001000
01101010001
11101111100
00000100101
00111000010
01001001100
10110100010
10001011010
00011010001
00011111000
11100111111
11000111011
11010010001
01010110011
11110000010
00001011100
00110100111
01000010011
00001001011
01111100011
00111000101
00110100100
10010101011
10000010110
10110000011
00001100101
10100010110
00111111000
01010010100
00110000110
00010100000
11010101110
10001100001
11010111000
11010011010
00011100001
10000001111
11100001000
00000010011
01101100010
01000001111
10110000010
01000110011
11011000111
01100101011
11011111011
01001101110
10011010010
10111100101
00111110000
01011110110
00001100111
11101110010
00100001000
00111101110
11110111011
01000101001
11111001011
11111011001
11111111101
11001110110
00100000110
00110001100
11101111011
00000101000
01111000010
10001010110
01111100111
11100010110
10110010101
01010111011
11100001101
11000011010
00110101100
11110001100
10110010101
00000000100
01011101011
00100101011
10101101110
11001110010
00011110011
00010010100
11111010001
00000111001
00100010110
01000010101
10001101100
10011000100
01101000101
11111001110
01100111011
11010111111
10011100101
01010010000
01110001101
00001001001
00010010010
01101110111
00100110111
11100101111
10000101001
11111001011
10101110101
00000000110
11101010111
00111010001
11100001000
11000010000
10000100101
01111111101
00011000101
10100111110
11011111111
00000100111
10001101010
10111000100
00110010001
11011101011
00001100101
10000001110
10100011101
11110001100
11111101111
00100110001
00001101000
11010101001
10111001001
10110011101
01001001000
01110100100
11101001101
00100110011
00001101000
01101000011
01111000011
00010100011
11000011001
10000000101
10110111001
11110111011
01110101111
10010100000
00000111101
00100111111
10011100100
11100100011
10000110111
01011110110
00001000010
01010011001
00001000010
11101000010
10111100011
01001000000
01001101001
00000111011
11001001010
00101110100
10000010101
11100000110
01110110001
01010011111
11011001000
11000101100
00001110000
00010011011
11101101111
10100111111
00010101100
10111101111
10011000111
00001000101
11010011010
10011111000
11000111000
11100010101
10101101010
10001000110
11011101111
10100111100
00011011000
01011101000
11110010000
00101010010
10001010010
00111110110
01101101101
01100100101
11001011001
01111011011
11100100000
11000100110
11001101100
01111100111
00011000000
10010111000
11001101101
11111110010
11110100000
10011001110
10011000101
10101001101
11111001000
10011111010
11010100010
00010010011
01101100111
00110011000
10010010111
11001001101
00100100001
10100011010
01111010011
00010101100
11011101001
00111100010
00100011011
10010101100
01011111011
01111100000
00101000110
11101111000
01010110100
11101011110
10100010110
10011011010
01011101100
10001100100
01111100100
01110011111
01111110111
10110101001
01001110110
11000010101
01010101111
10001001111
11011000110
11100011011
00111010100
01101101000
01100000101
01001100101
01001001110
11111001001
11001110101
10110111001
10000001111
11110000001
01001001110
00111111101
10011010011
00000111001
11000110011
01011100011
01011000011
01010101010
00110100001
00101101000
10000101101
01101100000
10100110001
01001100000
11101110011
01010011011
11110000111
11000101100
10101011011
00001001011
00011100001
10101001000
00010101000
10011100001
11010111101
00011110010
11001101000
00011101011
00110000000
10010000101
10010011111
00010100010
11010101010
11011110000
00001110101
10000011010
11111000100
11011001001
01110101000
00100100001
00101000001
11001100101
01100100011
00110001111
01010001110
10101000000
11101111001
10010111100
01011101110
11001001010
11111111110
01110010111
10010110000
11101011011
10100110010
11000011100
10110010001
00011010100
00100100001
10110101001
10010001001
10101001111
11110010111
11011011111
10111000111
10110001111
01011010001
01000010110
11010110011
11000011101
01100000111
00010000011
01000010101
00001110101
01101001111
10010100010
01001111001
11101010001
10101101111
11110010100
01101011010
01001111000
00100100111
01101000001
11111110011
10001100110
11010010110
00101100110
10010011101
10010110100
11011110110
01111000100
00000110100
10100101100
01001010100
10000000111
11100000000
00001010010
00000011001
11100001001
11001100110
01111100001
10110100111
11100110111
10011000000
01111101000
10100000111
00011111001
10111111010
10101111110
01010000111
10111001000
01010010001
00100010011
10110110001
00101101110
10010011101
10001000101
10100011000
01110000111
11000101000
10101100010
11011100000
11111010110
00100100101
10100111011
00000010100
00100110011
01010101101
01001011111
11010110010
01100011001
11001010110
01010110110
01010001101
10100100100
00000011111
10101110011
01100011101
00110110100
00101111111
00000010011
00011110100
11110000101
00101111110
01000000111
01010011110
00111000101
00001111100
01010010101
01101011011
01101111010
01100010000
00111010101
01101010111
10101110110
11010001010
11101110100
11001111000
00010000111
00011011111
11010001010
10010010000
10101110010
10111110001
01110111011
01001010101
11111010111
11011011110
00111110101
00110110110
11101011001
01111101101
01101111000
00001101010
00011110001
11000111110
11111101010
01101010010
00001001111
01100001110
11010101011
00011100101
00001011111
11011111001
10110111011
11110000010
00100000100
01100011111
11110011010
01011011110
11000100011
11110010001
00100110010
00000101110
00001110011
10001110000
00111101111
01100010110
10000001010
01000001001
00110001101
00111001110
00101110011
01011100001
10111000010
00011100011
11001001100
00100010111
10111011101
10010000110
10001100001
00010010111
11010000011
00001101100
11000001010
10010000011
00011011100
00111110111
00011110111
00111111001
00100011111
00000110101
11110110100
01101000011
00011000000
11001110000
10011010000
11001100010
01000100010
10010110011
10011000001
01110000110
10011011101
01100101001
01111000010
11001000100
01001110001
00111001110
01000011011
11111101110
11010001011
01111101111
01101111110
01000110101
00010011110
10011100000
10111101010
00000000000
01110110000
01011011100
00000110101
01001011111
11111001101
01101110101
10001001100
01101101001
11101010110
10010111011
00101011011
10000010100
01001001010
11010110100
11111111000
01110011111
00101100011
10101011101
00001000010
00001000011
01000110000
00010011110
01010010010
01001010011
11100001100
11100110010
10010110101
11100111100
10011001101
01011010001
01000101111
10101000000
00110011000
01110000100
11110001011
10001000000
11101010101
11000101000
11100110100
11010111010
10011110111
00100110010
11010000000
11000011001
01000001000
11110110101
01000011110
10101010010
00010101100
01001000011
11110000100
00000011101
11101100000
00000110100
11100001001
01010010011
10010010011
01110010101
00101100110
00010100101
00100011010
10010100010
11101111111
11010010110
01000000000
10001111111
10110001110
11000001110
00101000110
00011100110
00100111001
01100100001
00001000111
01000101111
11100001111
00100101111
00011010101
10111101111
11010011011
00000010110
01011010101
10000100110
10011000011
11010111111
00001001100
10100101011
00111011101
01010001010
00100001110
00111110001
00010100101
11100110001
10100110111
00101100011
11100010000
01111001000
00001011111
00101111000
01011111000
00000010011
01110100101
00101110011
01110011011
11000111010
10111111011
00000000110
11001011111
00111100100
11110110100
10000100011
11010101101
11001100110
00000001001
10100111101
00100011010
00111111001
00011110111
10000010010
01000001100
01000011010
10001000000
01011110011
10011101100
01010100110
10001010001
00110111111
00110001010
00000100001
10001111000
00100011111
00101001101
01011101111
00010010111
11111100111
10100001011
10101101101
10101101001
10101100100
00110100010
11001100111
10001100111
11111000110
00011111011
01100001001
00100110010
01110100010
01110010011
00010100010
00011001110
01100110011
11110101100
10100001111
01111010110
00011101011
11111001011
10001110100
00110111011
11100111110
11111111110
11110001001
00101110111
10100000011
01011011000
11101101101
11101111010
11111010010
00001000011
11000000011
10001010001
11111111101
00110110101
11011001111
00100000000
01110010010
11011111100
10011001011
10100100000
01101111101
10100001000
00111100110
01001111011
01110100111
11011101001
00110000001
01101101011
10101001000
01001011010
10110011001
11000110110
01100100010
11011010011
00101001011
00010001010
11001001011
11000011111
00100001111
01010001100
10000000100
01101100110
01100001011
10111110010
01000011110
00011101010
00010111111
00011100110
11000111101
01011000100
01010110001
01010011001
10000101111
10111100001
10001101100
11010000101
01001111111
11110101101
10011010010
00101101001
01101011111
11000000000
00011000000
00011011100
01000100001
01011101110
10011011101
10011000101
00010101000
11001110110
01100010101
10111000001
11110010100
00001011100
00101010110
10111101001
11010000001
10011100001
01011011001
01001001110
01001111010
01010000100
01010111110
11001001010
00001100111
10010000010
00000111111
01001111010
00110011101
11110011000
01000110111
11100110001
01100100110
10010011010
10111010001
11111111011
10101010000
11101110001
00111101111
00011100111
11111001011
00101101110
10100001010
11001010110
01100101111
10000000011
01001111010
00101101010
10101110111
10011100000
01101110011
10111010100
00111000110
10101110000
01011111100
11110011001
00111001000
10000110110
01000001100
10000010110
01110011001
01100010101
00111110001
10111110100
10000110000
01100101010
00010011011
01011011011
11010101001
01001001000
00011001011
00010010001
00101100011
10000011101
00110001001
01110000001
10011101111
01000001101
00100010101
00111111110
11000101110
11011010010
00011111100
00110111001
11001010011
11000011111
00110001000
10101101010
11000110011
11110100001
10100000101
01100010111
01011111101
11000011011
00111111111
01010000110
01000101010
00001111010
01011001110
10010100010
11000001010
00111100100
01011011101
10101010011
10001100011
11101010101
01111100000
01111100000
10001111000
11111001010
00010010010
11101000010
11001111011
00110100110
11110100001
01010100011
01001010100
10011101110
11000101000
01111100001
10000100100
10011100110
01000001111
10011010110
10101011001
01000001101
10110001110
10000011100
10011110100
01111010111
01000111011
11011010010
01101010001
10111001000
11110001001
10011110001
01100010011
10110010010
01111010011
10010010101
01001110011
10000001010
10100110010
11000010000
10011100000
01011101101
01100010011
11111011011
10111101000
01000001111
10101011010
11010011100
10011111001
11011101000
11010000110
10001110010
10011010000
01001010110
11001100110
00101001011
10011010010
10101000000
10111011000
10111001010
11100011110
11011110101
11001110011
00100111000
11100101101
01111110110
10000010010
00011100100
10110000100
00100101000
01010100001
01010101010
00011001000
01001000001
01000101100
10110111001
01000000010
10110110101
10111101100
01100100000
01110101111
01100000000
11001100001
11001000010
00011100001
11110000111
00011101100
11001111001
11100001001
01101000111
11010100110
10011001110
00011011001
10000110111
01110000111
10110111111
11001101101
01010100011
00111011001
01010111100
10100001111
01101011010
00110110011
10011000011
11110011011
10010111011
01001010000
11101111001
00100001101
00000000111
11110111111
00110101000
01010111110
10100100000
11100000010
01100110000
01100110101
11011011000
11001111111
11111011111
11100010111
10001000011
11100010000
11101110110
11100100100
00010000011
11001011110
11011100011
00011011001
10000000011
10001101110
00111011100
01110000110
10000111011
10111110000
11100000010
00111001000
01011101000
10100110110
01001011110
10100010100
01001100000
11001110110
11011110010
11111010000
11001110000
10111010010
00000110010
01010101010
00100000000
00010101101
11110010100
00110110111
11111111110
10000001000
10011110001
01100100111
01010011001
00011110001
10100011100
00110011000
01010000110
01010110100
00010111111
11101011111
10110110100
01001101111
00011001000
10110000110
01000001000
11100000100
01110110010
10010110010
10100100101
10111101101
11110001110
00001000001
01101001011
10111100100
10011111111
00000011110
00000000101
10000001000
00001011010
00000011111
00010000100
01010100100
01000111010
11101010011
00001010000
01101001011
01000111011
11011001001
01011100001
01001101011
11101011000
01101011010
11110111001
10111110000
00001010110
01110010001
01111000110
00001101101
10100011101
01100101101
11000000011
00100001010
10011110111
01110011100
01110000001
11110010001
10111101010
11001101100
00010101111
00111111010
01101101100
01000000010
11110001101
11001101111
10001100111
10101001101
11010010111
00111000100
11110000101
01001100010
10001011101
11101000000
01110011100
11011011000
00010010101
11101000110
00101101110
01000111001
10111001000
11010111001
01010011011
11001010000
11011001001
01010001110
00011100010
10011010100
10100100110
01011100101
00101001010
10000001100
11010110110
11100101011
00010011000
11010001011
10101100111
01111101100
11010011011
01010010110
01110011111
11101101110
11000000100
01010000001
00111010000
00000000001
01100011001
10001100101
01101100010
00011101000
00001001111
00011110010
01010111010
01100111011
01000010101
01100100000
10001111010
10010000101
10000010100
01101011011
11001110111
11110010111
00100000100
01100001100
00011100000
01111000010
00010000000
01101001101
01101010111
10100110011
01000100110
01011000100
01100011000
01100100101
11001100001
00110000100
11111010101
01110100011
00100001011
11110001101
00000000000
11011100111
00111000110
10101011110
00100011011
01000011100
11101001010
00110010001
00110111110
00100111101
11100000010
10000001110
11111110101
01011100111
00101010010
00101111001
11100110101
10011001110
00111000100
00011011111
00100111010
10000000010
00100111001
10000000111
01100011101
00100011110
00111011000
11100110111
01101011001
01000010000
01001010000
11001100001
00011110101
11010010010
11011111010
10010100101
01110101101
01011101101
10100011010
11111110011
01010011100
00010000001
10000001001
11101011001
11111101100
10100010000
01010000000
00001000001
00001011101
01111100001
11000111100
10000000001
11110010010
11010101010
