00001111111
01100000001
00010100011
11101100101
00110001001
01111010100
01111101100
00010011100
01001000111
11110100111
10100000001
00100010011
00001001011
11101001010
00010110001
00111010000
11011100111
10001000010
01101010001
01100000101
10010000000
00110010000
00110000011
00100010010
01101010111
01100101110
00010010000
11100001001
11111001110
11001011101
00011111110
11011010010
11101010110
10100110110
11010000111
01110011101
10000001101
01000111010
01110111111
00011100011
01001110111
11100011000
10100110001
10110111000
01100101000
00010100111
11010110100
00111101000
01000011111
11001101010
11011000100
10101001010
01110111001
11010110100
10000100000
10000010100
11110001110
11000001110
11010001100
01011011101
11010110001
11111010100
01010100101
10010110100
00100111100
11111101110
10100111111
10111110001
00000100111
11011101111
01001101100
01101001010
01000100101
10011101011
01101100010
11001111110
11101101110
10000000110
10111111010
00001111101
01101000010
10100010001
11010011000
10101001011
01010100100
01111010100
00011110011
10111111111
10011011000
10101100010
10000110010
00100101001
00001100001
10110000110
01101011010
00101111000
01001010010
01001001000
10100001100
00000011100
00110000101
11011101000
01111101110
11010101010
01101101110
10111010111
10100010100
11010001100
10101000110
01001010100
00110101010
01110101100
11101100001
00011010111
01100111100
10101100011
00000101000
10011111101
10011011111
10100111111
01000010001
00100011111
11100110100
11101101000
00100100010
11111000011
01101011011
00111010010
00110101100
00101001101
10100010110
00011010111
11110011001
01000011010
00110001000
01101010100
10100111011
11111000001
11000101100
10000100110
00100110100
11100010000
10010001010
00111101101
01001111101
10000011111
00111010011
01000111100
10001000011
00111100111
11000110101
00000100000
10110001001
10010100000
10001010001
11000100111
10000000111
01100001110
10111001011
10000110111
01010111011
10000011111
10001110110
01110001000
11101000010
00110010101
01101101111
11001011000
00010001100
11001000101
01011001001
11010010100
00000000011
00100000100
00000001000
00000011101
00101100011
01000100101
10111100001
11100100101
01001101000
01010000000
11000000100
01110101000
01011110111
11001111101
01011101001
01111100111
00010001100
00011001101
10111000100
00110001110
01111100101
01101011110
00100001000
10101100011
00101110000
10111011110
10100110011
10010011110
11101011101
11110011100
00001111110
01011101110
11100011011
00001110111
01001111011
01110111010
00001011000
01000001011
00011111101
00100111111
11000011000
11101100011
10110101100
01001100111
01000001001
10011100010
10000010101
10001000111
00001101010
01111000111
00111110001
11011000111
10011010010
11100100011
01110010011
00010000111
10000110100
00011111001
00111000001
00111000011
01110000010
11101001101
01001101100
10110010001
00100010001
10101010001
10101101011
01010110111
01111110101
01000011011
01011010010
00100011000
01111001100
01011100111
11101111110
11001010100
01111000100
01110000010
00010110010
01110101101
00010000010
11100011111
00000000000
10110001101
01100110100
10000000010
10010001010
11110100011
11001000011
00001011110
10111011010
11100010000
11111011010
00001011101
10011100111
00011011101
10010000010
10011011110
01100110100
00001111001
10010101110
01110101010
10101001111
00011111101
01010101000
10110110011
11001010101
00100010000
11001000001
11000100010
11011100100
11110101001
01011110000
10110101001
00111111000
01011000111
00011110001
00011000110
00101001110
00000101001
10111010111
00001100000
00000011101
10001111000
10010111001
11111010111
10100001000
11011001110
10100011000
11011110110
00011110111
00011110111
11010000111
01011101101
11011110010
11010111001
10100101101
10000001101
00000101011
01101101001
00110111100
00011100011
10101001001
01110110000
00011011111
10111111011
01111111101
11110011011
01101011110
10011001100
11111101011
00011010110
11010011011
01100010010
11110101011
00101111100
10001101000
00111010111
00100110111
00110100011
01100000101
01010010001
00100010011
11111100111
11100100010
01010101101
01101110110
10111110001
10110101001
10110101110
11001000100
00110101101
10010001000
00100010011
11011011101
10011001101
11111010111
10000111011
00011100010
11101100000
01111010011
10111110011
00111000011
10010001010
10101011001
00010101101
11101011101
00000000000
10101111110
01011010010
01100111100
00001100100
10001001000
10011000100
10101000011
11110101001
10110110001
00000001010
11001101011
11010101110
11011000101
00001011001
10011110011
00111100000
01010001110
10001000101
11011010110
01111000000
01010000001
00101101010
11000100101
11110001010
01000010111
10111111000
10011110000
10100101011
11111100001
10001001110
10111111100
00101000011
01000010010
01001101010
01110000111
01001010100
01000110110
01011000000
01011000100
11101110100
00011010111
10110110011
00110100110
01010101100
00000110000
01110111011
11011011110
00010001011
10111001101
00100001111
11110110101
01010111000
00101101000
00101001110
00011111100
10011110010
00110010100
11001010000
10100110101
00110111001
11001100101
00100001100
10000111010
01010111011
01010101101
11111010111
11010110011
10010011011
10000000001
10000010111
11110011000
01010101001
00110111011
11000010100
00110100101
01110101110
01101111011
00010000011
00100010010
01000100011
01101101010
11000101000
10110101101
10101101111
01100010101
10000010100
10000010110
01110000011
00101110100
00100000001
01011011011
11000100100
01110001010
10010101001
11010101010
10001001111
01100011100
10110110010
10111000110
11011101110
11000000000
00000010011
01001111101
01101000100
01011111111
00100001001
00010011100
01111111011
01110101010
01011011100
10101101000
00000011110
11111000101
11000000111
11101011010
10011011111
00000011011
11001011111
10010000001
11010001001
01000000111
00100111011
01010111100
11011010100
10101110001
11111101111
01011111101
00100110111
00001001100
00101011110
00010000011
11100010100
00100010111
11001000101
00110000010
10010101000
00100010100
01011011011
10100001110
00111101101
00011101001
01010000000
10101000011
00101010011
10010110011
10111101111
11111110000
10110101011
00010010011
10011100000
10011010110
10001100011
00011101001
10100111000
00001001101
00011111000
10000001001
00101010011
10001100110
01010100000
10111110001
01011110010
11000001000
00101101010
00010010101
01001110010
01101100110
10101110111
01100101001
10111011001
11111011111
11110100100
11111100100
10010011110
01111010101
00001000110
11011101000
10011110011
01111010101
11110001011
10010011111
01110010010
01100000110
11110010101
00110011110
11110101110
01100000101
10011111110
10010100011
11100100010
00000010011
01111011110
11101111110
10011110000
10010101110
10110011101
10101101111
00000110000
10011110110
10010000001
11001011111
10110010111
10011011001
00000100011
10001110010
10000101100
10100010110
00010010101
11110110111
10011010001
01001001001
11110100110
01011000000
00100000000
00100101101
01001000110
11100010111
00011011011
10010101001
01010100001
10100111011
11010101101
10010110111
10000100010
10110001111
01010100111
11110100110
10011111011
10011101010
00011011010
01100111011
10010000000
10010011000
11110101000
00111011010
01001111110
00000100011
01111101010
10011110001
11111110101
10101001001
01001111111
11001101011
10010111110
11110001100
10010100110
10110100010
00110001110
11010100001
11101000000
10010110100
01101111001
11010110101
10101100101
00001110000
01011110011
11100001111
00001000101
10001100111
01010000101
10001010100
00001111110
01000010110
11000011100
10000100111
00010111110
10110100110
01110000111
11110001101
11110001111
10111100000
11010111001
01011000001
11111100100
10110100101
00111000010
00111011111
11011010000
11010110101
01000111010
00111011010
11111111001
11111111101
01101101001
11010011110
01001111100
00001010101
10011111100
01111011111
01111111001
00110001001
11110001001
01110010001
01001011111
10101000000
10100100101
11000100111
01000100111
01111111110
01010000011
10101010101
01011100011
01010111111
10100111011
10111100101
10011001110
00111101001
10101010110
10010100011
11001011101
10100100001
01001100100
11101111000
01100110111
00011111100
10111111010
10001010000
11101010100
11000011000
00001000000
10000010000
10110100000
11001000111
00111101111
11011010110
00110100001
00001111001
00111110011
10010110000
11111001010
11001111101
01111101100
01111100000
01001111110
10110100101
10010111111
00110000000
00011110111
01001011110
01111001000
11000011110
10111000011
11100111100
10001101010
00110101111
11011111000
10001001110
00100100101
11110000001
11100101111
01011010111
10100110100
00111001001
11000111000
11010100101
10010010000
00111011111
10100100101
11001101011
11111111111
10110000000
11100011010
00010000001
10110010101
00010010001
11011111111
10100110010
00011001100
10010101001
00000101000
11100111011
01101101011
00111110111
10000010101
11001010001
10011001000
01110101001
11000001001
00011101011
01000110000
10110111010
01110000111
01111111000
10111100010
00010000000
01110111101
11000011001
11001000010
00110100111
01100010110
01001110010
01010001001
00000100110
11010111000
00011101100
10110011111
00010001101
00111101111
00001011110
11111000101
11101110011
10001011000
01010101001
01010111010
11001001011
01000001010
10110011111
01100100110
11101000001
00101110001
01100011010
00001111011
10101100110
11110111000
11101010010
00011101101
00100101100
00011101001
00110010101
11111011010
10100101101
10111101000
01000000110
11001111001
10010001110
00101100010
11111010010
10010000101
10000010011
00000011001
00110010101
11101100010
01010101001
10011011010
11010110001
10000001111
11010000011
01011110101
00101100011
10000000100
01001011111
10011100010
10111010110
10010001110
01011100110
01100011011
10101010110
00101000011
10000111101
01100100111
10101010101
11100001100
10101001001
01110101010
00011001111
10010100001
00001010100
00000100000
00011011100
10100100001
00000010011
10000011001
11110111001
00111100010
10110000100
10111101001
10100000100
11100011100
10110010000
01001101100
11110100011
00111010111
11000101001
11110001001
01110101101
11011001001
10111101000
01101110110
11111010000
00011110010
00000100110
11010010011
00101000111
11010100110
11001111111
11101101100
11101000101
00101010000
01010011100
01100001011
00111111111
11110011010
00111101011
01000110000
01101011111
10100101110
00100101100
10101100000
00101100101
11100001011
11101111101
10011001100
10010010010
11000010111
01001010101
00111010000
10100111010
11010111001
11011111110
11000010000
01000100100
11110101001
00111110110
00000110000
01101101011
00101000010
00011111011
10110100011
10100111101
11010000001
01101101110
11100111010
00010101010
00111000100
00111010110
10010100111
01100011100
10101000000
01011000010
00011101010
10011010010
00010110101
01000000110
10111000000
01011000011
11111101110
10101101111
01010011011
01011101000
11001001110
00001100011
00010011101
00101111111
10000001110
10000101101
10101011111
10101001100
01100100110
10011111010
11110000100
10110111000
00101010110
00101111001
11111010011
01010100100
00111111001
11010101100
01010110100
10010011110
11100100110
10100011000
01001000111
00101010111
10001100010
00101101011
01000010000
00100011110
01011110000
10100100101
10000011111
10100110000
10000001001
00000011101
00011011011
10010111010
10100011011
00011011011
00110000011
00100010001
10110010111
01000111110
01111111100
11110111110
01011111011
01000011101
01011110110
11011010011
10101100001
00000001010
10100100001
10000100001
00011110101
00010000000
01000001000
00010000101
01001001110
00010010010
10000110011
10000000101
01110000111
10010111001
11111011101
01101001111
01010111011
00011110101
01100011011
11001010110
01010111001
01010010110
01000001010
11001100101
11100100000
10101011111
01010010111
00100100110
10100000011
11101010011
00000001101
01001101000
10101000110
10110101100
11010101101
00100010100
10000010010
00110001011
11100101111
10000110000
10101100011
01100111101
00100101100
11110111000
00001001001
00000111111
10010110111
11001100001
11010010100
01100110100
10010101000
10100010011
10101110111
00011111111
10011000000
01101100000
11000111010
10111101001
10001100100
01011010001
01010000101
10100001111
10001111111
01111001000
11000010110
11101110100
10000101001
00001110000
10111010100
01111011100
11000101000
11011111100
10010110010
00101101010
00010100101
00100110001
00110001110
00110101010
11111111111
11111110100
01001000100
00011011010
11001011110
11000100001
11110000001
00011100001
00101111010
11010100010
01111110001
01011111011
10111000011
00101010010
11111110111
01101101100
00101100011
01111001011
01111001000
10001111010
00111111111
00001010000
01010110011
01100001100
11010110100
10010001011
11100111001
10001001000
00010001110
00111100101
01000001111
10001011011
01011010011
01100000110
10010010110
10111010111
11001101101
00000100010
01100000111
11111111010
00011001000
00000111010
11111100110
10111101001
10100111100
00011000101
11001011101
00100001110
10110111110
01111000101
01001100001
10100001100
11000100110
01000101111
01111010000
01011100111
01000010101
01011001111
01011110001
10110000001
11010011001
00001011001
11010011010
00100101110
01011011101
10100111110
10001101001
00010101110
00001000101
10001101111
11110011010
00110000010
01100100100
11011010010
01101001100
10110011011
01011000111
00101110001
00011111000
11111000101
01101010010
11000111110
11100000011
11001101001
10001111001
11010001011
10011111111
01100001000
10010000110
00000010011
00001100000
01110111100
10000000110
00011110000
00001011001
11111010010
01011110010
00010000101
11000001110
00100000011
10011011110
01101100101
01110111000
10001000100
00001110010
10100001011
01001011110
10001001011
11100011100
10000100001
10101111010
00100001111
00001010000
11111100101
00001001011
00001111010
10000100111
10001110101
00100110011
00000010111
01101010100
11001101010
00110110000
00111101000
01010010110
11010101101
11111010011
10001111101
10111101010
01111111001
00011100110
10010001110
11100000000
00101100100
01000000001
10100010111
10000110010
10100111110
01110111000
00110111001
01000011111
11011101100
01111001111
00100001100
01100000100
01011111100
01110001001
01100000000
00111100010
10000000110
10110100111
01011001101
00110101111
01110010111
01001100101
00000111001
00000001101
01111001100
10011010001
10001010011
00011100001
10111000000
01101011010
10110010001
10111100011
11110101011
11110011100
10010011010
00101100111
11000001001
00010100111
10000010001
11011111111
00001000001
11001010011
11001100001
01001000111
01100011000
00011001101
01001111001
11011100110
00011011010
01100011000
10001111100
01000110011
00111001101
00110011001
11001000111
01111101101
01101101110
01100010011
10100110000
01010000111
00010011111
10110000010
11100011010
10010101111
11100011111
00010000010
00010001010
00110100001
11111111111
11111111100
00110010110
01001001010
00000001001
10100010000
00001110000
01101010011
10010110001
01000000110
01000110101
00011111011
01101000000
10010111100
00101101111
00101011001
01101110010
10011111001
01010101100
01010101111
11101111011
00010111011
10110010100
01110111011
01011010011
00001000100
01011000011
11111111010
10110101010
10001011010
11010111111
01001110110
11100101010
11000110101
01111101100
00011000101
10000100001
10010110101
00110000010
10110011001
00100010110
00100111100
10100100111
00111010110
10001100111
01000110100
01000100001
10000010011
01110110101
01100000110
01101001110
00100000110
10100000110
11100100110
10010000100
10011111111
00110111001
01111010010
01000101010
10110000111
01110111000
00111111101
01101101010
01001101101
10001001110
10001101111
00010000111
01001011100
00110001000
00101010111
11011001000
01100111000
11000110100
00100000111
10101010100
10001101000
00011111110
00000110010
11010110111
11010000000
10101010100
01101111110
11100110110
11111100101
01100101110
11010111011
11101001100
10100100100
11110111111
10110111010
01000000001
01101100110
10010101110
01100110101
01000000011
01010010001
10111010010
01111111111
10101010010
11010100010
11011101011
00110111001
11001000110
10101110101
01010011010
11001001001
01110011010
10010110011
10000001110
11011101100
00110100001
11111111101
10001101010
01010011000
11100110000
01010100100
01001100110
11100100010
00100001111
00010100111
10110010010
10111100010
10101100111
00111111100
11101010100
00010101000
01100101100
01011101100
10110101000
00111101010
01110100000
10100110011
11011101100
00001000100
10010010110
10101111010
01011101001
11110011001
10010000011
01011111001
10001100010
00011001011
00100000100
00011100010
11100101100
10111100000
10011100001
11010010101
11100100000
01000000110
00010011101
01101011001
11000110001
01001010111
01011000111
01000000111
11001101111
11100100001
01111110010
11100111001
00000101001
00100101111
10001001001
11111101111
00101000000
11001101001
00100010101
01111000001
00011110111
10011101011
01111100111
01110101111
11110011110
11001100001
01110111000
01111000011
00011011111
00011101011
11101000000
11010000011
10101011001
00011010010
01001110011
10001100100
10110011101
01001010101
00101100001
01101010010
10010111000
01001111100
00010000111
01010100100
10110100010
00011111111
11010101100
00110010110
11111000110
10011100100
00101111001
10010100011
11111100011
00010011011
01111111011
10001010001
11100110001
00011010111
00001110011
00110110011
00110100001
11010101110
11000111000
10000010001
10010101110
01110000101
00000011011
10110100011
00100110111
10000010000
10011010000
00001001111
00010011001
00010110100
01000000110
10010100001
01011011111
11001011101
01110100111
11101111011
01111010001
00101010101
10100110001
10101011010
10010010011
10110101011
01000111100
00010000101
11110011011
11011000000
11111001011
00001101101
11001001001
00011011101
00100010110
10000000010
00011000010
10000100110
00100001100
11001011011
10100110100
10011111101
00100101110
11110010100
00101100111
01100100010
00111101101
10101011000
00001010111
11100101000
00000010101
01001001011
10010010001
11100011000
00101111111
00011011001
01101100011
01110101110
01010101101
10101000110
10001111100
10100110101
10011101101
11100011011
00111001100
10111110111
00101101111
01001011011
10111100111
01110001101
00111010001
00100100011
01001111110
00111010000
00111110101
00101100010
00011001011
11010101001
11101000000
01001000011
11111100000
00010000111
01011111101
10110100101
10101010111
00100010000
00100010001
00011101110
11010111111
11011110010
11011101001
10000110101
11011111111
11000111101
01001110111
10111111001
01010110111
10101010010
01101110001
01010100001
11011101010
10001001110
00010111001
10110110001
10101000111
10000001011
01110111001
10011110000
01011101010
01000000100
01000011010
10100010011
00001001101
10101111001
11101001110
11011001111
11011111100
00011011110
00110101010
11100010010
11010000010
11000011001
10101011101
11110001001
10111111011
01101000011
10111110011
10001101001
00011000001
10011101110
10010111100
11111110000
00000111111
10000011011
00111010100
01010100001
10110111110
10100011100
01111100110
00011010101
01001001010
01000001110
01110110100
00110000011
10001100011
00010001011
00010010110
00110010110
10100010000
00000011001
11100011100
01101010011
11111110011
01101111011
00011110000
00010001100
10001001111
01010101110
00110001000
00111000101
11000001111
00010100101
00011001101
11010010101
11101010010
11101100001
10110101110
00000101111
01101010101
01101011011
01110110011
00101010010
01110001010
11100100001
10011010110
01110011101
11001110101
00110010000
11110010000
10011100010
11010110110
11010100110
01010010110
11100100011
11101101000
00000100011
11101100011
10010101010
11101100001
10101101001
01101110001
01101100010
00010000111
01111111110
11011100100
11010001000
01011010000
10011011101
11100001100
01111110100
00011110000
11001101011
01110011111
10000001010
10111000001
01000101110
11100001100
11010001101
10110111110
00010001001
10010101011
00110000001
00110110000
11001101111
01110010111
10110100110
10000110000
00001111011
11101000111
11100111010
10110010010
11111100100
11001001011
10110010011
01100001110
01100111001
01000100000
00010001000
00000100011
11111010010
00100100111
00101100111
01010000101
01010111010
00001001111
01110011100
11001001011
00100010110
11000111111
11101001100
10011110000
10010011111
11000101000
01001001111
10110110100
00011111010
11001001000
11011101110
00111111000
01110010111
11111101010
10011001000
00110000100
00010010011
11001011001
00010011101
11101000111
01100100101
01000101011
11100110000
00011111010
10011111010
01010110101
01111000000
10011110100
11000001101
00100110100
11001010001
10111010000
00110101011
10010011011
01111101011
10101001101
10010100110
00111101111
10100010010
00100110001
10111101110
01010111011
01110100001
00001011110
01101111101
11111010001
11001110101
11111101100
10000001011
00011011010
11011011110
10001001101
11111111010
11011110010
10001111111
10101011111
00000111011
00100010000
00001010110
00000011111
01011010111
11001111000
10000110110
11101010000
01001111110
11110100011
01011110111
00010011001
00001010001
00110100101
10100011001
11111100110
10010001010
00010100000
01101100101
00011110011
00110110111
11101010000
11100100011
00010100101
00010111111
10100001100
00110100000
11110100100
10110010001
11000001110
10100000011
11010100001
00000100110
10111011100
10001010010
00011100011
10111011110
00110111110
01101111110
10010111011
01111000101
00111000001
01100001100
11100000010
01110100011
11001101111
10001011110
01101100010
00001010000
10001111010
10110101001
11010110000
10010010011
01100010101
11111101101
01001101110
10001111011
11110000000
10111001011
10011001001
00010010001
00011001101
11100001011
00001010100
00000100010
00010000110
10011010101
00100000110
11011111000
01101011010
01001000110
10110101100
00010010011
01001011100
00001101101
11110110010
01011110001
10100100010
00010100011
10010111001
00001000110
01100101011
10100000000
00001011000
10001111000
10100111000
10001111101
10011101110
00111110010
00000001100
01101100000
11011000010
01101011000
11100110101
10011111001
10101101011
10101010011
10100111001
00101010001
11101110000
01100101110
10011011010
00111101100
11111000100
01111010101
01111101110
11110101101
00110001111
01111101101
11111101101
00111000010
01111000011
00101011001
01111011001
00011000101
00000000000
00011001101
01100110010
00000010110
01101010010
00101101100
01000010111
00111110010
00001011010
01110110110
00111100000
10100111101
11011101000
01011000011
11101111010
00100001110
01100000010
11001011011
01011011101
10001000101
11100010010
10110111000
11111001000
01001110001
01111000111
10110001010
01010111101
01100000010
00001000100
01110011100
00110011110
00001010010
10111110111
01000101000
10011111010
11001111101
10010001011
01010110111
11010011001
11011001000
10000001011
11010011000
10011011011
10010000010
10010111011
11000100000
01101110001
00001000001
00010011110
01110000000
00101000010
10101111110
00100001101
11110100000
01010010101
01100000001
00110010101
01000110011
11110110111
11101110111
10000110001
10111110100
10101000001
11111100111
10011111100
00011110101
11011100100
01101110000
00010011010
00100001000
11010010000
01101111100
10100111110
11000111001
01001001010
11001110111
10010000111
00100110111
00010000001
01011011000
10110010101
01010100001
10011100111
01111101011
00100000111
10101000010
11011100101
01111000010
00010000101
11100111110
01100011011
00001010110
10001011100
11101010010
10111000011
01100001001
10100101110
00110110001
11001110011
01000101111
00011011010
00000111000
10110111010
01100001110
10100000011
01001100010
10111101111
11001110001
01010011001
00011011111
11101000110
10110110001
01100011010
11000100000
01110110010
01010100100
11100010100
10000000111
01111111001
11011110100
11100001010
00010000000
11011101101
10000100101
00100100000
11001110111
00101110100
11000101000
11100101111
11010010010
10000110010
00110001101
00011110000
11000100101
10001011111
00101111011
10011100001
10000010100
01100011010
01001000111
01011001001
00111100000
00000010000
01001110110
00111111111
01010101110
00010001111
01011010110
01110001001
11011010101
00011011101
10111101110
01000110110
01100001111
00000100110
01100100001
11011000101
10100000011
