10001000001
10101001001
01000101100
11000100001
10010001000
00101101111
11101110111
00011100001
01110100100
11100001010
00010010001
10100101011
10100110111
10100111000
10011100000
01010110100
01101110001
01000110110
10001010110
11100010011
10010101011
01010001011
01000111111
01001001101
11101001010
00111001111
11000010000
11001000010
10010000010
11010000111
10010000101
11010110101
01100011010
00100101010
01110011000
01101000010
00100010111
10101110111
11011101100
01111000011
11010011110
01101001011
10000110011
10110111110
01111011010
00110001001
10011100110
10001101100
11010111101
11101001001
00010110110
01110010000
00000001010
11010000001
11010000110
11101110011
01111100101
10110100000
00010000000
10111011011
10100000100
11001001110
10101010001
01100111000
01101010010
11001101101
01000001011
10100101011
01001100101
00011110001
10000100001
10100111001
10111001100
10110011101
00111001001
00101111111
00011100001
10010010010
01110100010
00100011101
01100110011
11001111000
10001101101
11100010110
10010000001
01111110100
00000101000
01110100101
10011001010
00000110010
00100111101
10110110000
11110011001
01111010110
00000000011
01001110000
10111101100
00100101011
01001110011
01100001010
10000000011
10101000000
11000010001
00100010100
01011101110
11101001100
10010101110
00001111110
11101010110
00010111101
11111110101
01110101111
01100000111
10111100000
10110011101
11101100001
00110010000
01110000101
11000101110
01001101011
11000010011
11011011101
01111000011
10110010100
01010110011
10101110000
11011011010
11111001010
01100101110
11101110111
11011110101
10010110111
01111101001
10101001111
01001110100
11111110111
01000001110
10000101011
00100110111
00001001011
00101100100
10010010011
00001010000
10000000110
00110010011
11101101100
11110100100
00101101010
01010110000
11101101011
00101011010
10111001101
10111111111
01001010110
10101101001
11011100000
00001000011
11100010101
10101111001
01101110100
01000101110
11110001110
01100100100
10010110001
10000010110
01111001010
01000110001
10111110010
10010000000
11101110001
01101011110
00100100011
01010100111
00101001100
11101011110
00101101011
01011110101
00101100100
11100101110
01111001011
01101110100
00011000111
00111111000
00101110111
00011100010
10111000101
11001100101
01001000000
11010110100
01000101010
11000011000
01010100111
11111010001
11010011101
01000101001
01111101101
11110100011
11111111000
11111001010
10101110110
00011100111
11101010111
11111011100
01111101010
10010010101
10111011011
00110010111
10011000010
01000100010
00010001001
00010001001
11100000001
00001101110
11011010101
00100101110
11101000011
01010011010
00000010100
11000000100
01011101001
00100111011
00010110111
01000000000
00011000011
00110011100
11111010110
01111111010
10111100001
01101111111
10100001111
10100100111
11010101100
01111100011
00000100100
00011001100
01101011100
11010010000
01000101101
11010010001
10010110100
10101110100
10001001011
01011011100
11011101100
01011111100
11011100011
10110000001
01101010011
10110101011
00110100010
01000101000
11110101000
10010011101
11000111101
00001110111
00001111010
10111101111
01000100011
01111110001
01101011111
01000101111
01011000001
10100101010
00100110001
00010101110
10110100100
10110001011
00100000110
00110101101
10010110101
00110101011
01110011110
01110100011
10100000010
01111100110
00010111001
01101100001
00111101100
01100101110
11000111110
11010011111
10111101000
10000111001
11011101011
00111011101
00000111000
01001100111
01111111000
01100000110
01001001101
10101110011
10111001001
01010001101
00111110011
01100111100
11001000011
00111011100
11111101010
00001011110
00010110000
11011010100
10000001001
00101010000
01111101010
00011010110
01100111001
00011110110
00010100100
01101101000
11101001000
11111101101
10101001000
01100111111
11101100011
11001001101
11111110101
01001110001
00001010001
00101011011
10011101111
10110100110
01101101110
00100110111
00100011001
00001110100
00111111000
10010011001
01000100010
10010101000
10111001011
01100110110
10010101111
00010111101
00011110110
11111000101
01010101001
00110111111
00011100010
11101011011
00110111111
00011111100
11011010011
01000010011
10000100011
00101110101
00110001110
00110000011
10100010001
10101101100
01101111101
01100101011
11010000010
10100000001
01100100110
11100011001
00010000000
10010101101
10111011000
10010000010
10110111010
11001001010
10000101111
11010011100
11010101010
10000000001
00100111000
11100011110
00100000110
11000011101
10001011101
10101101001
00000000100
11100101101
11110011000
00010111000
11100001111
10000001000
01001100110
00110001011
10111010001
10001110010
01110011001
01110010000
00101001110
00110101010
10001101001
00101101000
01101111001
00101100001
00101111100
01111110100
00101000101
01111101101
00100011011
00010100010
01001000110
01000001010
00100011001
10111111010
01111111100
10101010100
10100110000
01011000111
11111000101
10011111100
10011110011
11111101010
11100010000
00001011111
00110001100
11001110001
00001001101
11000001010
01111100110
10001001000
11000101010
10001010100
00000100000
00000101011
10110100000
01000111010
01110001000
11101010001
11010101100
00010001110
11010110100
01000111101
10101101001
00111010011
01010000010
10100101110
10110101101
00010010001
11101011011
11101001011
00111111010
01100100000
10000001011
11101010110
11010011100
11110101010
11010000000
11000001100
00011111001
01011000110
10010011000
11110110100
10010111011
10001011100
00111010000
11001101011
11111001111
11101011101
10111011111
01000001110
11010101010
10011111010
10111000010
11110100100
11010111010
01111011000
10111110001
00100110100
00011100110
00001111001
11100110101
11111100001
11100111100
10011101110
01011111001
01000011011
11011100011
01001100001
10110010111
11100100101
11010111101
11101000011
00101000111
01011001110
10010101001
01110010000
01101010000
10011010001
00001110100
01010101001
00111111010
01100010110
00011101010
11111101000
11111001001
01100101111
11100011001
10011001000
01011010110
01010100110
10101111100
01101001000
11001110010
11001010110
10101000101
11101001111
01111101100
11101101001
11110010110
10110101010
10000100101
10111101110
00000010110
10001110111
01010000000
10110000110
01110111010
10111110101
00000010111
11111010101
11000110110
01101100100
01110111011
10110000011
11101111111
00010101101
00100110011
00011011100
11000111111
01111001101
10101010100
01001101101
11011101011
01000001011
11100100111
00101101100
10011100010
10001100000
11100011000
10000100011
01100111000
10000000111
00001110101
10101110111
01110001000
10110001010
01000110000
01010110111
01000011101
11010001010
00111000000
01011111001
01101100111
11100010001
11101001100
01010011111
01100110110
10100011111
10010010010
10110100010
10001010011
01110010110
01000110100
10110100111
01010010100
01010100011
01001101111
10010010111
01011010010
11010000100
10010010001
01110110110
11010110101
01110000010
10101110010
11110111011
01101000100
11011001001
00011010100
00100011010
11010001011
00110000100
01011000110
11011011001
00111011001
00011010111
11001010011
11100011010
00110110010
10111101000
10111000010
00001011110
00110100001
11011100101
10101101101
10011100000
01111011011
10000000110
00000000001
00101000111
01010101101
10011111011
01011000111
01010011001
01110000001
11000000001
01100100110
11001000000
01011000101
01100101111
01011101001
11101101101
10011110010
10010100100
10011001001
10110100010
11101101100
00101100001
01011001001
01110100110
11110110111
01100100110
01101101101
11010011100
01011111001
01101100111
00000100000
10101101101
10110000101
11010001011
01101000110
10011011111
11111000011
00110001010
11101111001
10001011010
10000010000
11110110110
01011010001
00100111100
01001011110
01010111010
00100010100
10100111101
11100111100
10111010011
01101001001
11001000101
01010011011
11011100000
01111011000
10001001110
10111011000
01100100011
11101001010
10111010001
01011101011
11010100111
01011111011
00110100110
11010101001
00111111001
00100001001
11110001110
10010111011
00000010100
10101001111
11010010001
10010010110
10000110010
11011010101
00111111001
00010011000
10101111011
00111101100
11000000011
01100011000
00101110011
00111001011
10010101010
00000001001
10011011000
00111101001
01110010011
11110100111
00011011101
10011001101
01100011011
00010100010
01110100011
00111111011
10100110001
00010110011
10100010110
10000000011
10111101110
00011111011
00110010110
01110000011
10110111110
11000010001
00011011101
01000010101
11011111011
10011010011
11010111010
11001110101
11100110001
11000111000
10100110010
11110101010
10110101001
01010111110
11111111111
11101110110
10101010100
10010011011
01110010001
10000011101
00100100010
11000100001
10010011011
00001000001
11010011011
11111100111
10100010110
11001011110
01110111111
01110001011
10010010000
01010010101
10101010000
10010001110
01100110011
01001010101
11101000010
01101101010
11111011100
01100110110
00111100010
01001111010
01110000101
11000100011
01001100001
11110100111
01101110100
11111101111
00111011111
00110000011
00100001000
11100001001
10011001110
11110100100
01001010110
10000100000
00110111111
01111101010
11011110001
11000000111
11101110110
01100111011
00111100110
01100100101
10000101011
01111000101
00100100111
00001110111
01010101000
00111101111
11111010011
11011011011
01011111000
10100011001
01111001101
01110011000
01111011001
10000110110
00110011101
11111100101
10100101100
01011011100
00001110000
01000000010
01001100010
00010100000
11111110111
10011110011
01111001111
00101101001
01101010000
11110011110
11010100110
10000001010
10110000000
10001000100
01100101101
01011100010
01110001011
10100001111
11101100101
10001010110
10110110101
10111100001
00001111101
00011011100
00111011101
00100101111
10000000010
10000000100
01011010110
10010111001
11101010111
10101111110
00000011110
10100011100
11110000110
00011111010
00010000110
01111010011
11010101000
00010111101
00101011000
11100011011
11010101101
00101110110
11001100011
01110100010
01111010000
11111001010
11010010100
01010111111
10011101001
01101100100
10000100110
00111111100
00110000101
11011110111
01111111111
10111011011
10101010000
00110000111
11011001000
11111001001
10000010010
11101100000
11000101011
00011010010
01110110100
10010101000
00111000011
10000100111
10010101010
00011100100
10100111111
11100010111
11000011001
01111111010
00010001001
01100111010
00101110101
01110001100
00011101111
00110111101
01101000000
10101010010
11010011011
01001001110
10111001110
10010110111
11111101011
01100011110
10111110100
01010010100
01110001010
11111000001
01100000001
10000011111
00100110100
01100111110
00010100100
11010111101
10011011001
10001100100
10010111111
00101000110
00110011001
10110100000
11100111101
01001100111
11010110011
10000101101
01011001110
10111011010
00100000111
10010001001
11110000011
10111010001
01110010111
01111001010
00000001110
11010010010
01011011110
11111111000
10000101100
01100010111
11100110111
11010011100
10100011001
11100000001
10011011111
00011110101
01110111111
00011010111
10101110011
11101011110
00110111111
11100001011
00011001010
01111001101
00100000110
01110011111
00101000010
11001011100
00000001111
00010000000
11110100110
00100111010
10001011001
11111011110
10101000001
10011110110
00001010110
10101010011
10011110100
10011100011
01010001101
01100110010
01100000001
01100001110
00000010110
11001110110
01011000011
10101101110
10000110010
00001101110
11011011010
11000101010
10101001111
00011111010
11110100000
11010100100
01110101011
11101101011
10011100100
01011111000
11000000110
10000001010
01111111100
01001011001
11111001001
01010100101
01000000011
11010001111
10101111000
11110000110
10010100010
01000111000
11100001111
01011010001
00111010011
01101110001
10110011001
11110011001
01011101101
00110000110
11111001011
11010001010
11001001001
10101111110
01110110011
01000110111
10101110110
11111101100
01110010010
01111110001
00011111101
01111101001
11101011110
00101011101
00010001000
00001001111
01001110101
10000010100
00001101000
10010000010
11111110001
00001111101
11110110100
10001101011
11010010111
01001010111
10101100011
01001000010
00010001011
00011101010
00001010101
00110110110
10100000100
01010001101
11010000001
11000010111
01110101000
10110101011
01010001111
11010000110
11001011101
10001111111
00001110001
10011101010
11011011101
11011111000
11000111110
01010010100
01101000111
01111001100
10111100111
01100001100
00011100011
00101101100
11110010110
10101011000
00000101101
10000110100
11110101000
00111101100
01100000010
00101101000
00001010111
00110100100
00000010001
00101010111
10111100100
10010011010
10001010011
01100010000
01100011111
10011110101
10001001011
11111100111
00110101101
01101101110
00011000011
11010111100
11110000111
00000001111
11110101101
11010111010
01100011011
01110001000
10000100100
11010110100
11111101100
00110000110
00001000110
00000110110
01011100011
10001110010
00101010101
11000000110
00000100110
01101000011
11011010111
10000100110
11111011010
10011100101
00010111000
00001011101
01101010101
01100101001
01110110101
11010111010
10010010111
00011010010
00011110001
10011111101
10010111011
01010010001
11000000110
10101010010
11111010100
01100100100
00111010101
01110001000
10001000001
10000011000
00011100100
11111101001
00100100101
10010110001
01010011010
00000001111
00000101111
01101110011
10011100000
01100111011
01100100010
01101001000
10010101100
01000000110
01100010000
01110111100
01100010100
00001010001
11111001001
01010001110
11100111100
00001011010
00101110100
01010111111
10001100101
00101011001
01010100100
10101110000
11111010100
00010010111
10010100110
11000100010
11100001010
11101000000
00110111011
01010010101
11100111001
00100011111
10000101111
10101001010
11011110101
10111101101
10101110001
00111010110
00100111001
01000000111
11110000010
00111010001
00010011001
01110100011
01011101011
00101000000
11110000010
00101010011
11011000001
01010111010
11101100000
10001100111
00101000010
10011011011
10110111001
00000100101
01110010100
11100111111
00111110110
11100001100
00000111110
01110011111
00101011110
00001111101
01111011111
01101101100
01101000001
11001001101
01000111100
11110111001
00001101111
10101101101
01101001001
10100011000
01011101110
00000000001
00111001101
11100101001
11010111011
01100001010
00111011111
10001000111
00111110100
00011000100
10101100111
10000110100
10101011011
01110011011
01111010111
01000011111
00100110101
11100000110
00001001010
00011111000
01111100010
10100100011
01100100010
10101010011
11100000011
10100110100
10110110011
00111110011
00001011110
10111101000
11010111110
10101100011
00100101010
11101111100
01010011000
01011100011
11001011111
01010011110
11111011100
00011100111
00001111011
01101011001
01110101011
00101000100
10010011001
00001010000
00100000001
10101100010
10110101110
10100110000
10101001010
01110100010
00111100001
11001001011
00010010110
00000010000
11100001111
11101010010
10111010111
10011010100
11100100000
10110010010
00100111011
10010101111
11000011100
10110111000
00111001100
01011001000
11010110100
11111010001
10011110001
01110111001
01011010001
10101110010
11001100100
10110110101
11101001110
11001011111
01011010111
10100010011
10100011010
10101001100
11000101000
10010001110
10100111010
00110001111
10111000101
01001100111
10001010000
00001010001
00100011011
01000010010
11110101110
01111011100
00100111100
11111111110
01011000101
00011010100
10010110100
10100011001
00001100101
10001000010
11101000110
01010000001
11101110010
00010001010
00000011010
10100111110
00010010000
01010110111
00011010100
01101011111
10001001000
00011100111
11000100101
01110101101
01010111000
00011001000
01011011100
11110011011
11111111100
01010001100
11010111111
01001111101
10010100111
10010110110
11000110100
00101001101
11111001011
00101001100
11001111000
00001100000
01111010001
11101010001
11010010000
01000110101
00101100010
11110111000
00100000011
11000001101
01001110001
00001100001
11101010100
10000111010
10100111101
10100010111
10001101101
01001000101
00100010110
01001000101
10111110111
11111110111
10001110101
10101000111
00010111001
01101000011
00010111111
01011001011
11000001100
00000000110
00110001001
11110100100
00010100100
01011110111
00000010111
00001001011
00000110011
10001010111
01010000100
01011110110
00101101000
00001100111
00000001111
01011101001
01000110110
01000001011
11101011100
10011010111
10101111110
01100101101
01011110111
11000011100
11000010110
00000101001
00110101101
00111000111
10110110111
00100111110
11111100110
10101001000
10110000101
10110011110
11100110111
11110110101
10101101011
00111010011
11101000111
00011011001
00110100101
11010010001
10101011100
11110100001
10000110001
10001000001
00010111010
01101101101
10110011111
10001100101
10010100100
00001111101
00100001100
00111101100
00011100100
11000110000
10001010110
00010001011
11000110110
01011101001
00001010111
11111110000
11100001011
11100111111
01010101100
10000011000
00110110001
00010000100
10000011001
01111100000
10101100000
10000101100
11110011001
01110000100
10101110000
11101100111
00110101111
00111011000
11101101111
10011100111
01110101001
10111000100
01100110100
01111000000
01101011100
10011110101
00101010010
10010011100
01100000110
00010010010
01000011101
00110100100
11100100010
01011010001
01001100001
00100011111
11000001011
00011110111
10100000000
00101000000
10010101001
01011010001
01110100000
11010010110
00100000011
11101111111
11101011001
00100001000
11100010011
11010001111
00000011010
10110010111
10100100011
10010000111
01101110110
01000001011
11100100100
10100100011
10100100111
00010011101
10010000010
00100001010
10011000101
11100010011
00110001000
01000001101
01000100100
01011010000
10100100110
01001100110
00011100000
10011101011
01011011101
10100010100
00010101110
11000101110
10001010111
11000101000
10010011000
11100011011
00101011100
11110000010
00110111110
10011001110
00101010000
11001100011
11111110010
01010011101
11111010000
01101100111
01001000101
10011000101
00001011000
11000100110
10001000110
00111000001
11101101100
01010000101
01110010011
11101101010
10100011111
00010000100
10101000111
10101001101
10011111001
01110000110
01110001110
00110101001
00001100001
01011000100
10001100111
01010000100
00001000010
01001100000
01110011001
00010010111
00110111101
00100100001
10011101110
11010101101
10011111100
00101111111
11001000111
01010001101
00101101100
10010111001
11001100111
00000101010
10100101000
10001000010
00001001110
11101111101
01011001101
10110010111
11111011000
11101111010
00010010001
00010111000
01001001000
00101110110
01011001110
10100011101
10010010110
11010111101
01111001011
11011100101
11111110000
01101000010
11100100100
01000001001
10011010111
00011110010
00011110010
00011100011
10011101000
11101001101
00101111010
01111110111
00101111010
10011100101
00001001011
11010010000
11000111000
00010000010
10000001110
01111110001
01011011110
10101110001
10101000010
11101101000
11001010111
00111101001
11001110011
01011100000
11100101101
10011110110
11000010100
11111110010
01101001011
11101110110
00000111100
01011001011
01010011111
10111001101
00100100010
11010011101
10010011010
00011111000
00111101100
00111101101
01100110111
10010100000
11110011110
11010011010
10101110011
01111110001
11011011101
11010110101
01101100010
11111101010
01010110000
11111001111
10010110011
11100100111
01110101100
01111101000
10010111010
00011101111
00011101000
11011011000
01011010111
11010111111
11011110101
01111110101
10100101011
01111101001
11010010000
11101000011
10100001111
01101111100
11001010101
01110101101
00111001101
11100000000
00110010101
11000001001
11000101111
10101100111
11010000111
01010010101
10111110000
11101010110
01111110110
00000000001
10000101110
10110111011
00000101101
10110011111
01010000111
10000010111
10101010000
11011001001
00111111101
11100011001
10110100010
00100110001
11011110011
01100001010
10110001111
00101010010
10011110011
00110011110
01100100011
01000001111
10101101001
01001110101
10100100000
10010010111
11010011101
11010001110
00101100011
10100110001
10101111000
00100111011
10010001000
01011000110
01101001101
10110100011
01100101000
10100101011
01110100100
11110110001
01110000111
00010101101
00010001111
00011001101
01001000011
00010111100
01100100000
00010101001
01110111101
00100111001
01001100010
01101100001
11000011111
11010001110
10101111001
01111000011
10100010100
00101010011
10001110001
10101111101
10100010011
11001011110
10111110101
01111011000
10110100110
01111000000
00000010000
11101101011
01010100011
00111100101
11100110011
00111111100
11000111001
00010101001
00011010101
00000100001
00001011100
00100101011
00001100010
00100010011
01000110110
11100100111
10001010101
11010101101
10001101100
01101110111
01000111111
00010000101
01110010110
01000000001
11010001111
00001110101
11110001010
11010111001
10101100110
01000011100
00010010001
10010100011
10010011010
01110101100
00010011101
00001101000
00010101010
10010001101
01000111010
11110100010
10010011110
11001111010
10011000100
01100111111
11011101000
00000100101
11101100011
01011110111
11101111110
01011110000
11101111011
10110000010
11101000110
11101000110
11110010111
10100010101
00111100101
01001110000
10010110110
10001010001
01110111110
10101010010
11010101010
01001110100
10111101101
00111101010
10011000111
11000001001
00011010101
01000100010
10000000101
11110101010
10100011011
10101110000
11011100011
10110111111
11100001001
01100101011
11110111000
11011000100
01001010001
00101111100
11001011001
00110110001
10111101110
00110101101
10110101011
00000010101
00110010100
11111110111
00100000001
00101110001
11010111000
00100000101
10101101111
11000011010
00100101011
01111111011
11001101100
11101101011
00101100111
10011110011
11010010000
01011100101
11100110110
00111100101
11010001001
01100111100
01100100011
00011100011
01010101010
11101001101
11110011101
10000011011
11000011101
11001111001
01111010111
11011011110
00011100100
10001101100
00110010000
00110110111
11010001100
11101010010
00010010111
00010100011
10100010000
11000011111
01000110100
10001101011
00001101001
01001101010
01110000001
00101101111
11101001010
10001000000
00100001100
10101101010
00011000011
01000101000
01110111000
00011100001
01011111010
00001011100
00100110111
00001010010
00001011110
10110011101
01000101000
10110100001
10011010010
10100111111
11110111011
00111010100
01101111111
10111110001
11110101010
11110000011
11110100001
01000011001
00101110100
11000001011
01001101100
10101011011
10001010000
01010010110
00011110000
00101101000
01101101000
10111110000
11110000000
10101100101
00110110110
01100100101
10101101000
11101010110
00010111101
01011001000
11010011011
11101100010
11000000001
00100110000
11100001011
10010011111
10110111000
11010001011
00001010010
11100011101
10111101110
11100101100
11110000001
10100100001
11110000010
00100001111
10001111110
01010101001
01011010010
11111110100
10001000100
00101111100
01001000010
10110111011
10001000111
01010110100
11100110111
01111100000
10010001100
10111110111
11000011111
10110011101
01111000101
01010001110
11100101011
01110001001
00110010111
11000110101
00110100101
10110010011
11010011001
01111100010
00111100110
10110011001
00100101000
11011010010
01011110100
00110111010
10000100100
00110001010
00101111000
01111000111
11101011100
11110110111
10101100110
00000111010
11001110010
10000011111
00000110111
00100101100
00010100000
10000010001
01001111110
01011001100
10001101111
01111010010
01010110001
01110101111
11101101111
11011010111
01000101011
10011101111
10110110011
01101010001
10100101100
11110010110
11010110101
00101010110
01111011101
01001110101
11011111010
00001001110
01110001100
11001000010
11001001001
11111001001
01011010010
11001000001
11100000100
11111101001
11100010110
10011010010
10000111010
11110100101
10010111100
11001111101
10001010100
01110001000
10101001100
01011111001
10101001101
00100111001
11000010111
10000110010
11110000010
11111010100
10101011011
10011011101
10110111110
11100111101
00011010011
11110011010
00011110100
00001011100
00001001101
10000101010
11010001001
00111000010
10101000101
00010000101
11101111010
11111111100
10001100011
00010011000
00100000100
01111110100
01101010010
01010101000
10000010011
11101010011
10110101001
01111011111
00000111000
01011100000
00111000001
10000101100
