01000010110
01010010100
00111010100
01101111000
01100110001
10101010011
00011100100
10011111000
01110110010
01000101001
01101101011
00000001010
00100100101
00000011010
11110101111
11000010101
01110100101
10011011010
11111011111
00000101000
10111110011
00011111011
10111110101
10010111000
11001000010
11001111100
00101011001
01001110010
00011001001
11010110110
10100001010
10100100111
10010011100
10101010111
10110011101
11100110110
00100101101
10001100001
11101111101
00001100100
10000111001
00000010010
10011000011
01010110010
11100101000
00001100001
11110110111
10100011100
01111101101
00001101000
11100100100
01100101110
11110000110
01000110010
10011000110
00010101111
00101110001
00000011011
11101011011
00011001001
11011101101
00001111010
01000001001
00111100001
11110001100
00111101010
11110010111
11100001100
10010110100
01101010011
00110010010
00100001011
01110011000
11100001011
10000111001
11110110000
11111010000
01011111000
01000001000
11010111011
10000111010
10011001011
01100000001
00100001110
00111001110
00100100011
11010011001
10011100100
10001001001
01010111010
10010001111
00010101001
01000111000
11001010001
00001100001
00000010000
10110111010
11011110101
10011100110
10011101101
10101100000
10010001011
11000100100
00001101111
11111010111
11000010001
00100010101
11001001100
10000001001
11011001100
01101011101
10010110101
00110000100
01101001110
10010110010
01010010110
10110100101
01001000011
11001100100
00100011111
10101011101
10000000001
10111110001
10110010000
10001001101
01101110001
00000111101
01001100011
11101010000
00100100110
01001000111
10111001100
00101110010
11000000001
11010000010
01000001001
11011011010
01101100001
11111111001
11111001110
01101011101
00001110101
01001000110
10100000111
11010110010
11111000011
11000000100
10111111100
01110111000
01100001110
00010001011
00010001111
01001100111
01101110110
01011100110
11011101000
11110101101
11101101011
01111110111
10101111110
11001000000
10111101100
10011001110
11100110001
01111011101
00011000111
01100000110
01111101000
11011011011
01010010111
10111100100
11010110010
01101110111
00101011001
01011111000
01011001000
00111011110
01100100000
11111111100
10000110100
10001101001
00011101000
00011011111
10111010000
00111010011
10011010000
11001011010
10101100010
00110111100
00010011000
01000001100
10010101111
01111001011
11110111100
00110101011
11110010101
11111100000
00110011101
00110100011
11001010100
00101100110
00000010110
00000010001
01010101011
11111111000
11111100101
01111011101
00011010001
11100011010
10100011101
10000100111
10001101010
01010110111
01100101000
00010011101
10111110010
00011001001
10101111011
10001000010
10111101101
00101100110
01111011111
00011111010
01010010001
00111111100
10011101101
01101110001
01111011111
00010110101
00101100011
10010010010
00110001100
11000010011
01100011001
01000111110
10011100010
00001100101
10001011110
10010100000
01110110001
00010001110
01111100111
01100010101
11010001111
11100000010
10010101000
11100010001
00101000100
10110110011
10000001110
00010100101
11110000111
10111110111
00011111011
00010110001
10001011001
01011101001
00010110111
11011101011
11111110011
10100101110
01111001101
01101011000
00101101101
10110111001
00110010111
01010101011
10111111011
11100110100
11011001101
10010111010
11101000001
11001010011
01111000110
01010111010
10110111111
10101110111
10000001110
01110011110
00100110101
11011111110
11011110001
01001110100
11001011011
00101110100
01001000001
00000110011
00011110010
01100111010
10010101101
10011100010
00111000100
00101111010
11110110010
01100011000
11101101010
01000000011
01011011101
00111001010
10011011101
01001101011
00000111110
01011100110
01010001010
00111111110
00010001010
01011010101
00100010000
00100010110
00010111101
11110000101
00100001000
10001101111
10100100100
01011111011
10000011011
11110110001
00010001000
10011011111
11011000111
00000011010
11111011001
11000001110
01011000110
00100011101
00010101001
10101100101
10001001011
01000101011
10001110000
01001100011
11110110100
11111101000
11010011110
11110111000
11000111111
00010000110
01110100110
01010110110
00000110100
11011110111
01001101010
11111011100
00111100001
00010110010
10011010110
00110111101
11100100000
01101011101
10101000010
01000110111
10001100010
01001111100
11001010111
10001100010
11000111100
11010110100
01111100110
01011111010
00100111110
01001010010
01111110101
11011110001
01101100011
11110001000
00101001011
01111111100
00000011101
00110001010
01001000100
01001010101
11100011011
01100111101
01100011111
11111100110
11110101110
10000101001
10001010100
11001001010
01010010110
01010111000
11011000110
11110010010
00000001011
10001010100
10101101110
11010111000
11011010100
00100101011
10010010111
00101101000
01110111001
00111110100
00010101000
00101110100
10101101100
11000110011
10010111111
01001011011
11111110001
01111110111
11000011101
01110001010
10001111001
00110101000
10101111011
11011011000
00110111110
01100001011
10001110001
00001011101
01000010010
11001010011
01100000000
11100100110
11110100111
00110110011
11100110111
10011001110
00011011011
10111100100
11111110000
01000000110
11011011101
00111000100
11010010001
10100010110
10010010111
01011010010
10010011111
00001010010
10001111100
10000100001
01111101000
00010111101
00001011110
01010110100
00010111011
10111111000
01000000111
11011100100
11010001010
01010010010
01000111100
11111100000
10010001001
11110010000
01011001101
01011110100
10100001101
00110001011
10110011011
01110010001
11000011011
00101101100
01100000111
00011000101
10010101110
11111011001
00110110011
00101111110
00000011011
11001000110
00010010111
10011000100
00011001101
10111100011
00100011110
10010111000
10101101111
11001011110
00010100110
11011010001
10110000111
00110011010
00010100001
11000101111
01110011011
11110100010
01010010100
01110000100
00011110010
00000101010
10110101000
00101000101
01011001010
10110010100
10001111110
00010011100
10100011000
11010111000
01000101010
00110011101
00011011100
11000011101
10100011111
00101010001
10100001100
00110011001
01010101101
01011000101
11010111000
01110011010
00110000001
11110000001
00111110010
00101111110
01000111100
10111111001
10001101100
10110101111
01100101001
00100110001
10110110111
01010101010
10011011111
00110111010
01110001111
00100100110
10011001111
00001101001
11100010111
10111001110
10001000010
10010011000
01011100101
00101101010
11100001111
01001100001
11100100101
00010111110
01000100011
00000001000
00110000000
01010001110
10100111111
10011011000
01011110111
01111110111
10011001111
01101011001
10010101110
01100000000
01110011100
10010101011
10010110001
10000001010
10100100011
01000101101
10110111000
10111100110
10110000100
01001001100
10100100110
10110100101
01001000111
01001010111
01010000111
01100101000
11011010100
00111011011
11100110001
11110000101
00000100010
00001010000
01110000111
11001011100
00000100101
11010100101
00010100101
11011100000
10000100000
10011000111
11101011101
10011110011
01101101000
00010100010
00111110100
01111011101
00000001110
10100101000
01101100111
11101100010
01101010010
10111000010
00111010101
00001011001
01010101101
10010011110
11101101110
11001000011
00111110101
10111001010
10101001000
00011111110
00001000101
11010000110
01101101100
10001110100
00110110110
11000110000
00010000100
01001001001
10011010111
01100011101
10101001011
11101100000
00001010000
10011111100
01101001100
00100001011
10011000101
00101010100
01000010111
11011100111
01101100110
10000010001
10001000000
00100010000
01101101111
10110010110
00100100101
01010111010
11111101100
11101100010
00110000100
00000011001
11101100101
11001101011
11001011111
00110001000
10100110101
00000011010
10011101111
11000011010
01011101001
11010100000
01100110100
11111101001
01100001000
00100011110
10001010111
01010100100
11001111111
11111010111
01110011001
10100110110
10000100000
00001110101
10101101101
11000010000
00001001000
10101111100
11101110111
11110100111
01011110100
10110100001
10001011000
11000010011
11101101001
00100010111
11110010011
10001110011
01110101001
11001110100
10110000100
00111011111
10011111110
11001001001
01111001000
11110011111
01100110100
01010111010
11111111101
10000110001
00100011011
01010010000
10000111111
01111001001
00000100100
10111001100
10000110010
01111111001
10010011001
10011000100
01100001100
10110110001
11010100111
10100001000
10001000110
11111110011
11011110110
01110001101
01011001110
11110111001
10000100000
00111001101
10011100000
10101110101
01110101000
10110001101
11101111111
01110011101
10010000001
01011110001
11011100001
11111011001
11011101100
10101011010
00000001000
11000000101
10101000100
11100000110
11000110101
01101011010
00101100101
11010111001
10111100100
01100010111
00000011010
00111011010
10111111011
10000110010
10111001111
01100001101
10000110101
10010000010
00101101111
10011110000
01110000101
10001010011
10000010101
00011100001
01101111010
10000110010
01000011100
10111000100
00000000011
10110010011
01100100001
00111001001
01101010001
00011110001
01111100010
00000001010
10111111101
11101111010
01111001101
10100111001
00000001010
00111100101
10000101000
00011001111
00011001000
11110111110
10111000000
01111010101
10101010001
11000010100
10011101110
10110000110
10100000111
01000001011
00100011010
10100000110
01111110010
01001000111
01001100011
00110111011
00101100111
01010110110
11000111100
00100111100
11110001110
10010110011
01110111100
11001101010
00000101110
10001100101
11011011011
11001001010
11011000100
10100010001
11111100110
11010000011
01000100001
00000101100
11001101110
01000001011
00010001111
10010100001
01010101001
01111111111
01100000101
01000011000
10100111111
01110010111
00001111001
00101111101
00101001000
11111101000
11011111100
01010000100
01100010110
00111000001
11100011011
10111011010
01100000110
01010010101
01111101000
00101111010
11110101101
11111110110
11100001010
00110110111
10101110011
11111010100
10110100101
10000001000
01011010011
01101101001
11101101100
11001010100
00101001110
00001001111
01100001000
01111001001
11110010110
10010010101
00001001100
00000100010
01111010111
10101010001
00101101100
11111101011
01110111000
01100000110
01011100110
00000010000
00001100110
01000001110
00000110111
11011000111
01010100000
10101101010
11000000010
11111010101
00001100111
00110010100
11111110000
01100011011
00110010100
00011100100
00001001010
01010101011
01001101000
10110001010
10011100101
11010101011
11110110110
00000110010
11110100101
01111011101
01101101011
01100111101
00000010111
11011110011
11100001111
01111011011
01111111101
01110010111
00101000010
11110010001
10110110011
01011110001
11011010101
01110010011
10111011011
11110100010
10101110001
01010100100
01100100010
10010000010
11110011001
00000100010
10110110000
11111011101
11110100110
01111111101
11011100101
01110111101
00110101111
11110111100
01011111010
00010011110
00100110010
11001111100
11101001111
01000111011
10100011110
10000110011
11010011111
01100100111
10111000100
10001100111
10101010101
00111100111
10101111001
11110101111
00001011000
10111011110
11001000001
00110001001
00111111101
00111100111
10110111111
10110011110
01000000110
00100100001
01101110111
01010000011
01111000000
10111000110
11010011111
01101010000
00101011010
00010001010
00000100111
01010100100
01001001000
10010110010
10110110110
00111000110
00001110011
00111010000
01111011001
00110011011
00001111111
00011111000
01000110101
11110101111
00100000100
00011011011
01000011101
10111111100
00010000011
10110001011
11001000111
10101110001
10101010001
10001000111
00001110111
10100101010
01001111011
10010110110
00001010001
10011111000
11101100011
00010001011
01110100100
10011110001
10010011010
00001010000
00101111010
00001001011
10001000110
10001010001
10110100101
10000010001
11100010110
00010100011
00011101011
01101111001
00111101101
00100100001
00100000100
00100101011
00000100111
00010111100
00101110101
00111110010
00000010001
01101101111
01001011100
01101011100
10010110100
01010010101
00111000101
11001101011
10111101011
01100000100
11100001110
00010110001
01010100001
01100001110
01001100011
11000100010
10010001010
01111001111
01010011101
00001000110
01111001000
11000101110
11011001000
00001100100
10111001000
10010001010
11000111000
11100110100
00101100111
11000101110
11110000111
11101100011
00101010100
10100000101
01110111011
01111101010
01001000111
10110010000
01011001000
01011010011
00111011100
00111101011
11110100101
11100010100
00001100101
01011101001
01000101111
11011010100
01111111111
01100100000
00010100110
01110111100
10011101101
11010011011
00011011010
11011100100
10011110111
10010101011
01111001101
01000010110
00111011011
10011111010
01110111010
11011000001
01111100010
00111001111
00110110010
01110000100
00110001111
11110101000
11100110100
10111000110
11111110001
00010001110
10000001010
10100100000
00001110111
10011101101
10000100000
11000100000
01001000011
10001010000
00101001111
11000000011
11111101000
00011011100
00010100010
10011001100
11000111100
10011010100
11010100011
01111011001
10101010000
00100001001
11111100100
00000110000
01100111110
10001100000
10011000100
01011111100
01010001111
01100110001
01001011001
00101011111
00110000101
11101011111
11101110111
11000001111
00110101101
01010000100
10101010111
01110001000
10111100101
10111111010
00100000000
01100100100
01001111001
10111101010
11100010001
11100110100
10011110110
10010100111
01001001010
10110011000
10000110110
00000110100
10111110000
01101000001
11011011101
11001100110
00000101101
00111001001
01101101111
11001100100
10001001010
11011001001
00100100110
01000100010
11010010111
11000101101
11111000101
00110111010
11010101011
11111101011
10000000011
10110100100
11011110100
01010010011
01100111010
01111110100
10011110101
01101111001
01001110101
10101101000
11111010011
01100101100
00010111001
10100000000
01111101111
10011010001
01110100100
01011101100
11101010010
10000010001
10111001111
00001111100
11001011010
00010101011
00111100011
01011010001
00010001011
01011110001
11011001010
10110101010
01010001110
00101100000
10000110011
01010010111
10010001011
10100111101
10001110111
01010101010
10110001011
01011101110
11100110001
00101110001
11100110100
10011011110
11101010011
10101100011
10000100101
11010011110
00000011110
10101011110
00000001101
01010100011
10110110011
01111000011
11111010000
11001001001
10100110000
01001011111
11110000000
10110000101
01000110010
00000110100
11000110111
11001110100
11001010000
01001110001
10111010100
01110000001
01101111011
10000001101
11100111001
11001110101
11001010011
11001101101
10001111001
11100110001
11010100110
00000111001
00010010001
01110010000
11101010111
00000000101
10001001010
10011110011
11000111011
11111100010
01010111010
01101010000
01011100110
10110001110
10100111000
10000100001
10010011011
00101000100
11010011111
11001110101
01100110011
11101111111
00000101100
10101100110
00011011010
00000010000
01111100001
11111110011
11100011000
00111101011
01111110110
10111001010
11011110011
10100001001
01110100101
00101101101
01111100010
01100110001
11010001010
00111011010
11110101010
11010011100
10010001011
00100111100
01110100111
00000001010
11001011000
01011101000
01101000000
00101110100
01111010100
00101001101
10101001101
00011001100
10001111000
00010000000
01000101000
00000011000
00100110000
10101101111
00011011000
11000111100
01110010101
01011110010
10011110111
01010010001
01100100011
01110100000
10111101110
10111000110
10010110011
11010011000
10100100011
10000010011
00100000110
10100000011
11000001100
10000111101
11110100110
11110010001
10100011010
00010111010
01010000101
11001111101
11110011110
10000100101
10011110111
00001011110
01101101001
01001101010
10010001011
01011010011
00110110101
01011111011
11000100011
10100111101
11110110010
01010111010
01000000011
10001111011
10000100000
00100111111
00011100001
10110101111
00101110001
01101001111
10010100100
00000101001
10111110111
11010111100
00001100011
10010000001
01101010100
10101100001
10100101000
00000001000
10111011011
01101100000
00000001110
11011011011
00110001000
00011001111
11011010101
01110100010
10010001001
11001100011
10100000010
11011011001
10100000110
01110000011
11111111101
11001010011
10010110101
11110001110
01010101100
11111011010
10100010001
01100000100
00011110100
01000001101
11011111001
00100001010
10001010010
10000001101
11100011001
11011000011
10011001101
01111101011
00000110010
11100111110
10011000111
10000011111
01010100011
11011001011
01111101001
01101010101
11100010001
01011011100
11101111010
01011011011
01001111110
01101011111
10100000110
00010001101
10111011001
10000000001
01111110110
00100000101
11100100111
10100110000
10011010110
10101010111
00110011101
01000111101
01110011111
10010011111
10001100011
10010000100
10011011100
11000010101
01100001010
11001101111
01001000101
10000111010
11110111011
10011010010
10010001000
01001001111
01000001100
10111110101
01100100010
01010011101
11000001001
01111010101
01000111100
01001101000
00110011100
11110011101
11010110110
11000100000
11001011111
00011010010
01001111111
00101011111
11100001011
11001001011
11101100101
01010001101
11010100010
10011001110
01110001011
10110100100
10111010111
11110110111
01010100000
10110111000
00101110010
01001010111
11011110000
10010111100
10010101010
01110001101
11101100000
00000001001
01001101000
11110000110
01111000101
11100000000
11000100111
11111001011
01000011010
10001000010
01110101010
10110110100
00100010111
11101011101
00111010100
10111010101
10111101100
00001010011
01000001100
11101100101
10011011010
01001111111
11100100011
01011011011
10100011000
10100000011
01110111110
00100000111
10101000101
10011100010
10000001100
10111011010
11000101111
10111001000
11001110110
01010001100
01100100111
00111100100
11010001010
11011011000
11011100111
00000110101
11011000110
11001011100
01100110000
00001111001
00000111111
10101100000
00011011110
00001010110
01100000100
11101010111
01110010010
10101100110
11100101011
00111001011
01000110000
10000110101
10001010101
01100111111
00011111011
10101000001
11011000100
01000001011
00010001111
00010111001
11111010111
00100111000
10011111101
11111011001
01110001110
11101011110
11111100001
10000111010
00000011011
10101101010
00100000000
11111100010
10000011111
00110011011
00010100110
11010111011
10010100101
10110000101
01111010010
01111010010
01100011000
01011001100
01000100111
11101010010
11010011001
00101101011
11101010000
00111100011
00000010011
10000101001
10010100010
11011010010
00101011001
00010111010
10011101110
01011101011
01000011111
10111110000
11110100001
01000000000
11010101111
11101101110
01000001001
10010010101
10110111111
00100101111
10111010000
10011000000
11101010111
11100100111
01001100001
10011001001
00001010101
01011010110
01011000010
11100100101
10110010101
01111010111
00101110111
11010110111
00011000010
11110110111
10101110010
01100100100
00011111000
01010110010
00111100011
11110010010
10010010100
10111111100
00100100101
00100100000
01100100100
00010100010
10011000111
11010001010
11111110001
00001010001
01010011111
11100100001
01101001100
01100000111
01100001001
00010101111
00110001100
01110101111
00010000111
10010010010
01001000110
11010000000
11101000010
01000110110
00000010100
10000101111
10110010111
01111001010
11010010001
10001001110
10001101001
01101101101
00010011001
00100111111
01101110100
01011010010
10111001010
11001100010
00101000101
10011111011
10110101010
00011101000
01110000000
01011011010
10101111011
00001110111
10110100011
11100000010
10001011001
10101110010
00010100111
10101101011
11010001001
01110011001
00111001000
00011001010
10111010110
01101101100
01011101101
01110101011
10010100000
01100111000
00100100000
11011100010
10101000101
11000110111
10100100011
00111100000
00000011001
00110010000
01000001001
01010111110
00001111110
10000110010
00001010011
00001110001
01011001101
10011010001
10000101101
10110010100
00100010011
00101001001
10100010010
10010101100
01110010111
00011101001
10111001110
01110011110
11111011110
10001100101
00011101001
11011000011
01110101111
10101001110
00001101100
10011010000
00011101010
00101111010
11010100001
10110000100
00110111000
00101000111
01100001111
11010100100
00010111101
10111000110
11011001011
00010001001
10001111011
00111111110
10101111111
11110101111
10111100001
10111010000
10110001101
01011101110
00110011011
10100111010
11100001011
10001110100
11111111111
11010011011
00111011001
10111101101
11100000101
01011101000
00000001011
11001110100
00111001010
00001111100
01110101100
11000010000
11000101010
00110000001
10011111010
10010011000
11110000011
00010010110
00000111011
10111111100
11101010100
11000111110
10001111011
01000011000
01111100000
00110100000
11100111100
11110101001
01000101111
00100000001
01000000110
00100101110
10110100010
10001111011
01000000110
00011000000
00011001101
10011110001
10000101011
11000100001
10010011110
11110110101
10101110101
11111110000
11101111110
00001111011
11110101011
10111011011
01100101010
01110111101
01011110001
00101011000
10000010100
10001110000
10000111110
00000000101
11100011111
11000101001
11000111101
10111100110
11110011101
11111000001
10111010010
01110010111
00011000000
00000100100
00101001100
10101011010
11010001001
01101001011
01111101111
01100000110
00001000010
01010000000
10010110110
00100010101
10110101101
00001000110
00101111001
00110010101
01001001100
10111111111
10001100101
01001110011
00100011010
00001100010
10110110110
10011011101
11110010111
10111111101
00000011011
01110000101
00100001000
11000110001
11110111010
01010010011
10011001100
10000010010
11000001000
11010101001
10110110110
01000110010
11011101011
01110110101
10111101010
00100001001
00011101010
11000111011
11001000110
10001111101
00110001010
11110101101
11001100100
01100101101
10110000011
01000001111
00100101000
10100001011
10000001101
00011000111
10101100001
01000100100
00111110100
00000010001
01101101111
01100110000
11011001001
00110011000
11111010011
00001000101
10001110111
00101111010
10000011101
11100000101
11000111010
01100011101
00011110010
10110010010
01011111111
00011110100
10011101100
11011101110
01100111100
00110000001
10100110011
10000110000
10101101000
00010111001
11111001011
01001000011
00001011111
10010001000
01111111111
11000010000
01111101000
01110101101
10101110001
10110001110
11000000001
01100101110
01011011100
11000101010
11010101100
11000001011
00101100110
00001011101
01101000110
11101011001
10001111000
00101000101
10101010001
11000101000
10000100110
11010011000
00011101101
10001000100
10100111111
11100010011
00001000011
10010111101
00000111100
01101101100
01010000000
11110101101
01011001111
01111000111
00000001001
10000000001
10100011000
11000100010
11000100100
00110011011
10011011110
01100001001
01101000110
01001011111
10010000101
00101100111
00010101110
01010000010
11000110110
00001100001
11011001110
01110011100
00111101111
00001111100
11010111010
01110000011
01100110110
00000010010
11110100001
11011001111
00101111101
11100111000
01100100011
01111111110
00100110111
11010100001
01001111110
00110111001
01111100110
01010001010
00001111001
10101011000
10001100110
11010111100
11001001001
11100010101
01001001011
11011101010
01100011001
11000110000
10100011001
00101011100
10010010010
10001100101
01100011001
10000001001
01100001010
10000001100
10001011000
00100110000
01000110100
01101001011
10101110000
00010101111
10110011101
10000010100
10110100100
00000011110
10001111000
00110100110
10101001011
00100101000
10110110001
00000101111
01001101100
10001110111
00011100100
00100000011
11011010110
01010100010
00111101011
00101001100
00000011101
11110111101
10101101000
01100010101
00111000111
10000111100
01011111000
00010111011
00001110111
00111100101
00111001010
01010000111
01101100110
11001001110
00011110101
11001100101
01100100011
00111010111
01010001111
10010010010
01011001010
11111100101
00000000001
01010000100
10110001001
10010001000
01010000010
00111100100
00011000101
01100101001
10110111001
00000010000
10010101010
00101111110
11111010000
11110001010
11100111111
11011111001
01010110100
00111110100
00010111010
11100011101
11001111110
10101000110
10101100001
11000010101
11001111110
01010110000
01111000111
00010000111
00110000011
00100101001
10101010001
10110000111
10101011000
01001000110
00101100011
01000011001
00110010000
