00010101000
11111101000
10010101000
01101111000
00011010000
00101110000
10110011000
10011111000
10001110000
00111001000
11101001000
11111001000
11110111000
11111011000
11011110000
00010001000
10100111000
01100011000
11010000000
00000101000
00111010000
10011011000
01101101000
10010111000
00110000000
01100000000
01010111000
10110110000
01100101000
10000001000
01011001000
10001111000
00111100000
10000001000
01100000000
10110001000
11110110000
11110000000
00111100000
10100011000
11111011000
11111010000
00011100000
10101110000
11100101000
01110000000
11011101000
00001100000
10101110000
00001101000
01001011000
00110010000
10100111000
10111110000
11001111000
00111110000
01010010000
10000111000
01101111000
01100101000
00001110000
11110111000
00111101000
01000000000
01011110000
11000101000
11011001000
01001110000
00111001000
11101110000
11001010000
10100101000
01110011000
01100101000
11111011000
11110110000
11111010000
01011111000
01000001000
01010011000
01111111000
00011101000
00011100000
01110110000
01101110000
10100000000
10101111000
00110011000
11110101000
10101111000
10111010000
01101001000
01000111000
10110110000
01110000000
00000010000
01001111000
00001101000
11001011000
01001110000
10101100000
00010101000
01101011000
00100110000
11010001000
10111110000
11110001000
01100110000
11111101000
01110110000
10111000000
01000101000
10011111000
00111110000
01101110000
00000101000
01100111000
11001100000
01100011000
00001000000
01111000000
11111100000
11000010000
10110010000
01011010000
00010010000
11010100000
11001000000
11101010000
01110011000
01100011000
00010110000
11010110000
10111100000
00101000000
00111101000
00100011000
00010000000
10000011000
10101110000
10111000000
11011101000
00011111000
10001011000
00101110000
01111100000
01101111000
00010000000
01110111000
00110110000
10010101000
00111010000
01100111000
00111001000
00001011000
11011101000
00100110000
01101001000
01010101000
11111000000
11001000000
00010010000
11001110000
10011010000
10101000000
00110011000
00110111000
01111101000
01011111000
01111001000
00010011000
00101110000
01000101000
01010111000
01011111000
01011001000
01101100000
01100100000
01010000000
00101001000
11110001000
00011101000
00110000000
10111010000
10111110000
10011010000
00110011000
01010100000
10011000000
00010011000
11101110000
10111110000
11111101000
01011000000
10110001000
00100001000
11111100000
11100000000
10110000000
01100101000
01111011000
01010101000
01111110000
11010001000
11111111000
00101111000
10101000000
01100110000
00011011000
01110000000
10101111000
01110101000
01111101000
01100101000
11000000000
01000110000
01100101000
00101011000
01110000000
01101110000
01111011000
01010000000
11100111000
00101110000
10010000000
01001110000
00010010000
01010000000
11000101000
10101000000
01101010000
10011110000
01000110000
00011111000
00010000000
01100100000
11011111000
11011100000
10010100000
00001010000
01000110000
01010111000
10110001000
11111010000
00011000000
10010101000
10011110000
10000111000
00110010000
11010110000
11000111000
11011011000
10010101000
10011011000
01101010000
11110111000
00100001000
00111101000
01011001000
01111010000
11110010000
10101010000
01101011000
11111110000
11001011000
00011001000
11010001000
00111011000
01001001000
00001010000
01101111000
10010100000
01001110000
00101111000
10101111000
10011100000
10000101000
11010110000
00100100000
11110101000
10001000000
10100010000
11100001000
01001111000
10000001000
00110100000
10000010000
11100110000
10011111000
01000110000
01100100000
10010111000
11010111000
00001110000
01100011000
00010101000
11000100000
10001000000
11000001000
01001000000
11001001000
01010000000
00001011000
10101001000
01101000000
11101001000
10001001000
00100010000
01110101000
11000100000
00100011000
00100001000
10100110000
00001011000
11011011000
00000111000
10001010000
00010001000
10110000000
11110011000
11111011000
10000111000
10010110000
00001111000
11110000000
01101001000
01111111000
00001101000
11000001000
10001110000
11001000000
01011001000
11111101000
10000100000
11110111000
11101100000
01000111000
00100011000
00000001000
10101001000
11110101000
10110101000
01010100000
01000000000
11101110000
11001101000
11100100000
11100100000
10111000000
01010000000
01101101000
01110100000
11100000000
11100001000
01110100000
01101000000
01111001000
00101011000
10100111000
01110000000
10110010000
10101101000
10100010000
11101000000
11110001000
10101101000
11010000000
11010000000
11001001000
11100111000
10011001000
01100111000
10110100000
01001000000
10101011000
10100010000
11111001000
00100101000
00110001000
00000101000
01010111000
10001111000
00001010000
10000101000
00100101000
11111010000
11010111000
01110101000
10100001000
10111001000
00101101000
00001011000
10010001000
00010101000
10000001000
00000010000
01000010000
10111100000
11001111000
10000010000
01010101000
00010000000
10001001000
11110011000
00110101000
00101011000
11011011000
01100000000
11100101000
11110010000
11011000000
10111010000
01001110000
01100000000
10110011000
11011111000
10110010000
11001101000
11001110000
10011111000
00010011000
11111110000
00010111000
00001000000
10010111000
10101110000
11110101000
10111001000
10100010000
10111000000
11110010000
00100000000
11111000000
01111101000
11000100000
01011100000
11111001000
10010011000
10111111000
01101011000
01110011000
00101001000
10101010000
11101000000
11111100000
11101101000
11110010000
10001010000
11110001000
01110010000
10110101000
00110111000
00001110000
01000111000
10000010000
01001011000
11001011000
11000010000
10000111000
10110010000
01111000000
10000111000
10011111000
00111001000
00110111000
11001010000
00111000000
01110100000
10010111000
10000110000
10011100000
01000011000
10100110000
10011011000
11001011000
01101000000
11101110000
11110111000
00001100000
11111101000
11011111000
11100110000
11111101000
10110101000
11111011000
10100001000
00011101000
11011000000
10111100000
10100011000
11010111000
10111101000
11100000000
10110100000
00010000000
10001000000
01010110000
00001110000
01001111000
10000110000
10001011000
11010111000
10001011000
01001100000
10001100000
11000110000
01111000000
11101000000
11000011000
00100010000
10011110000
00011001000
01011010000
10011101000
10101101000
10110000000
11001111000
01011010000
01110011000
10110010000
01110001000
11001001000
11101110000
01110000000
10010011000
10001111000
11010101000
11001010000
00110000000
00110111000
01000000000
11000000000
00000001000
00110000000
00000110000
10001100000
10011011000
01110101000
01010101000
10110010000
00010111000
11000010000
01100000000
11011100000
00010001000
11101010000
01111001000
00100000000
10010110000
10110111000
11101011000
00011111000
11100110000
11110011000
01100111000
01100011000
01100001000
01111011000
01100101000
01110101000
10111111000
10011010000
00100011000
11111100000
00001010000
01011011000
01100100000
11010111000
00000111000
11000111000
11011100000
10000100000
10110011000
00111000000
00011010000
01101101000
11101100000
10010001000
10101000000
01010110000
10100101000
01000111000
00010100000
10010010000
01000000000
11101001000
01110111000
10000110000
11000100000
10111010000
01001100000
11101101000
01000001000
10101001000
01001000000
11011011000
10000111000
11000010000
00100001000
01100001000
11000110000
10111111000
00110101000
10110001000
10110000000
00101101000
11101100000
00001010000
00110000000
11000110000
10100101000
01001011000
10000101000
01101001000
11110111000
00111011000
11111110000
10001000000
00100010000
01000110000
11100101000
11110111000
10101111000
01010010000
00010100000
10011111000
01111111000
00111111000
01001001000
11100000000
00110001000
01110101000
11111011000
10110110000
00111011000
00100001000
11010100000
11001001000
10000001000
01100001000
01110100000
10100001000
11111011000
11100100000
11010001000
00001111000
11110001000
10000100000
11011101000
01111110000
11000010000
00001001000
00000000000
11000101000
11011111000
11110001000
11001000000
10001011000
01000110000
10010001000
00001001000
01110110000
00001010000
00001001000
01100001000
00011111000
00010000000
11001000000
10110101000
01111001000
11011000000
11001001000
10101111000
00101100000
11111010000
10100111000
01010010000
10101100000
00000101000
10101011000
00010110000
01111110000
00000011000
11101111000
00110111000
11001110000
11001010000
11111111000
10100001000
11011111000
01111010000
10001001000
10100010000
00001110000
10001011000
10000100000
11101010000
10011100000
01111101000
01110101000
01100010000
11000100000
10100000000
11101100000
00100010000
10100000000
10000111000
01110010000
01010011000
00000001000
00010011000
00000111000
10110111000
00010101000
10010011000
11111111000
10101011000
00010011000
01001001000
11111011000
11000011000
00111011000
01111110000
10010010000
10110010000
01010101000
01101000000
00000110000
10011110000
10100011000
00001110000
01010001000
01100000000
10010111000
01111110000
11101100000
00010111000
10000100000
00110110000
00011000000
01000101000
00010110000
01100010000
10000100000
11111001000
01101100000
00010111000
10101010000
11011011000
11111001000
11101111000
10000101000
00110010000
00011001000
10100000000
10111000000
10101001000
11010110000
01101101000
11001010000
11100111000
10001011000
11000101000
11011011000
11110111000
10000110000
01100011000
11001000000
10110011000
00000111000
00000001000
01101000000
10001000000
10100110000
00010010000
11011000000
00110101000
01010010000
01011111000
01011111000
00110001000
01110111000
11011110000
10101011000
01010100000
00111000000
10101010000
10011010000
11000101000
00111010000
11101000000
00101001000
01010100000
10110011000
01000011000
10001100000
01011001000
01110011000
11111100000
00101001000
11111101000
01110000000
11111111000
00110101000
01000100000
01100111000
01000011000
00110111000
10000001000
01111101000
11010111000
00100110000
10101001000
00011001000
00011101000
00101010000
01010101000
01100111000
10000001000
11011110000
00010001000
01000010000
01100101000
01111110000
00100010000
01100001000
00000101000
10100101000
01000001000
10100110000
11111100000
01010001000
11010110000
10000010000
01111001000
01110111000
00110111000
00001011000
00000010000
01011011000
00010110000
00101101000
11110011000
01010100000
01010101000
00111000000
00101001000
00100111000
10011101000
11111110000
11100111000
10011101000
10110011000
11110001000
11010001000
01001101000
01001001000
01001111000
01010001000
10100001000
11111110000
00100111000
10101000000
11101001000
10110100000
00101001000
01011010000
11001010000
11111111000
10101100000
01011001000
11010000000
10001110000
00110010000
00100010000
00001001000
11110110000
00111111000
00001100000
11010010000
11111011000
10011100000
01101000000
10001111000
11111100000
10110110000
00101000000
10100011000
10101100000
00001111000
10100100000
00011110000
01011000000
10100111000
01000100000
11011110000
01100000000
11000010000
11000011000
11110100000
00000010000
11111000000
01001111000
00010111000
10100111000
01111001000
00010111000
11010011000
11011110000
00001011000
11101100000
10110100000
01001101000
11101100000
00010111000
10011100000
11100100000
00010111000
01011000000
01000101000
11010100000
01111000000
11101111000
11111000000
01101010000
11010011000
11101001000
00101111000
11111011000
01001001000
01101110000
11100001000
01101111000
10001010000
00111010000
00000111000
10110111000
00100100000
00011111000
10010101000
11011110000
10001111000
10011111000
10010000000
00010000000
10010100000
00110101000
11100011000
11010010000
11010110000
10100011000
00100101000
01011101000
11001011000
11000001000
01110110000
10011111000
01101000000
10010101000
11011011000
11100010000
01101011000
00001010000
11010111000
10001101000
11011111000
11110110000
01100111000
11111110000
10110101000
10010000000
10011001000
00010011000
11101110000
01011000000
10001111000
10100001000
00101111000
10111000000
11111101000
11000110000
01111110000
01000110000
11100100000
11000100000
00111001000
10000001000
11101011000
01001001000
00111001000
11001111000
10110110000
01101010000
00101000000
00110110000
11001000000
00111100000
01101001000
01010010000
10000000000
01011111000
01111001000
10010010000
11011001000
10100011000
10111001000
01101001000
11000111000
01001001000
00000111000
10010010000
11011011000
01101000000
10000101000
01110011000
11110011000
10000101000
01100011000
10110010000
01011001000
11011110000
10010100000
10111001000
00100111000
01001101000
11011111000
00100001000
01101110000
01110101000
01010100000
01100100000
01000011000
11011000000
01001110000
01010111000
11100011000
01110011000
10110101000
00010001000
10101010000
00010101000
10111111000
01100111000
10001111000
10100100000
10000100000
00010010000
11001110000
11011111000
00011010000
11110101000
01001001000
11101111000
10000010000
01000110000
01111001000
10100100000
00100101000
01001110000
10000100000
11000100000
11001100000
10001010000
00000010000
01000100000
11111101000
10110100000
11101100000
00110110000
01101000000
00110101000
01010000000
00000111000
10101010000
01011101000
01010011000
00000110000
00110000000
10001100000
00110111000
11110000000
01111010000
00011010000
00110111000
00000000000
11100011000
11000000000
11000101000
11101010000
11100110000
11111111000
10000001000
01110001000
01101111000
01000111000
00100000000
11001011000
00110011000
01000101000
10011110000
01001001000
11001001000
10111111000
10110001000
10110011000
11010001000
10101001000
10111110000
00010100000
00001000000
10011011000
11010110000
01000101000
01000110000
01100011000
01110001000
10100101000
01110011000
10111100000
11111001000
00010110000
00101011000
11001111000
01010001000
01111001000
00000100000
00011011000
01110001000
11010110000
10011111000
11010001000
01001101000
00010011000
10011101000
10101101000
01111110000
11001010000
01101011000
10100000000
01010110000
11100110000
11011011000
11110010000
00010010000
11111110000
10010010000
10100000000
00110011000
10010001000
10111000000
00100110000
10010101000
00100010000
00100001000
01001101000
00000110000
00101100000
00000010000
01111001000
00010101000
01110100000
10100101000
10101101000
00110101000
00001010000
10011010000
01010010000
01001001000
11001100000
01101110000
00101000000
01010111000
10000100000
01010100000
11111100000
11010010000
11010000000
00110010000
11111100000
11111010000
10110101000
10100110000
01100000000
11110000000
01100011000
10111110000
10101001000
11101101000
01100001000
11001010000
00110010000
00010101000
00001100000
11101011000
01010010000
10011011000
00011101000
01001110000
00011110000
11110011000
10011010000
10000011000
01111011000
01101110000
01110010000
11000001000
11010011000
01110001000
00011010000
01000011000
00000100000
10101111000
01101010000
00001011000
11100110000
10100111000
11111000000
00010111000
10000111000
11111000000
00011101000
11100010000
11000100000
10101010000
11111011000
11100011000
00000010000
00000000000
01111010000
11100011000
10111001000
00101001000
01000001000
01011010000
11011101000
10100111000
11111110000
10000100000
00011010000
00101001000
11000011000
00001101000
01111100000
00010101000
10001000000
01011111000
11111001000
11001011000
01011101000
01101000000
10000001000
11010101000
11111010000
01111010000
10110110000
10001111000
00010000000
01000101000
00000011000
00100110000
10000110000
00011011000
01101000000
10100001000
10100110000
10110101000
00101110000
11100000000
01110100000
11101010000
11101111000
00010010000
11010011000
00100000000
00000110000
01110111000
00100100000
01101110000
01010100000
10100011000
10001110000
01011011000
11101111000
10000011000
00011100000
10100100000
01010111000
10110101000
01011100000
00010001000
10110101000
00010101000
11011110000
11100101000
11011011000
01000000000
01110100000
00001110000
10101111000
11000100000
00001011000
10000100000
00001100000
01100000000
10011110000
01010010000
01000010000
00111011000
01111001000
10010101000
01111000000
10001000000
11101100000
11000101000
11010000000
10100101000
00000001000
00111111000
01101100000
01010110000
01011111000
00110001000
00110010000
00001001000
10001100000
11101101000
01001000000
01011000000
10100111000
11110111000
11110100000
00101100000
01001110000
01000101000
10100110000
11111010000
00000011000
11011110000
11001111000
10110001000
10010010000
10100011000
11011001000
01110010000
01010010000
10011111000
01011100000
01001010000
11111001000
11111110000
10110000000
10110011000
10101000000
11010000000
01011101000
00000001000
10111001000
10011110000
11110100000
00010111000
11011111000
00011000000
01000000000
11110111000
11000010000
11000111000
11111100000
00101001000
11110011000
11001111000
10100110000
11001101000
10000001000
11100000000
10010100000
01011000000
10111000000
00001000000
00111111000
00110100000
00010001000
10011001000
11100110000
10011011000
01111111000
01110011000
01100010000
10010001000
01100010000
11101110000
01101101000
10011100000
10000000000
10111101000
10101001000
11101000000
01001101000
10011100000
00100000000
10000001000
11000100000
11100000000
11100010000
01100100000
00000000000
01100101000
01001101000
00111111000
10000010000
00101100000
11001110000
11110101000
00011011000
10010001000
11011101000
01010100000
10110111000
11010110000
01100001000
11011110000
00111000000
01101101000
10100010000
11101100000
01111101000
01001101000
10100111000
10101011000
11100000000
11101111000
01111101000
10111011000
01110000000
10001101000
00011001000
00001001000
00111000000
10010101000
01101001000
00010010000
10001110000
11101110000
00111111000
01100011000
01100100000
01100000000
11011111000
10100011000
00100100000
00100000000
00001011000
01111011000
01100100000
00101110000
01000011000
11101110000
10111001000
10011001000
11111110000
01001111000
10010011000
00101001000
11011011000
11110111000
11010101000
10001111000
01100100000
01100110000
01110011000
00101100000
10101100000
01001100000
01011101000
11001111000
11000001000
10001010000
11111011000
01100001000
10111101000
01000110000
01010101000
01011001000
01001100000
10011011000
11010100000
01110111000
11000101000
00111010000
01101011000
11010001000
00100111000
01001100000
10000111000
00100110000
10111100000
10000000000
01111111000
10000111000
01010101000
00100000000
00000100000
10101000000
10110111000
01000011000
01010011000
01000111000
01100011000
10000010000
10000010000
01100011000
11110110000
01101111000
00010010000
10101111000
10101001000
11101010000
10111000000
10000110000
11111001000
01101100000
00100010000
01010111000
11101111000
11001010000
11011001000
01101000000
10111110000
10001000000
01000000000
11111110000
10111010000
00111101000
01000001000
10011100000
00001110000
10111010000
10011000000
11000001000
11001111000
00110000000
11100101000
11011001000
00001101000
10100000000
00110111000
01100001000
01010001000
00000101000
11111101000
11100000000
11011101000
01010110000
11001011000
00011111000
10101110000
10111000000
00001010000
00111101000
00010000000
11110111000
00100100000
11001011000
11101100000
10110011000
00101001000
10000010000
01110110000
01111000000
10011000000
11000110000
01001011000
00011101000
00111110000
10011110000
01011110000
00111011000
01101010000
00011111000
11010000000
00010000000
00010001000
10101101000
10101110000
10011001000
10000001000
10101110000
11011110000
11110001000
10111110000
01101111000
00001100000
11000001000
10100010000
01000001000
00110100000
11111011000
00011011000
01001101000
00011101000
01110000000
10100011000
00101011000
00100101000
00110000000
00011000000
11110111000
01010110000
00111111000
00101001000
10101101000
00001111000
00111001000
11100001000
11101101000
11000010000
10001110000
11110001000
10010100000
01100111000
00100100000
00100100000
01111011000
11101101000
00100000000
00111100000
01111111000
00110010000
00111101000
00000000000
01011000000
01111110000
10001110000
01110010000
10001010000
11100110000
01010110000
00011101000
10100110000
01010101000
01011010000
00111010000
01011001000
01100001000
11101110000
00100100000
10101100000
01011111000
01100001000
01011100000
01011110000
11111110000
10100010000
10011010000
11100101000
11010111000
10101000000
00011111000
00110111000
00000011000
01001010000
01111011000
11000100000
11101111000
01011101000
01101101000
00001011000
01101000000
10000100000
11011110000
11000000000
10111010000
01100010000
00001010000
10110111000
01011111000
01100101000
00100001000
11010100000
01010111000
01000111000
01101110000
00110011000
01011101000
10000101000
01100001000
11000001000
10100000000
11011010000
11000010000
00111101000
01001100000
01100111000
10010011000
01110100000
01000101000
10000011000
00010000000
01000101000
10010000000
00001011000
01000011000
01111100000
00110100000
01001000000
10001001000
01101110000
01011100000
00010111000
01110010000
01001100000
00001011000
00010111000
00011000000
11001010000
11100010000
00000001000
10111000000
11000100000
00100101000
01111101000
11111110000
10111000000
10001011000
01110001000
00111111000
10011101000
10100100000
00100010000
00101011000
00101101000
10001110000
11010000000
11010011000
11001000000
10111001000
00010100000
11101011000
00100000000
10000100000
01000010000
01011001000
00011000000
10101011000
10000110000
01010011000
10101101000
11101101000
01010110000
00110111000
11110000000
01010000000
11000001000
11110001000
01100110000
01011111000
01010011000
11100001000
11100110000
10010100000
01011111000
11001010000
11011011000
11110100000
11100001000
01001000000
11011001000
01101100000
10000111000
10100011000
00100001000
10111010000
00001111000
11010110000
00110110000
01111010000
11000001000
10101001000
11100001000
10111110000
01011001000
10100101000
01000101000
01011101000
11100101000
01000011000
10011111000
01011100000
11001001000
00100110000
01100011000
10110110000
00110100000
01101010000
00100101000
00100101000
01010010000
00110011000
11010000000
11101011000
10010001000
01111110000
01000110000
01100110000
10100101000
00110011000
01111110000
11011011000
10100101000
11010111000
01010000000
00110011000
00111111000
10110000000
11100110000
01001010000
01110100000
10110001000
00110010000
10001010000
11001000000
01001100000
00100010000
10000110000
10101101000
01101011000
01111101000
11001100000
00100000000
10010001000
01010100000
11000010000
01111101000
10100110000
11010010000
11100110000
10111100000
00110010000
11110100000
00111101000
01111010000
01000101000
01111011000
11011000000
00111111000
10010111000
10001111000
11111011000
11010110000
11000101000
11010011000
11010011000
11001110000
00100111000
10001100000
01100110000
10001100000
01000100000
10101000000
11000010000
01010000000
00100110000
01110010000
01010011000
01111101000
11111100000
10100011000
00111100000
01101011000
10110111000
11001100000
00011101000
00111111000
01100000000
01000011000
00000111000
01000010000
10101000000
10010001000
01110000000
10001110000
11011100000
00010110000
10100000000
00101111000
11110100000
00110001000
11111010000
10001000000
11110010000
11111100000
11100111000
11100000000
00101000000
00001101000
10101000000
00011000000
01001011000
00101011000
10101001000
01110011000
10101011000
11011011000
01111000000
10110101000
00110001000
11001101000
00100101000
00011111000
11000110000
11011111000
10000100000
01101010000
01011111000
00011111000
11111101000
10011001000
00101110000
10001011000
00100110000
11101001000
11101101000
10101110000
00111110000
01100000000
00101101000
00011011000
01010100000
10001111000
01100011000
00101101000
00100101000
11001010000
00101110000
11100010000
10100101000
10110011000
10100100000
10001101000
10101100000
10111001000
10000110000
11010000000
00100100000
10101101000
10110001000
00010011000
00101000000
01011111000
10010011000
00100101000
11101111000
11000001000
01111011000
00111011000
10011110000
11001101000
00011111000
11100000000
00010001000
01111010000
01101010000
10100001000
00101111000
01111100000
11111111000
11001101000
10010001000
10101000000
10010011000
11001011000
00011001000
11001011000
00000010000
01101101000
01111000000
11111010000
00001001000
11001100000
10100011000
11111001000
10010001000
11101111000
00110000000
10011000000
11111111000
11010000000
00010001000
10011000000
01010110000
01010011000
00111011000
10110100000
01011001000
11010110000
10011011000
10101011000
00011111000
10101000000
00111111000
00110010000
