01111101001
10111110100
10110000011
10110010111
01000111111
00000110110
00011010001
01001010100
00100000100
10011110100
10111110010
00111111000
01100101000
01000111111
10000100011
01100111100
11011000011
11000101111
00111111111
00110000111
11011010011
11000110011
00111010100
11000100011
01000100000
01011000100
00101001101
11111001101
01000110101
10000011111
11000100101
10011110010
01100010100
11101001011
00111110010
00111011010
10010001000
10000000011
01110011010
10100010110
01011100010
10100000000
01010000100
01001100001
11101011010
11010110110
00010101011
10010100110
11001100010
11010111111
10101100001
00001001010
11100001010
10010000000
11101101011
00111110010
10011001111
11010000110
11000100010
10101000101
01010110000
01101000001
01101000000
10011110010
10000111110
10011101001
10010001010
00110101011
00100001011
11110101100
01101110010
10111011110
01100011110
11011001100
11001110100
00001100000
00000001111
10011111110
01001110111
10110001111
10101111111
11111100101
01100110000
11000111111
10010111110
00010010100
00111001100
11111110100
11111000110
01010011011
00001000111
00010111111
11011111000
00000110011
00110011110
11010010101
10101010001
01001010000
11001000000
00110111000
01001110000
10011110000
01101111100
01100110001
01000010101
00001110100
11101010000
11101110111
11100111010
00000110110
00110110000
11011111101
11111010100
00001011011
10111101010
10101000011
00000010110
11010011000
11101110111
10010110000
00100101100
00111000001
10111001110
10110001111
01011110010
01000110110
00011010111
11011100011
10100010010
01111100010
10100111101
01011000100
11000100101
00100110011
00101101101
10010100110
00100001100
00010000001
11001110001
01111011110
00010100100
10001111101
00111100000
11000000111
10010100100
10111110011
10011001010
10001010100
10000011100
01011101111
00100110110
00011100001
11011001011
11000111111
10001110110
01100110000
10011010110
11101100101
11110110101
11100110000
10010101000
00110100111
01101011101
01010011000
10110110011
11000111110
01100111011
11011101011
01111100101
10110100001
11010101101
10101110101
00101010000
11001000101
10001100100
10101001010
10010001111
10110101011
11001101011
11000100100
11001001101
11110101100
11101001111
01000100001
01000010110
11010011101
00010110111
00000111000
10101100000
11111001011
10011101011
00110110111
10010110001
00100011000
00011100010
01110011101
01000110010
10001111111
11000110101
01101011000
00011010110
11100111011
00011110001
00100110100
00001011010
11111111110
11100101001
00111110010
11100111000
01010001111
00011000001
10110111010
00101101010
10101111000
01001001001
01101011101
10111011011
10010111001
10001000100
10011010101
10011111001
10111111110
00110111000
10000110100
11001000011
01000001000
01100011101
10011110000
01011100101
01000110000
10000011011
01110110110
10010111001
01001100011
00110010010
00110010111
00010111001
00001111111
10010010111
01101111110
11110000111
11000101000
11000010100
11011001111
01001100010
11000110010
10000011011
00111111010
10011001101
11101100101
00010100010
11011110110
10011110001
11101001110
01100111010
10010111011
10000110011
01100101110
10111001101
10010000111
11011111100
00101110000
00000111110
00101100101
01001011101
10111000110
01111000000
00110000100
01101001100
00101111001
01110111000
10010011001
11101111110
01100110111
11000100011
01010111111
10001000010
11011011101
11110111100
00011101011
10010010111
00111000000
11111000111
01111001001
11111111101
10011001000
10100100001
00100000101
00100001001
01101110110
00100101011
11011001100
00101111101
10010000010
00000001111
11100000001
11011011100
11000010101
11110001111
00111101001
10111010110
10111100100
00110100101
10000010001
10001011000
11110011101
00000010001
01010111110
11000111101
00001111110
11100110101
11110000011
00000110011
10101100101
00001011100
10000100110
00100100000
01110111010
01011111111
11000100011
10101000001
11000100111
11011111010
00000000110
11010100001
11001110011
00111101111
00011101110
01011011011
10100111001
00001010110
00101100011
01011110011
11111110110
11110101001
01011000101
10110100001
11001110001
01001101100
11010001001
00010110100
00111111110
10000011001
10000110001
00110101010
01100001101
11011010000
11110011100
11100000110
10001110100
01100101011
01110011000
10010011100
00001010011
01001110100
11101010110
10101110001
00001010101
01010100101
10111001010
10100110001
00000001110
00001010010
11011111110
00100101101
00100101010
01000111011
00001000011
01010100010
01011011100
11110111110
10110011011
01001101101
11001010110
11110010101
01001100101
01000011110
01100001001
00111110101
11100001000
10001001010
00101110110
00101100100
01111101001
00110110110
01110010010
11111110101
01000010110
10111110011
01100101110
00010110111
11011110001
11010101010
10101001101
11001010011
11111010000
01011110001
10011001110
10010111111
00011011101
11110111011
10111000101
11000100101
11010010010
00100110111
00011111111
00111000011
01101100101
11010000011
00111111100
11000100101
01011101101
01010011000
11100011111
10110001111
11100101001
00010011011
10111000001
00110101010
01011100001
01100010011
01100011111
11011011110
11110100110
10111111000
10101000011
10000101011
11111101010
11111110100
11100000110
01100111000
01111011001
01110010011
00010100111
01011010100
10100111011
01110100101
11011100011
10110000110
11011001000
01100100100
00100110100
01000010010
01101110000
01011000001
01101101010
10111110011
11111101101
11101000010
11001001110
10100110011
01110110100
10100010011
10011111111
10000011111
01011111100
10001111111
11001111010
00000100110
11011001010
00010001110
01001010000
11010110110
11001111011
11110111101
00001111010
01111010101
00011001110
10010000010
10000101100
00110000111
01111111001
10101101111
10100100011
10111011111
10100011001
11001001110
01010001111
11110111111
10110010010
00101110110
10100110001
00001001101
10010010001
01011000101
00101000111
00101010001
01111000010
10000110101
01111101000
10101001110
01100101010
01011111010
00010010001
10110001100
10101001010
01011000111
11010111111
01001000001
10010000010
00011010001
11000110010
00000100001
11100111001
01000001100
01000001100
01011001101
11001111110
01101110000
00101001000
01001000101
11101001101
11010000000
11001000111
10010011000
11101111010
01110011000
10010010001
01100100110
11000010000
11101101001
00111110000
01000111101
00111101001
11011111010
00001111000
01110000000
10010010100
01110110101
11010010000
01100010100
00110111001
10100111110
11011100000
00010111000
11011001011
01011011011
00001010001
10111001010
10000000011
11000101001
01111001000
10100001101
10110010001
01101110111
10100010011
00011000111
01110111111
11111000000
11010011001
01100111010
00001010110
00100000001
00101111101
01110001100
00011010100
10010001010
01000111101
10000000010
01110101000
01000001011
00100001111
00100111110
00001001010
10110101011
11001110000
11000101001
10011111011
11001101101
01110110101
01110100101
10001011000
11011110001
01111111011
00010011011
01001011000
11101111011
10010101110
10110111001
10000000000
01111001110
10110011100
10111111011
10010100001
01101101110
11110100001
10010100111
10000001111
11101111000
00011001101
10000010010
00001000111
00100101010
00100000101
11101011111
11101111010
10001000001
11100110011
10111101001
10011010010
11110101010
01010000100
01101000110
01010111011
00101101000
00000100010
11011101011
01110010111
01011001011
11001011111
10011110010
11010011010
11010100101
10000011011
00101000111
00000011111
11010111110
00100001110
00101101001
01100101011
00111111111
11000110001
01101100111
10111111100
00100110001
01011000000
10100011111
00000100011
01000000100
01010101110
11011110100
11100110001
00100001111
00001010101
10110110010
00100010011
11010010010
10000101101
00001011110
10011001100
01001110010
01000000101
10111111010
11111100011
00010001000
00100101100
11111101010
10101010100
10100000100
11100000010
00000101100
10001110110
00100110111
00100101000
11110010011
10100111100
01000000111
00101110000
00100011101
01010001001
10101010100
00110100011
00000001011
01011000110
00001110110
01011000101
11000011001
11100000001
10011111010
01100101110
00000000111
11010000111
01100111101
10001001000
00111000111
11101111110
11001101010
00010001111
01110001111
10101101100
11010000011
10001010100
01111000011
00010100010
00100011111
11110000001
10000100000
11000011000
00100000110
00111110111
10001011001
00001000001
00111011110
10001001110
10100001101
01001111000
01000111100
00011000101
00001100001
01101111011
01001000011
01101010000
00000101101
00001101000
01010101100
11100010111
01110000111
10010000101
01001001101
01111011011
11001100000
10010100100
01101100011
11101010111
00110001010
10001010000
00110001111
01011110100
01010010000
10001111100
00100111001
10101000111
00001111110
01111101110
10111001001
00011000000
01000101110
00000101010
11111010001
10101101010
00101101011
11110010100
01000100001
01010010100
10001110100
01000111011
11101110010
01110010001
11000001111
01011000011
11111100110
10110101000
01011100010
01101110000
01110011001
10111000101
11001001101
01010111110
10011100001
10111101001
01110010100
10000111011
10011101100
10001100011
10111000011
10001100110
01001000101
01101110001
00101110111
11010111101
10011111001
00000011011
10101000001
10100011000
11101011111
00001000110
11001010010
00000111011
10011110101
01010111111
10101001010
11101100000
11000110010
11000100101
01100110100
01110110011
01101011000
00001100110
01101011110
01011010110
10011101001
10011100110
11010000110
00000001111
11011000110
11110001011
11011110010
10101100010
10100101000
01101110101
01100111000
00011110110
00001101110
01011101111
11111001101
11110110100
10100111001
10000111010
10110111111
01000001100
10111000011
00111100101
01110001001
00011101000
00010010110
10100101010
01010111000
10111101110
10101011110
11010111000
10010000100
10001111101
00010111001
11110100001
10001110001
01111100101
00000111110
11001000010
10100101010
00011101011
11001010101
10010001111
00000010110
01010111100
00101101111
01010100100
10101001100
10010000100
00111101101
10111000001
11101110100
10001000010
01000010101
00010000000
11101110101
11000111010
11001111100
11000001001
01011010101
01101001000
01110010000
10010110010
00001000100
11110110110
00100011011
01000111000
00100100000
10100000101
10001101111
00010111111
00111110000
00111011111
10111100011
11000100000
11111101000
01111101001
00111100010
01011010100
00111100111
00110110111
01001100101
01001011100
01011011100
01010000010
11000001111
11110010000
11110101111
01110110011
10010011000
11011010111
01000111010
00100110011
11010111111
01111100110
01101111110
00011011011
11011011111
10001010101
11011001110
00100100100
11000011100
11000100111
10010000010
01010010010
00010100010
00011010011
01101111001
10110110110
10101000011
00011100000
10001110100
10010000001
11100001011
01101111110
01100111010
10010101011
10010001001
01001111100
01101110110
11011011100
10101101100
10001010000
10000100010
11111110100
10000000111
10111011110
10000110100
01100101110
01000010001
10001010101
00010111100
11010111100
10110110101
10101010111
10111110110
00011010101
11100110001
01000110010
10111110010
01011011011
11010011101
11000000101
00010001010
00111001111
00010001010
10011101010
01100101010
10010010011
01011010100
00001110110
11101101011
10110011001
10000011010
11010001101
11010111010
10000010010
11111100110
10001100100
00110000111
00110111100
10001100110
00111011000
11111001011
00110001110
01100010110
00010000100
10010110000
00011110010
10001111010
11110011100
11100110011
11010010010
00111001011
11011000101
10111001111
01111101001
00100010100
10011010100
11101000001
00011101101
10110001011
11001110101
10111011000
00100111010
10000001101
11010100001
11110010001
11000000011
11000110000
00101010000
00011010000
11000100101
01001011110
00011101000
00111101000
01101110101
10000001100
11011011001
10000100110
01100101001
00110000111
10111001110
00011011011
00101101100
10111100101
00011010001
11100110101
01100010100
00110000101
00101011011
00110001100
11101011110
10111010000
00001011000
11000100011
01000000011
01101001101
00100101100
10110011111
10111001111
01110010011
10001000010
10010010000
10101000111
10000010111
10001010000
01000111100
01001001011
00110101001
10100000110
11001100101
10001110110
01101000101
00000101100
00110101010
11000011111
10111101101
01000111011
11110100010
10000110111
00000110111
10011001000
00000110101
11001001000
11000001100
01000111010
01110111000
11101010100
11010100101
00110111111
10101100100
01010101001
01001000011
10111100000
00011101010
01010100111
11101110101
00011001100
11100100001
01010100000
01000111000
01101110111
01011011000
11111110010
01111100100
00011100111
10100101011
01001101111
11011111010
01110111001
00111001100
11001110000
11011011001
11101010101
11111011101
10110000000
01010001111
00000111000
11101110000
10101111000
10100010001
00011100111
11110101010
00001100111
00001001101
10010111111
10010101000
00001110000
11010001010
10111011001
01000100111
10100110111
11011111011
10111111100
01111100001
10111010100
11011111101
11010010111
11110100101
10000000110
00001000010
00110100010
10111010010
00001101011
11101100000
11000011101
00101101111
10111001101
11010100111
00110101010
11001111110
01111001111
01011110110
01100101111
11011011110
00101011111
10000110110
00110101101
01000110010
00110001110
11110111110
00111010111
11001100111
01100000101
11111011111
11100001101
01001010110
00101011011
10100010111
10110010101
00100101101
00011011000
01000010011
01000010000
11010111011
01000011101
10101001010
11111101000
00000100110
00111100011
11101101001
10001110111
00001110100
11001111100
00000111101
10011100110
11101000000
11111011000
00110101100
10010010001
10100101111
00001100000
10001011111
00011001001
00101101010
10011001001
10100001111
01000110100
01110111000
00100111100
00100001110
11011110011
01001110110
00011101010
10100010010
01100000011
01110010111
00101111101
01101111100
00111011101
10111000000
10101010100
01011011000
01111000001
01000010011
00101010010
00101010110
01010100011
11100110001
10110111111
01110110011
11000001000
00101010010
01100110101
10111011011
00000011000
01011010100
10011010100
00110110100
01100001001
01100000011
00110110001
10011010000
11101010000
01000000011
00010100000
01100001111
10011101111
00011011101
10101101010
00101111001
00001110000
00111010010
11110010111
11001100101
01001110100
10100001111
10001011001
10110110111
11111101010
11000010001
01101001100
10111000001
01111111111
01000000101
10001000111
11101000111
11000101011
11010000101
11010000110
01001111111
00000000111
00101101100
01001010000
01100001100
10010011001
00101010001
01000100100
00011110110
01110010101
00111000101
01001100101
10001000010
01010100001
10110011010
00001111010
01110000010
10011100011
10000000010
01110010101
01100011101
01100100000
11011001011
10110101110
00111000001
00100010100
10110100110
01110100101
01000110111
10101100011
11011110010
01111010000
01111011101
11000011010
10001001110
11110100010
00010011011
11101100110
01111100110
01010010110
11000111101
11110110101
10011010010
10101000011
01101001111
01101001010
00101000100
11001111011
11000101110
00111011011
00001100101
11110010101
01000100011
00101011110
10110000111
01101100000
01000011101
11010000010
11110111100
01100010101
01000101111
11110101001
10111110101
10101000001
01010100000
01111101001
00011010001
11010100000
11110110001
01010110001
01011001011
10011101010
11000010110
00000111101
10110000001
11101111000
10110111010
00010001100
01010110101
11010010001
00011100010
10011111110
10110101011
01001110110
10001110000
10110101001
10110011100
11000101100
10111111111
11111011010
10100100101
11010100100
10001000010
00001110101
10111001111
00111101010
00001110110
01111011100
00010001101
00110111001
11000101011
11100010000
10011011111
11000101100
00101011010
10110011101
10001110110
11000101011
01111001000
10011110111
01010100000
01111001100
01111101011
00010011001
11001100101
00100000000
01101011011
11100111010
10111110011
00001111100
11010100001
11001001001
01110001001
01010100000
00010000001
00010101111
00101100011
00111010101
11111101000
00000011101
01111100100
10001101100
11000110000
11000110110
11000101100
00101001000
00100011101
11000101111
01001000111
10010010111
11100110001
01100010101
11100101100
10010111001
10110111010
01010001001
00100111101
11001110000
00000001000
10100011000
00010001000
11101001011
10100011010
11000111000
11101100100
11011100011
10000001001
11010110101
10011111111
10101000110
10100110110
01110011101
11001001101
01100100000
00011101111
11100100010
10110011110
11100111001
01101110101
11100001011
00001101011
11110110100
00001111011
11000010011
11110001100
10010000011
00001111110
10000011011
10110100111
01110011000
11101011011
01000011100
00011010010
10110111110
01001100100
10110111100
00110101111
10100110110
10011000010
01110110011
10000011011
10111001100
01101111001
01011111100
01111101010
11011111001
10001010110
11110000111
00000000100
11110000110
01000101011
11010011001
10101111110
10101011001
01011011101
10101000100
11110100101
10101110100
10110010101
00110001001
11101001000
01111010101
11111101010
10101011110
10001011010
01001110110
01011111001
00111010111
10101000000
11010011011
01010000101
11110011000
01101100010
10101111000
00011011110
11111111001
10010100101
11111100010
01110001010
00000110111
11111111000
00010011011
01010100000
01101111101
01000101111
10101010111
11110001101
00010101000
00010111100
10111010110
00011011001
00011011000
10000110000
11001010100
00100110101
10111110101
10001001111
00100010010
00010100011
00000111000
00011010101
00001100011
11111000100
00100010011
00100010000
01010101001
01111010111
00111000010
00110111001
00010000010
00100001001
00100001101
10011010010
10000111010
10111000100
00100010111
11001001111
00010110100
11000100010
01000001000
00011111011
11100011010
10000110100
10111111111
01010010110
10100000011
11001010001
01011110011
01011110001
01001111100
01001111101
01001100101
10101001100
01111100100
11011000000
01101001100
01000001110
11010101101
10100010110
11001011000
00111010010
00000011111
01001111111
10000110101
01101111011
10000010101
01110111100
11101011011
00001000110
10111110011
11111001110
10011010000
11101001010
11001101111
10111101011
00010000011
00110010110
11100111110
11001000000
01001111010
01111010110
00001001111
11000100011
10111100111
01111011011
10000111101
11001001000
00010010001
11001000011
11011110010
01111011100
00101100111
00100111100
01000110100
10011111111
00011110000
00100111101
10101001100
11111000110
11010111110
10011001100
11110000001
01111010000
10000001101
10011101001
00001111000
00100011000
00000110111
11100001010
11001111010
10101001110
00011100100
01111010111
11111101100
01101000100
11111110101
11011100100
00010100110
00001001100
01000011001
11111101101
01010100000
10010010111
00011100001
01001001001
10011111001
00011100010
00110111010
01111101100
01010010010
01110010101
00000101011
10010101101
00011011001
10000110001
00101110011
11001000011
11100010100
00110110100
00010010111
01110101010
11101111000
11110111000
01100010111
00100110100
01100011010
10000111100
11011000000
01101100100
00010101011
11000011000
01111010011
01010010100
01001111001
10111001010
11100011110
11000001111
11100111100
01100111000
10001110000
11011100110
11011011111
00111100101
11011000100
11110111111
10010010011
01111111000
00101000110
00010100001
00011011110
10101100111
11000100101
11000010001
00111011110
00011111111
01001111010
01000011010
10001001010
00000100110
11100001001
00111111100
01011101111
10111001101
10011100001
01101000101
11000011100
01011011111
10111111110
10111001111
10011000100
00110010101
01011111100
00111110000
00100110101
00001000110
11011101101
10010101001
01011000010
01011111111
10000100110
01100001001
01101101011
00100111001
10000011101
10001001111
11011110000
11100010000
10000011100
10111001000
00010111110
01100110001
01100000101
10001110110
10011010111
11001011011
11110001110
01001011100
01111011011
00111011110
11010010101
11100011011
11111100111
00100110100
10000010011
01010110101
00100001110
10101111000
01001010101
10010100011
11100101111
00100110010
11001100100
00111000011
01110001001
00101101011
11011010100
10100100100
01100100111
01110000101
11000011101
01011101001
11100111001
10000100110
01100111011
11110101001
00000010111
00101101111
00011000000
10101100000
01001101111
01000001111
11001110011
00110110110
10011001010
11011111001
00001110110
10100010001
11110010000
00001110011
01110100010
00001010001
00111010110
01000100000
00011110100
01111111101
00101101101
10101101011
10101110011
00100010001
11100001100
01101011001
00010010100
11100100000
11101101101
00110000011
11001011100
00110000000
01000101011
10001010101
11011101101
00011101110
01110010111
11101011100
11100010010
10100111100
10111001101
11100000001
11010010011
10101111110
01010111010
11011100000
10111101100
00111110011
10111010100
10100000101
11001110111
00010111000
10110100000
11001000111
00011111001
11110100011
00110100011
00110000111
00010000001
01100010111
01111100110
00011001111
11111111010
10101100100
00111111000
01110111000
10000110010
01010110100
00101101001
10111110011
01111010011
11110010001
00100101110
00111100101
00101111000
11001010101
10010101101
00100011110
00110010111
10100001011
00000110110
00000000000
10101100001
01110100010
10111110010
01001000000
00001100110
10000010111
10100101111
11011111101
10000110111
00101100101
11000001011
01110100100
01001011101
10110010000
01010000101
01001010000
10110010110
01111000001
00001111100
10011000011
00011101011
10110111101
10010001111
01101110000
10001101100
10001111001
00111011110
01010100100
00111011011
01100001101
01011010011
10101010001
11100111011
10001110010
11010101101
01110001000
00001100011
01001001011
11111100011
11100110010
11111111001
10010111011
11000010011
00110111011
11011101110
11000101101
10110110111
00110000101
01000111100
01010000111
01010101001
00111101001
10011111111
10111001011
01110100110
01000110100
00001101100
10110010010
01001110100
00010111000
11101111110
01011110101
10111001011
11110000111
10010001101
01101001011
11100011011
11101000001
01101110001
00110110111
11111100110
10010100100
10011000111
00100011101
00101001101
10011101111
10010001100
10110001110
00011110100
00100110011
00100110011
00011111010
01110111110
11101100001
00000010000
01101001000
00100101000
00011100000
01011101011
10000110100
10100000111
00111100010
01111100010
00001011011
01110010101
00001000100
01011101111
11111010111
11110011101
10100010001
01010111010
10000010001
11110100010
10100111100
10110110111
00000100100
11101010000
11110100111
11001010111
00001001010
11000000110
11100111010
01101001110
01111110100
10000101011
01110111110
01010110100
11101101101
01100100111
11101000010
00101011101
10011111001
01011000111
11100010000
11000101110
01101111110
01101011110
00000111111
01010010111
00100100010
00010001100
00110011001
01111100100
01010001011
01110001100
11011111101
01101110001
11110010000
01101100010
01100010011
01000001100
01011100111
01011100110
11101111101
00001100010
01110110001
01001110011
11101010111
10111110011
11001001110
01100011000
10110010000
00000011100
01101011111
11100111100
11001011100
01011111000
11101011111
11011111001
01011110010
01101010010
11101001101
00111010111
00110010101
01111001001
11101111000
10111101010
11001010001
11000000010
11110000011
11000011111
00100000010
11111001011
10101011111
01011011100
00101110000
01000110101
11110011001
10101100111
00010110010
10100101100
00000110001
11101101101
01111001101
01101100001
10011001000
11101100001
01010100010
10011010010
11100010111
11111011000
01111011111
11010010111
11100001100
01001110101
10011011001
10010001110
10111100101
11110001010
10110101110
01001000100
11111100100
00101110011
00000000010
01110100010
10011111011
01111100001
01001010110
01011110001
01010011001
01110100101
00101101000
01110101000
00010110011
00101110100
10000011100
00010110110
00110001010
10110001110
01000110001
10111100111
10101011001
00110111011
10000011000
01000011111
11100100110
10000101111
10100011001
10000101111
10100000101
00111010100
11001111101
11010011001
00100100100
11001101001
11110010100
01011000010
00111011100
10000010010
11000111011
10101000001
00100101000
00000000100
