10000110000
10100000000
01001101101
00101111101
10111001001
01001010001
00111110001
00000111001
00010110001
10001100011
10010010010
01110111101
11111100000
10010011101
10010111100
10001011110
01110001101
11110000101
01110010000
10000010001
00011110000
01101000100
10000101011
11010101010
11100100001
10000101011
00011011011
11100100011
00100111001
10110000011
00110000110
01110100011
10100111100
10111011001
11011011101
10010100110
10000000101
01000101000
01001111110
11011101000
00011110000
01101101100
00010110010
10010111110
00010110001
11101100011
11000000000
00001010100
01111000101
10001010010
10101111111
11111100111
01000011011
11001011110
01111011101
00110111100
00001000010
10001110011
10110110011
01100000011
10101011011
00001100101
10010000101
10001110000
10010000011
10000101001
11000111101
11001100100
01000010010
10000000110
00010111111
11000110110
11011010010
10011000111
01011100111
10100010001
00000101010
01110101100
11010010000
11001110000
11101111110
11011010010
11010110001
11110101001
11011011011
11100101010
00001110000
00010111111
10000000101
01101000101
10010100000
11100110101
01100100000
11001101110
11100101110
01101100101
10111110100
00111101000
11110001100
10101010001
01101101100
10001010001
00111110010
01110110010
01100001101
11001001011
11101110011
10111110011
11001011000
10000101101
01011110001
11111000001
00001100110
11010001010
10100000001
01111001101
01100101011
11111110010
10010011010
11111110001
01000011111
00100111001
00111101001
00111100110
00000011101
10100010111
01110011011
01100101110
01001101110
01010111111
10001000011
00111101010
10111100011
01110101010
00111000101
11110111011
11100100111
10101110100
10001011100
11000011110
10010111010
10011100110
00001000011
11000001001
00110010101
10011011101
00110111011
11000101110
10111001010
11000101001
11011010101
11101010101
10111110110
10100011111
00100010001
00010101001
00101001100
00101010000
00010011010
11001100101
01001111101
01001101100
00100010111
11111101001
00011011010
01010000000
00111111011
11111010111
01110001010
11011111100
10001110110
10110011010
10011111001
10000111001
01000111010
01100101111
11100010011
10011000001
00100010110
11010101011
10010001111
01011010110
10001010010
10110100101
01111011010
01000100001
10001100001
00111001100
00010011011
01111100011
00100011001
01100110001
10101111001
11110100101
00110110101
00010000001
10010110001
11100000010
11100100111
00101110001
11001111111
10100111010
10010001100
00100001010
11000011011
00001001110
01101010000
00000111101
01111110111
01110001110
10111001010
11100111100
00000100011
11111100011
10101101011
01010010101
01101101111
10100111001
01010010010
01000011101
10100011101
01010101100
01111010011
01110000110
00011110111
11011010111
11101010001
01001110001
10111100101
00010000010
11011011000
11001110011
00000111001
00101010000
01010000001
00011101010
10000011010
10000111100
11111000011
10101101000
00110110110
11100100000
10000101101
00111000000
11000010100
01110101101
10110011110
10101110010
01011111101
11100100111
11010001110
00011100111
10111001111
11000110111
11111010110
00011001001
00110011111
11111000110
01011001000
00000110001
10011111011
00010000001
11011010010
10010101110
00011110110
01000100011
11101101010
01010100011
11111100010
01011101011
10110111011
11100011000
01011011010
11001000000
11001111011
01001111110
10111011110
10110010101
00001111110
10101100000
00110010111
00100011101
01110100011
11101001001
00000010010
11001101110
00100111011
10110100010
11011100100
10011101010
10101100011
00100100010
11111100000
01111011001
00000011001
10011001000
11100100001
10110010001
11111111110
10011110111
11111110110
01110111000
01010010100
01110110000
10110010011
00101001100
10010011111
11100000110
00000110111
11111110101
00001001000
00101011001
11001010000
11011001011
10010000000
00110100001
01001001000
00101111111
01110110000
10001110000
11011100111
00111000001
01000011110
10011110101
01100111011
11101110110
10001101100
11101101011
11000011101
00110011011
11101010110
11101111011
11010111001
10011110100
10001010101
00000000010
11011100011
11101010110
10110010010
01000100101
01010100111
01000010000
11011111111
10110000011
01100011010
00110000011
01111100110
11001000110
10001001101
10110110000
00001110100
01000100110
11111111110
01101010101
10111100101
00010010011
11100010001
00001000110
00110001001
10010000110
01100111110
11000011011
10000110010
01000101000
11001110110
10011010100
00111110010
11100010100
10101010000
11100011001
01010111111
00101001011
11000111101
11111101010
01001010111
00000100111
00000001100
00011100010
10100101001
01100100100
00001011100
11111011000
11100011101
01100111100
01111110110
11001100000
10001000011
00000100010
10100000101
01010000011
10100110001
01000000111
10101100110
01001101100
10110001100
00111110000
11010001001
11101101010
11110101110
10101100111
00001010110
11011100011
00001110011
00011011010
01111111000
01010110011
00101010010
10011110100
01001110011
00001000111
11101010000
10100110001
01011001100
11111011100
11100001111
10100111110
10101101100
00110111010
00111000111
00010011101
10110000000
00101111011
01010000111
01101000001
11100110101
10001100010
11001001001
00000100111
11110110011
11100011111
00100001100
11111111100
10101000110
01110111001
01010010010
01010010010
00100001100
00011101101
01001000011
11010010101
10110010100
01100001011
11101001010
01000001011
11111110110
10001001001
01011010101
11110000011
00000111101
00111101110
01110011111
11100011100
10100010000
00111110001
10011000101
11000001001
11101011101
10000110101
01011000001
10001100111
11010001000
01110000101
00010111111
00111111101
00101000011
00000001010
11100111100
01011011001
11110110000
00010011110
01011111010
00100000111
11011000100
00001001110
00010101010
01001010010
01010011000
01000001101
11000000100
10011001110
10100110001
10000101000
11010101011
00001011000
01010010110
11000001011
10011110111
11001101010
10111111110
01111000010
00010101100
01010010011
10110111011
11001001101
01011110101
01101001000
01001001101
11001111010
11001111101
10000111001
10100000111
00100110011
10110110010
00111101101
11110000101
01110011100
10000100000
00100011011
00110001101
00110000110
00001110001
00111101010
10111011111
11100011110
10111101001
10110001111
11111110011
00100101111
10001011100
00100111011
01011000010
00000001111
01110110000
11101010010
11010011011
10011000111
11101001011
11101010111
00001110110
10100000101
01011101000
10001100110
00110110101
11000110111
11110101010
11000000110
11000010111
00000001011
11100000001
00110100110
11110110010
11111000100
11001010011
10101001000
11101111011
10110100000
11110101001
00001000010
11101110000
10011001101
00111111000
11011101000
11010011101
10010011110
00010000001
01101000010
01100010111
01101100001
10100110001
00111010111
10001110010
01001101101
00111101110
00001010110
11010100000
10000001110
01010101110
01011110010
10001110100
00001101011
10110110010
10101011111
01100111011
11001111001
11101011101
11001111100
10000110011
11001010100
00111000111
10100001010
10100100011
00100010000
11010100111
00111001101
11111111011
01011001100
01100101011
11011100110
01010000000
00001100011
01011000101
10001011110
11011100011
00100100111
11110010000
00100001000
00100110010
10101110010
11101000100
11111111010
10111111101
01010110100
10001000111
00110110111
01110110110
01100000000
01110111011
10111110001
11001011011
10110011011
01010000000
11010110010
11110110001
10000100010
10001010110
00001101001
01101011100
10010000011
00110001111
01001110100
00000010011
11110000011
11010100100
11000100011
10010100000
10001010100
00111000001
00000101000
01101100110
10000011011
11110011011
10100111110
01011010101
11011001100
00001011000
01000011111
00010000011
10010101110
00010011011
00001001011
01001001011
11011111111
10010101111
00100001110
11010100101
00011110111
11001110010
01101011110
00101110011
10001111010
11010101000
01100100100
11010100111
00110101010
00111100100
11011110000
10000011011
10101111111
10110000011
11111111000
00101101110
11110011110
01011000110
11011000010
10101011100
11010010101
10000111101
01111001001
01101010110
01111010011
01111100101
11110010010
01011110001
00110101101
00000000001
01001111011
00101011100
01111110010
01011111000
11111111110
00010101000
00011010011
01111010000
10001010101
10101001010
01000100101
00011011010
11000101111
10101001011
00110101111
10101011010
00000000100
11110000011
01101011100
00101101111
11111110110
00110110101
11100010101
11101010000
11111101011
01111100100
11010000100
00111111101
00111010001
11101110101
01110101001
11110101100
11100110001
11000110001
01110001010
10100010000
01111110001
01011101101
10101001000
00010111101
00110100010
10110010011
00110101110
01111001100
00011000111
11101011001
01001110001
10101010100
11011000010
01101101101
11010000101
01111001011
01010111001
11011011000
01000110101
11001001000
11010011101
00100111010
10010001010
00111110011
10111101110
10010111010
10100111000
10000101100
11110101010
10010011000
00101100000
10101110001
00000100101
00011101101
01011000111
11000010100
00000010111
00111010001
00110010111
10100010000
11100100000
10110101011
00000110001
11010010100
10000101000
11110100010
01101010100
11000110110
00101000101
11000111100
10001001101
11010011001
10110000011
11011100000
00000010111
01010110000
00000111111
01101100011
10101001101
01101101010
10000100111
00100000110
10010000110
01010000101
11110001110
11011000001
10010010010
00001011100
11110100010
11011001110
10011111111
11110010110
11110111010
00111110100
10101111101
11100001000
01010000001
11111011011
00100111010
01011011001
10110000100
11010111001
11101111001
01010101101
11010100111
01110111001
00011111110
01101101000
11101010111
11101010001
11000000101
01000110101
11100111101
00000110011
00000111100
01001100111
00111000111
00111101010
11101101111
11010100010
01111101000
10100111110
11000111000
10000100110
11000110000
11100110111
10001110111
11100011011
01001011000
10100101001
10001001100
01000001101
00011100100
01001110110
00101011010
01001011111
00111011111
11001100100
10011011110
01011111011
00001101001
11000011110
10111100101
00110001101
11010000010
01010010010
11111000111
11001100010
10010100011
11101010110
10110111110
01100101100
00110111110
10110010001
00101111000
10001000101
11011011011
00001111111
01100100011
01011011011
00110011111
00100000110
01011100100
00011011111
10000001100
11110110000
10001000100
00010111111
11110001011
11001001011
00010110111
00000001111
01001101011
11100011111
10111000101
10101100110
00011111010
01101011001
10000000001
11000111110
00101010000
01101000100
00010011001
00010111101
00101111110
01001101101
00010111110
00011000111
01001010101
11100001111
11011000100
00001100001
00001101001
11110101100
10011000001
01100001110
01011100010
01011110101
10000001011
10100010011
00110010111
00001101111
00010110110
00000100100
00000000001
11011111011
10110010101
11110011111
00010010001
11001011100
00010001000
10010001000
11100010101
11111001011
01000110101
11100101000
01001110110
01001010001
10101101001
01101010110
00010110010
01110100101
00101101100
01100111001
00010011001
00011100011
11111111111
00001001110
01111001111
00101110011
00110100111
10111011010
10100010101
11101110001
10010111011
11101110011
00010001011
11110000111
00011101101
00110011010
00011011010
00010010110
01110110101
10011010011
00000001101
00101011100
00001101000
00101011100
01101100011
10011101010
11001101001
01011011001
10101000001
00100001000
00100110011
01111100011
01100010110
01001000100
11110011000
11010100011
00000110010
10111011011
10000011110
01110111000
01100110111
10001010111
00010010000
00001101010
11100100101
11000100100
10100111010
10100010101
10011001000
00101011100
01001000010
00000101001
10110011000
11101001100
11010000100
10011011101
10010010101
11001010011
01001100011
11001010011
11000011011
00011110011
01010111101
11001111010
11110100100
00001110111
10110101110
01000101011
01001100010
00011110010
11101111110
11110111101
10100101010
11011011000
11111010110
00011101111
10111110000
10001100010
01000010000
10101100011
10001101001
11100001000
10010111001
10111101011
00111000101
00011000111
10111010111
10101110011
00101010000
01011010011
10010100100
10000011010
00101011101
10110111110
00000101100
11001111010
00111011111
10100111101
11001011111
00000000110
11111100011
11100000000
10111000111
11011011010
00011110010
01011000000
10110011011
11100110001
11001110011
01111111010
11100100011
10111011101
01111000001
00101111110
10111101001
01010001000
01000011110
10011010001
11000111110
00000000100
10101011010
01010101101
11000110010
01010001011
01011001000
00001111111
00101001110
11001011010
10111110111
00100100100
00101111110
00010100101
00001010110
01010110100
01010010100
11101101111
00110000100
10001001101
00101110010
01111011011
01001001000
11111001001
11010101001
11001010010
00100110000
11001000001
11110100110
00011000010
11100011011
01010101100
11011100111
10000000101
00010010100
00111101110
10010100000
11110001011
11111110100
10101100001
10000001001
01000111001
00001110000
00100001000
00100110111
11001010010
00000100110
11010101010
01000001111
11011011000
00110100101
01111000010
11100000001
00001111001
00110010001
11001100001
11011010111
00111010010
00101011101
00100000111
00100111101
10000001001
00010011011
00001010100
01101010001
10010011110
01001111001
10000010011
11000000011
11110000010
10011000011
10110110110
10010101101
11001011111
01011000101
10011010000
10010110001
11100001100
11100011100
00010000101
01000000100
00011110011
11110101011
11001010110
00111111110
01111100010
10110000010
10111011110
00011001011
10100011100
11001001011
01111101010
11000001000
00001010101
11001101011
11100111110
10000000101
10001101011
11001101011
11101000000
11010100100
01001111100
11000010000
00101100100
11001110101
11100100001
00111110000
00110100000
10111010111
11100001011
10111101100
10110000010
10110111101
01001000001
01101001111
10111000111
01011101100
01101101110
10001110011
10000101001
11010010111
01011100011
01110100000
00100100011
01111100110
11111010101
00010111111
10111110010
00000000011
11000110001
00110110010
11010010111
11010001000
10100001011
10011100010
10111101001
10101001010
11000010010
11101011101
01101000110
01101111101
10001110010
00000100010
01001000111
00101011111
00001011011
11010110001
10111111110
01001110101
01110011001
01010001000
01000100001
11000011101
11110011100
10100001111
01110111010
10111100111
00110010111
10000001101
10001111010
01111110010
00111110010
11001110000
00100110101
10100010011
00001001111
10110000111
01010100110
01101010011
11100110111
00100111111
00011111001
00100000000
01111110100
10011111011
11000110011
01001101110
11001010101
10010101111
01101100111
00110010000
01010000011
11000110100
00000111001
01110101001
10101110010
11111011001
00111001000
01000111011
11001110101
11111111010
11110011100
01010100000
00010000010
01101101011
00101101100
11000101111
00100111110
10010010111
11100001101
10110101110
10001100100
00110011011
00010000100
11110110100
00110110010
01011011011
00110100001
10111101100
00101011001
11000000100
01001111001
11001111010
11000001111
10110011101
01011000101
00110110010
10111001110
00000011111
10000110011
10101010000
00111011010
10110110011
11000000100
01100001110
10001101011
00010001101
10010011001
01101110000
00100010011
00111110001
11110011000
00111010001
00111000111
11011111110
11101011011
10001110000
00011011110
00101000000
10101100100
11111010010
01100111011
00000101101
10010101000
01001101011
11011101110
01000100101
00100011001
10001100010
00111000010
00100101011
01100110110
01110010100
01011010100
11000110011
01101001100
11001011100
00101010010
11011011111
00001011111
01011000110
11100010110
11001100101
11101001111
11001101111
00100000010
01110100011
00000111010
00011001101
11101110011
10000010110
10110110111
00111101100
10110001110
01000010000
10101101100
11011011010
11111100000
11001000110
01011000011
11101000010
11111000000
01011110010
01100101000
10001010000
01110100111
01001110010
11100100101
10011011110
00011111110
00100100000
10100110100
10101000000
11110101111
11100111101
10110111110
00111001101
11010100110
01011101010
11001101101
01100010011
11111000010
11110100101
01111010100
10010010111
11010110011
11100101111
11001011001
01111001010
01011100011
00101001010
01010111010
00000011011
11000111111
11101111111
00101010100
01110000111
10000101101
11111011110
01111111011
10110011101
11010001001
00000010011
00010100110
11110111111
01011000111
10111111010
10000001001
11110101001
11100001010
10100110001
10001101010
11111000101
10001110111
01100011010
00111000100
10101111001
10100111100
10011001001
11000100001
00010001000
01100001111
11010010000
11110001110
01011010110
10011100110
11011001111
10100111010
10111011101
10001010110
10101111011
01110111101
00011011000
11010111001
11110101100
00011100011
00010011001
11101101010
01000100001
10010101011
11111001000
00111111100
11010011000
10001001100
10100000111
00000111111
11011010000
10010110110
10010010010
01100010110
10110101001
01101001010
10100111101
01110110101
01010111110
01000010101
11001111001
11101110011
11011101010
00000010000
10010011010
01111001001
01010000111
10101101011
01010011111
00011110111
10001001111
00001011111
10100011000
01010100011
00100100011
00000001101
00001010010
01110000001
10001011001
11110110010
01000011011
01001111111
11001001011
11101000100
10000011010
10001000111
10100010110
11110101000
10011011010
10110111100
11010001000
00000011000
11001101101
01110100111
00110111100
11100011111
11000110010
01111000010
11000101101
10111100001
01000101100
11001001011
11011000101
01010111110
00100101010
00101110011
10110010000
10101100110
11110111100
10111001110
11001000000
01111000010
01000111000
10111101110
10100010110
01101111111
00111011010
11010010110
00010100101
00000101011
01101110011
00111111001
00100100100
11011000000
01000101001
00001000101
01101111101
01111111011
11101010101
11100101101
11110011011
01101000101
01010101111
00101000001
01000001011
01010111011
01110001111
01100100001
01111011001
10010011011
11001101001
11011110010
01110101111
11011011010
11000010001
01100000111
11101010111
11100010101
10111010101
11111101001
11100010000
10100111111
01011101101
00011011000
01001010111
11010001001
10100001101
11110001000
10011001100
11110111101
11010100101
01111001000
01111101101
01011101100
10000100100
01010011001
11010001110
10001100101
10000101101
10101010110
11001110010
10101011000
11001100110
11000101010
01000111001
00111010010
10010110101
01001010000
10110100101
01100100001
10010000100
00101000111
11010010010
10110010111
11101001001
01001101101
11101010111
10111011010
01010011011
11101010001
11000100011
11000001001
11011110110
00110000111
01010011000
00101111100
00001000001
00110100011
01101001101
11101111010
11101011011
10111101111
11011001010
01011000000
10100000111
00010100011
01011001110
01000101010
01001101000
11100010011
10110001000
11010101110
01111011110
10010010100
11101001110
10011100101
00010111001
10110101101
00101101111
00011111010
00000101100
00111010111
01110110001
00011010010
01101100101
01001010100
00011010011
00010110110
11101010111
00100110011
10001100001
11111001101
10000011000
11001010110
01010101000
00111011001
01100101110
11000011111
10000001100
01111110010
01101100000
00011010111
11001000111
00100110111
01011000011
10000010100
11101010100
11100010010
10110010011
11110010100
00000000010
01001000000
00100001110
11110001101
01100011010
11011110110
01011110111
01001011100
00110000100
01000111100
11000101000
00111010010
11011111011
00100011011
11000101011
01001000100
01111001001
11100101001
10000110011
00010001101
01100000001
01100100000
01001000101
01110010110
10000000011
10100110010
00110000011
01000000110
11111101111
01010010000
01111101100
11011111100
11111001001
10110111110
00011111010
01110110110
00000111111
10110011010
10010000011
01100010101
01110011100
10100011001
10000111100
11001011011
00011011100
01010000101
11100100110
01100111001
01001100011
01001011010
10010010111
11111110011
11001100111
10001000100
01101101010
11111010110
01001001111
00100111111
11011001000
00001011110
01111010000
11010000100
01111010101
11110010000
11110110001
10001100100
11001011010
00000010000
01010001010
10110100100
11100111010
00100101101
11111010101
01100000001
01011011001
00001010011
00001101011
00010100010
10101000010
00110011010
00011111111
00100110101
01010100011
01011011101
00011101000
00010100110
01000100100
00111100110
00011011111
11101110000
00110010111
11011001001
01111101101
00000110011
10101011001
11001101010
00111110011
10111001110
01011110110
10100001100
10101101110
11000111000
11011100110
00101110110
00000111101
00000011100
01111001101
11111110011
10011110111
01001100011
10001001111
01010110011
01111000001
01011011110
01110111001
00110110001
10001000010
10101011100
01010100001
11000100111
10100101101
11100110100
01010110001
00011111010
10100111110
10011001000
10101000010
00101000100
11100001100
00010100111
10011011011
11111000111
10010001001
10000011000
01110000000
01100111001
01101111101
01011011100
11100101001
11110010110
01001101110
00100111000
01000110100
11111011101
11001101010
00101100101
10000100111
10011000101
01101011010
00100101100
00111010100
10110000010
00111110111
10001110000
00001110111
00001001010
10001111011
10111101111
00111011101
10110100110
00010000000
11110110001
10110010111
00111110110
00101110100
00100101100
11101110000
11010010100
00011001100
11011101001
00010000001
00001111110
01100001100
11111100001
11110100101
10000100000
10101000010
00111010001
10101111000
01101110001
10101111110
10101010100
11100100100
00000101000
01011110010
01100101101
01111111100
10110111011
11110110010
11110111011
01100110010
01010011110
00010101010
10110101101
10101110001
10111000011
10101110000
01001001001
00010011110
00110101011
00101100111
01001001100
11100100110
00000111101
11110011011
01111101011
01010100101
00000000000
01001010010
10000110101
11000011111
10101111000
10111111101
00010100101
01111110111
11000010011
10100111100
00010100000
00001001101
01110000101
00101000100
01111011101
10011100010
11110010100
11110110111
11100001000
01010101000
10111001101
01111011000
11111011001
01100001001
11010001010
10111011100
11000010001
11100000001
10010111011
11100101010
01110100111
00000000101
10010101000
00110000100
00101011110
10110100001
01001010001
11001101011
01100011100
00111001011
11000010000
01011110010
01110011011
00000110100
11010110111
11100110111
10101001010
11100011100
01000010010
11010001011
01111000000
10011000101
01100001001
01110001001
11001101010
10101110101
11100011101
11001011011
11111101010
00101110101
11011110000
00110000011
11001111110
00110001100
10000110101
11100100110
10111100001
10010100110
00101111110
01110001101
01101111010
00111100001
00010100000
01111110111
10000001000
11111010101
10111011101
01000010001
00000111111
10001110000
10010011011
00000110110
00111101001
01010010110
00001110100
11110111101
01110111010
01101101101
00001011000
11010110111
00000101011
01000011111
11001011011
00100001000
01110100011
01011111011
00110111110
11100100000
00101100000
01010100010
10101011100
10111011100
11011001110
11101100100
01010010010
01100110001
01000001011
01001010000
11110100000
11101001010
00101110110
11001001000
11111011011
11110110000
01100110001
11001111000
10001010000
00000110111
10011100010
11100011111
11000101111
10010000010
11010010011
00001010001
11001001000
10111001111
11000000001
01001110110
01101101010
11110100100
10011100010
01011111110
01111000101
01010000101
01000000101
01100110000
10100010100
10101101110
00100001010
11001101111
01101000000
10011100101
11010110100
11111110101
00111010101
01101100010
00111111011
10000110110
11110000001
00000010001
00010001101
00010111100
10101000001
01101001101
00101101101
00110110000
01110011011
11111001110
00001111010
00000010001
00001100110
01010111010
01000010000
01100100001
10011111100
11001011111
01001010111
11001100100
01010101110
10000001100
10000110100
11011100010
00101000101
11000011100
10111111100
01100100100
10110011000
00011011011
10100011001
01111111010
11100010111
00101110101
10011100101
00100110011
01101100011
10111110011
11110011001
11100011111
00011110001
10001110100
10000100101
10000111011
11000000101
10110000110
