11111110101
00000001000
11111101100
00010001000
01010011111
00011100110
01010001011
00101110000
00110011010
00101000010
11110000100
11011011110
00010101110
11011001011
10111000011
11001000011
10100111010
10100010101
01101010100
01110101010
10101001011
01110111010
11100001111
00000101100
00100011001
10101100100
10001100101
10100001010
00101111000
10101101001
01110111000
10110001100
11100101000
11000000011
00011111101
10010111001
00010100100
11100111110
11110110111
11000011000
10111110001
11100010000
11100111111
00110100100
11000110100
01001011011
10001100111
01111111011
01110101111
11111111011
01100111101
10001100111
10011010000
01110110100
01010101001
01111001100
10010010101
11111111110
01101101110
11010100101
10110010111
00010011001
01011001111
11010101101
01101101000
00001010111
10000110100
10000111110
11010110110
00011101001
11011101001
11001000001
10110010101
10010010000
01111011010
00100001011
11000110101
10010111001
00011111000
10011101110
01110010011
11111010011
00000101011
01001001010
00111010100
01011111100
11110011101
01100101110
11111101110
00011011100
10010101101
10001011010
11100110110
10110101110
00011110011
01010111111
00011100110
11000110111
11110101101
10001010111
11000101100
11100010111
01111011110
00010000011
01101010010
11001010110
01000001101
10001111001
00010110101
01010100001
10110010100
00110011011
11100011110
01001101010
10100110001
10101001000
00110010101
00011011010
10010100010
11000111001
10000000000
01011111110
10011110010
11001011000
00100011111
00110010110
00010000101
00101011100
00010110001
00000011010
10010101101
11100000000
00011110100
10110100111
00010010001
01101111110
10111100111
00110011010
01100001001
01001011101
11100011100
11111100001
01101110001
00010101110
01000000101
00011011111
00100101111
01011100001
10101101001
00010101100
11010010111
10111101100
11010010000
11100011011
10010011011
00110100110
11111101011
11001101010
11001111010
01110001011
01010101111
00101010101
10110001011
11010111100
11000100100
01101101111
01111010111
01011101101
10000110100
01010110010
00101000001
01011000001
10100011110
01100110101
00001001000
01010101000
00110100011
10111101101
01011101011
01110001111
01100011011
10110100111
01001011000
11011000001
00000100001
01101111000
01001110000
00111001011
01100011110
11011010100
11010001000
11101110101
01101010010
00110111011
11001010011
01100010100
11111001100
10001000011
10111111110
10110000011
10010000101
00100110100
00010111101
11110110001
01101101110
10101101111
01100010001
10101010000
11101011010
11010111010
11110101010
10001001111
11111111010
10110001100
11010111100
10010101101
10001000100
01101111101
11010110011
11000011110
10100011011
01101111000
01010001101
01010000000
11110011100
11101101000
00000101110
10100111100
00010000101
00101110011
01011100101
00011110110
00101001101
11101001111
11110111010
10001101000
01111100001
11110101010
01110001010
00010011110
00011111100
10001011010
01111101000
00110100101
10001001101
11100100001
00001101100
00111100011
10110111001
11111111011
01101000000
11011001001
01110101100
00001101011
01011111110
11100001100
01110010100
01000001110
00101101001
11111110010
11001110100
11100010000
01101011101
11001111101
01110101011
11100111010
00010011001
01011001111
00001110001
10101101111
11011001001
00011001000
11110001100
01101000110
10101100010
00101001011
00011111101
11101100001
01011101111
11110100110
01110110100
00100101010
10110011110
01100000000
11011001000
01010101100
11011000101
01100011010
10110100011
10100110001
10111110010
10001111111
10101101000
11111010111
01110101111
00001100111
10100111010
00100000111
01111000010
10111010011
11001100000
10110110110
10101100010
00000101111
10011100001
01111111010
10110011111
11100100001
01111101001
01101101000
00011100101
11001111101
00011110110
00100110101
11011001010
10111001000
01010100000
01000111001
11010010011
11000000101
10110110100
01000010111
00011010001
01000001011
01001000011
11100111011
11101101010
10111101001
01010110110
11011000100
10000101001
01101110110
01100110110
01000100011
10000111001
00000010101
01100001001
10110010110
10101001101
01011010110
01000111110
01110010111
01110101111
10001010010
11111101100
00111010100
00111101010
11100011010
10101001110
11001100000
01001111111
00101110110
10001101010
10010001000
01101011010
10110101000
00100001110
10000010000
01100111011
01110000101
00110100011
01001110000
10000100000
11000100001
00011011011
11011101101
10011100100
01101110110
00101101011
10000100110
01010100100
10000001100
01100111110
11011000000
01101010011
10111111000
11010100000
01111101111
11100100010
11000001001
10111100000
11010100000
10010011000
00000000111
00001000101
01001110111
11001110100
10010001000
10111011000
11000011101
10110101000
01110001011
01000001000
10101110101
10111101001
11100100011
00011110100
00011111100
11011110110
11110101101
01110101101
10100110011
01000111011
01001110111
11010011011
01010011100
01101101111
00101100100
11000010010
00001011111
10001101000
01000110100
10100100111
10001001101
11001110000
11011010110
01110100011
00011011010
10001100001
11001110111
00011110111
01011001000
00100110010
11111101111
10001000000
01101010110
10010001100
11100011010
01011111110
00110110001
11001111000
10001000010
01001000010
11010001011
01110001001
11010100111
01011110110
00110101101
01001001101
11001100000
01110110000
11101100011
10101001000
01111000110
00101001110
11111001110
10001100110
01101100100
11001111001
11010111011
11000110100
01110100010
00110101011
10100111110
10100101101
10101111110
01000001001
11101000100
00000100100
11000000010
00000111001
11000100011
10101011010
01111111011
01100011111
00101011001
11100000011
11111010111
10111101001
00010001001
01001010101
10101101101
11111010011
00011010101
10010100111
01111111010
10100101011
00010011011
01111001111
10011101110
00010101001
11010000100
00000100011
11000010111
11001001010
01011011011
00111110101
01010100101
01001101001
11101001101
01100101001
10111010001
00110001010
11000110110
11010001111
00001110000
00110001111
00111011001
00001111011
11011100000
01110011001
11010011110
11000101111
01001011111
10010000011
10111010010
00101110101
00000011111
01010010110
00011010001
00100010100
11011111101
01011010000
01111011110
00001101010
10100100111
10011001111
11000100001
10001111000
10010011110
01010001011
01000101011
10111100011
11100100101
11110111011
00011001101
11010010011
00001101001
11101100100
01010101111
01011010010
00110100000
11000001011
00110000001
01001111100
11000101100
00110111001
00001101110
01100110011
11010001110
01101010010
01001011010
00100100111
10010010110
10011110011
11010101101
10110011011
01000000011
01101111100
01100010100
00110101111
10101100101
10110101110
01110010101
01010100011
11110010101
01110101100
11011000011
01001000010
10001001100
11001111001
01100000001
01111101110
01010100101
11000011110
10101000111
11101011111
00010101110
01011100110
01110001000
00100011101
10010011011
01010100001
11100001110
01100000011
00100000100
10110100010
00101111110
01011000110
00110011101
00111000001
01001100010
00111110100
10010111101
00000010001
00010100111
10001111011
10100111010
10101111111
10100011010
01011000010
01010001010
01010001011
10110111001
10001100011
00101101110
10010101110
11110111111
00110011001
11110000110
10010101001
00111000101
00100100001
10101010001
00000010110
11000101011
01101111011
10100101101
00110011110
00011111000
10111001000
00000000100
00111000111
00001100100
01101011111
10101011000
01010001110
00011010110
01101011100
01110110011
00100010010
11101001011
01101001010
11111110011
01101111101
01001001101
01111110110
01001101010
00011110000
10110001110
10111011111
10001100100
01100001010
10010110010
11110100000
10110010110
01000101100
10010001101
00110111110
10111100011
11011001000
10101100001
01010000010
11101000000
01100000010
10001010100
10001100011
00111110001
00100001100
10101001110
11110001100
10001011111
01010011001
11000001100
11101100101
10001100100
00010011101
10000110000
11011100011
11111111111
01110010011
10011011110
10010001000
11101110010
01110001110
10001000001
11101100000
11001000110
11100101100
11111000010
11110000110
00000011110
10101111011
11011000011
00010010100
10011010000
11100000101
10101111000
10010110110
00001001110
00010100101
10100110101
00010101010
01010110111
00011100001
00010011010
01010000001
00110111110
11011110111
01110001001
11111011001
00110110001
00011100000
10010001101
10001110101
11101011110
01000111110
11010100110
10111000001
10001110011
10011100010
10101101011
00010010101
01101010001
00101111011
01101011011
00000001111
10110110101
10010010101
01111011110
00100011110
11111101010
11001001111
11000011100
01000000110
10110100000
10100000110
01111001100
10100101111
10111010011
11111111001
10100010011
01101111111
10101111011
10001011001
10000100001
00001111101
00000110001
11001101100
11001110011
10010101010
11000110000
00001000100
01010101101
10011000000
01100111100
01111011111
01010101010
11010000010
01100011000
10000000100
11000010111
00010100101
11100010011
11000000110
01010010000
00011000000
11100111011
00111111010
11001110111
10101111110
00001111111
11011110001
00110010000
00000010100
10001110111
10111101110
01011110110
10011011101
10001110000
10100111011
11100001110
10101010110
01011011010
01100001111
01010010111
11101001001
11111100010
01001111101
10110100100
00110001110
10110101000
11100110001
01101010110
01110101101
01010001010
11101000010
11000110011
00001101001
00011110110
10011111000
01100100011
00110100010
11100011011
01100111111
11010110111
01000010000
11011101111
10100111110
00011110111
00110000011
00111100010
11011101110
01110111101
10100011001
01111100000
01000111001
00001001110
01010111100
01110011000
01100001011
11110100111
11100010000
11010111101
10000101010
00101011101
00000100100
10000001011
00011101000
00100001001
01100001001
01101101010
00011011111
11110000010
10100100101
11101111010
01010110000
10100001000
01111111101
10011001000
10010001100
00111001111
10001110001
01001010011
11100001001
01010111010
11110111111
11000100110
01011011100
11110001011
10101010101
00011011111
11001101100
01001010111
00101100001
00101000010
10001100110
01000000110
10111000010
10010100011
11100011010
10000000001
00111011010
01100010111
00101111011
00100110011
00101001110
00111010011
01100000000
01100110001
11000001101
10011110111
10001011111
01010000101
10001001111
10111001000
00111101101
10100110111
11111100111
00010100001
10001000001
11110011010
11110100110
01100010110
10000011101
10000110100
11100001001
11110001001
10110011110
10010001111
10100000010
01111001010
10010011101
01010001011
10111000010
01000000010
10001010001
11111101010
11000000110
10110010101
00110010011
00111000100
01010001111
11111010101
11110110001
10100111110
10111010001
11000011001
11010111000
00100001110
11101010100
00111010011
10011111010
10100000000
10100011010
01000101000
01111110010
01010111111
11011111001
10111101110
11101010111
11110110000
01000110011
00010100101
00110010111
11001110100
00110000111
11000110110
11100011101
01101100011
00011111100
01100011011
01011100011
10101111010
10001010000
10000010110
00101100011
11101010001
10001110011
10001101001
11110110010
10001010000
01011100111
11001101000
00001000010
00101011111
11011100010
00100110100
11100011100
01111001010
11001000000
10110010001
10001010101
00111010100
11101011001
10100010110
11001110101
00011110100
00010001000
00011000111
11110000111
00010011011
10111000010
10110110111
10110010010
01100000111
11001100111
01011000100
00000100110
00101111010
01100100001
00011100011
10011000111
11000110111
10110111010
01101101101
00100111010
10101011110
01100011000
11001110010
11011110110
01101011010
00100100001
11001111100
01011001000
11001001101
11001011001
11100101101
11000111011
11110001010
01000011001
01100001000
11010000101
10111101000
00100011011
10111110011
11010101101
10010000011
01010001011
00000010101
00110010101
00001001100
10000101010
00011110000
11010001000
11110110111
11110100111
00010011000
01100001110
01010100110
01011111011
01111100010
01110011000
00100111110
01111101111
01000011010
10000100011
11100101000
00110010100
00010000110
01100111010
00110101011
10100010011
00011000010
01010100111
01100011110
10010101111
01101100010
01100111001
10100111011
11000011111
10100101110
00111010110
10010010010
10000000111
11101010011
10000001001
00001111000
10101110010
01101011010
10001001100
10111001111
10100011001
00010101101
00001000000
00010111010
00010000010
11000000101
11110111001
00001110111
10101100001
00111111011
11011100101
00111000100
01110110111
10011110100
10101001011
01001010110
11110010011
10110011110
10110011011
11000110100
11001100010
11110101111
01010001001
01000111001
00001000010
00101110111
01000010100
00011100111
11001011100
00011101010
00101011110
10101000001
10000011110
00001111000
11000111001
01010100100
01010101111
11001101111
10100111111
00110011001
01100100101
10110101100
11101001011
01101011110
11001110010
11010011111
01111001100
11100010110
11110111001
00101010011
00001111000
11000010011
10011010010
10100110001
11100100101
01000100110
11101100011
10011001011
00111000101
11111001101
01010011000
01100010110
11111110011
11011100010
10111011000
11110000110
01011100100
10110111100
00101000000
00110001010
10010101110
10101110000
10010000010
01000100011
11100100111
11111011110
11000001001
01111001011
10101010000
01010111111
10111000111
00001111001
01101011011
01101011101
11110110101
11110101100
10111011010
00111101011
10111100000
00010011001
00111011101
01110010101
01000010111
01111111011
10101111110
10001011010
00101001110
01110010100
10111100000
10101100110
00010111010
00010001011
00110000100
00111000011
10110101101
11101010111
10000000111
11001000000
11011000101
00111101010
10000110001
00101011101
01000100111
01010101000
00000001000
11001010111
01010110101
00100011100
10111011100
10011101010
01110011110
00110111011
01000011110
01010100100
01100000010
01010001010
11100000110
00011010110
01011000110
01001111000
11110011100
01011110101
11001100001
10110100001
10111101111
11100110111
11101110101
00110011000
11110001000
11000111001
11110111010
01001001001
10011111001
10011100110
01011101001
00111000110
01001101100
00000001001
10000010001
00000100000
10011010011
10000000001
10010100010
10000101001
10011110111
00011110100
00100001000
01011011011
00000001011
11100011010
01111111011
11100010111
00101100010
11101010001
00100101101
11001011101
00001011000
01111000001
11011111111
01110001100
01101110001
01000000010
10010101111
11011100011
11101000001
11101101100
00101000111
00101010010
01111100111
00010001110
00100100110
01000100011
00000111010
11000010001
01101110111
01100100111
11110111111
01111000110
00111000100
00100100011
10011100111
11111101000
01001100000
01101100101
10000100000
10001000111
10001110010
10100101101
00000110100
00111100001
01010000010
10101111000
01100110011
11011010110
01001101100
00010010011
00111101111
00000001000
01010011101
00000100000
00100010011
10001101100
11100111001
01101111011
10011000000
01111001111
00110100100
11101010000
00101001100
11110101010
00111000110
11000110011
10001111110
10010100110
10010111110
10100011011
01111111101
10100111000
11001011110
01111010011
10001111001
00001101000
01000111000
11011101000
11101001001
11000100001
11001010001
00101010110
01001000010
10101101101
11101100100
01000101110
00000111101
00110001001
01110000000
11110100001
00111011110
01011000101
01111001100
00111100001
01000100110
11101101100
11101101111
10111110111
10101111111
01000110101
00111110111
10100000001
00101110110
11101100111
11001010111
00110010001
10000011110
10000001010
11110000100
11010110000
01100011000
10011001101
11111001100
11110111100
01111101100
10111101010
11011000101
10111001111
01001110001
10001000111
01110111011
10011001011
01001001001
11110000110
11000010001
00001010101
10001010001
11001001111
11111110001
10000110101
00111110000
11110001101
01000000110
11101101100
10110101100
11000011111
11110001101
01011110010
10111100001
00101101000
00001100101
01110011100
01010010011
10011011001
00111100011
01101101010
01011000101
00000101010
00000000100
00001100101
01111111001
00101010100
10101111000
11110011000
10001110010
10100000000
11011110000
01100111010
00000001100
11000100100
10110100010
10100001011
00001010011
01010001000
00110000101
00000110110
11010011110
00111000010
01110011101
10001111101
00110001001
01001111111
01110101111
10000001111
11100011000
00011111000
00110010111
11010001110
10101011010
01110011001
11000001010
11001101100
00100101110
01111100000
01100110110
11011001010
00011010000
00101000110
01101110101
10011110110
11011100000
00000100011
00011110101
01110001000
01001011101
10000100010
10110011101
11101111000
11100010110
11000010101
00000101011
11010010000
01001011111
01101001101
11011011011
11000101101
00000010011
01101001011
10000010000
01011111101
01010100110
10111100101
00111000100
01011010010
11101101100
01010100000
00110010110
11010111011
10010111010
00001101000
11110111100
01011110100
11000000001
01010100001
01101011000
01010001001
00001110110
10101100100
10010110111
00110001000
11010111011
11111101000
01010101010
11100110100
10000111011
10100010011
11110101110
01010111000
00110111100
10000101011
01111011111
11010100011
10010010000
11110111000
00001000100
00100110100
10101010001
10000100010
01110011111
00100011100
00001000110
11001111100
01010101000
11001010101
10011010100
00000000011
00011101001
01111001111
11010110111
01010110001
01110000101
10111111000
00000000100
00101011010
11101001110
00011100010
11101010101
00100010100
10110011100
01100001110
00111001010
11010110011
10111001101
11001100101
10011111001
00101000101
10001110010
00001111101
10010011100
11111011011
01111101010
10110100010
01010101100
11000000000
11110110001
10011010000
10001101000
00101000110
01010011000
00000111011
01111101001
10111011010
01110000101
00001010110
10000001100
01110000100
10001110011
11111111110
00100010000
11101000100
00100001000
10000100100
10000100100
01110101101
11011001010
10110011001
11011000111
00101111100
00111111101
10101100001
11001101011
00110001111
11001100101
01000100000
00001011000
00101000010
00100000100
01010111011
00100000101
10010000000
00110011101
00000110010
01011000001
00010100100
01101000111
10110110000
01001010101
10100000100
11011010011
01000000110
00001111010
01110010101
01101010000
11000100000
00110110111
11100101010
00100011011
01100110100
01111100100
11000010011
11110101000
10000000110
11011011101
10001101111
10100001101
10000100101
11111010001
01001011011
01010101010
01001010100
00010100101
10000100110
11100010100
01100101011
00000100000
00110111000
00000111101
11001000111
11010000000
00100101011
01000110101
00011110010
11001101110
10100100000
01011110011
10111011010
00110011101
01100110010
10111110000
00101001001
00110100111
01101100000
11100100010
11100010110
00110011110
11010010100
01000011101
00010010110
01101101001
01100010100
00000001101
10101101100
11110110100
10001001001
10101100010
01010100110
11111001101
11010101100
10011110001
10100101011
00010111110
01010111010
11001010010
01010111000
10011101011
00100001111
10010101111
00011100011
11111001011
10000100001
01001000010
00100011011
10110001011
01111001001
10000111100
10010101010
01100001111
00111001010
11000101111
10101010011
10000001110
10011000000
11001111110
11000000111
01110000111
10101100011
11101001100
01010101010
01011111011
10111110011
11000000111
00100011110
00111000100
01011011010
11001100011
11100100111
00110010111
01111111001
10101011010
10111100110
10000111110
01111100011
01011100011
00001011011
11010011011
00010110001
00010101101
00011110111
11110111001
01000110011
11011011000
01000010010
01000001110
10110101011
10110101110
01000011100
11111000001
10000101010
01011001001
00110110111
10000001101
00100111000
00110100111
10010010100
11110011001
00111000111
10000110100
00111110010
00101000100
01100010010
00001000101
00111000111
11000011010
11100110000
11101110011
00101011101
10000111100
00000101000
10001111011
01001011110
10010100000
00100101110
11100111011
10011101111
11001100001
11001010100
00101110011
10001011101
11111111000
00011111111
00110001110
10100010011
10011011111
00011011010
11100101110
11010011000
11001010011
01011100111
10001110100
00111110001
01001001001
00000001101
00110000011
00010111100
11100111010
00001101111
00111100010
11000001111
11001100101
00011001101
00001000110
01100001001
00001000110
00000100000
00011111010
01101101111
01100011000
10000110001
10101101110
00101011101
01011000110
01101111011
10001000111
00100101000
11001100110
01110010011
11010110011
00101010001
10110100101
10100101010
00001100001
00000101101
10111000010
11011100101
01110111100
10101001001
00100110011
01111111111
10101110000
01000101011
11110001010
00101100001
11100100001
10011111111
10101110100
11101100101
10001101110
11011011011
00110110111
00010010001
11101110001
00110010111
10000101011
01101011101
01011000010
00110010101
11100101000
01010110011
01101100000
11101010000
01100000000
01011110001
10010010010
10111110100
00011111011
10111100010
11100011000
01101111111
10011100010
00100101001
00101110000
10011101111
11001110001
01000011110
00100100011
11011011101
11100000001
10011011001
01000100101
10110010111
10000100110
11100011101
10101001110
01101100011
11110101110
11001101001
10111101001
01100111011
01001001011
01100000001
01000000001
01111100000
00110010000
01010101100
00100010001
01001111111
11110100000
11011011111
10000001110
11010000010
00110011110
11111010001
01100100100
11110101011
11100000011
11010010010
01001011110
00100010011
11000001100
10110110110
11000000011
11111000110
10001111111
10100100011
01100111110
00100111001
11111110100
00110100100
00110011101
00110001000
10001111001
10101100011
11110000010
01111011110
10000110101
11100001110
00000110100
11101101100
10101011101
00011000001
11001111101
00101011001
00001011100
10000000000
11000101000
10100100100
11010000010
00100111010
01010100000
11000010110
00001110110
11111001011
00111110110
01000001011
11100011011
10110000101
11100101010
00011010010
01001011011
00101001000
01000001000
00011011100
11110100001
10100101110
01001000010
10111001010
11001010011
00101110010
11101100001
01101001110
10101111001
00001010101
11011110101
01000001001
11100100111
00101101100
00001010001
00001100010
10011001100
00110110011
10000001010
10001110010
11111101101
10010000111
00010000101
10101011111
10110110100
11001110111
00000110100
00000011100
11111111010
00110100110
00111100111
11101000100
11010001011
11111001000
11010100001
11001101100
10001110101
01100110110
10101100011
00001110011
11011010101
01100111011
10000100101
01011100101
11010000011
00000001001
00101001011
11111100111
10010011011
10100001101
01010100111
10110110100
10110010010
11001100100
00110100111
11001011010
00001110110
11000000000
11111001001
11000010011
00101001011
11101100110
11000000010
01010100001
01010100000
11010111110
01101011110
01111001111
10010110111
01111010000
01001110110
10111101100
11011101000
11111001001
11101110001
11010010001
01001010001
00100010100
11011101111
01100101001
11101011011
00011000110
10111000010
01011010000
10110110010
10011110010
10100100100
10000110010
11100100001
11000010100
00101100100
11100111000
11000001101
00110110110
11100110101
01111010011
11100100010
00101010011
00000011011
10001010100
00100100101
10101011001
00000010000
01111010111
00011000011
00111111010
11011000111
10100011001
00001011011
00010001011
10110110000
10001101000
00101110111
11100010011
10011100111
01111110000
10001100110
11000010000
11001101011
00101111011
01110010111
00010011011
00101101011
11100010011
00000101101
00111001011
00100110110
01111110101
01111000001
00110110001
10111110100
00100111000
01000101111
01010001010
10001111100
01100100110
00000101100
11111010010
00110100010
10000110100
01110110001
01110000100
00000000100
10011001010
10001011101
11100111010
00011111010
00001100110
01101000110
01111000010
01011110011
00001011101
10001111111
00010001011
11101010101
11111010010
11011010110
00000010111
10111000110
11101110011
01001011010
10101000001
10010100000
01101011101
00000011110
00110110001
10000110000
10011101101
10010001100
00100101101
01110000000
11111001110
11100011001
11100111001
10111000101
01001101010
00110001000
01100000101
00101010001
10100110110
