01001100110
01110011011
00110100010
10100000000
10011110110
11001101000
00010010111
01000000111
11111000011
10110001001
00111011101
10010001001
01001000111
00000100101
11000011101
00101000100
00000100111
01111111000
00111011011
01011101001
11101111111
11011101100
10001110100
11111100100
00110111100
01101000101
00110101010
00001100101
01111100000
10010011101
11111011010
01011001001
10101110101
11101101000
11111010010
10110001011
10001011001
00011001100
11000011001
01101010011
00100111111
11001001101
10001101001
11111000001
10010011100
11010101010
00000101110
10010110100
10100101000
10000100000
00011101100
11111100101
11001011010
10110110010
01110101101
11110101011
10011000110
01010011000
01110111010
10001011101
11101111011
01010101011
00100100100
10111001110
11001100010
10000010010
00010000001
00101101000
00010001010
00010111001
10010101010
00101001100
11011010010
11011101111
01110000000
11100000010
01011101001
11011111111
10010101100
10100010110
01000000001
01100110110
00100010101
01001000011
10011100100
00000100000
00010101010
10111100111
10000111111
01100011010
01101101111
10001001000
10000010111
11010110101
00110000101
10110101111
00011101010
00100110000
01110100110
10110111101
00100110011
01100111101
01111100010
01100001110
01100101001
11101011110
11001110111
00000000000
10001001000
00111001110
01000111001
10110011010
11111001111
11011011010
10010010000
10010111100
11110000001
00100100010
11100110001
00110000000
01001100110
01010011110
00110010001
10110110000
10010010100
01010011001
11110010110
11110111101
00100100110
01001101010
01011001000
01000101101
11111110000
11111101000
00110010110
01100111111
01111110110
10101111100
01111111100
10000101100
01101010011
01001001000
01110001101
10011101000
10100101100
10101101101
01000111011
00011000001
00010001110
01111101011
00100011011
10001001011
01001100001
11011001101
11000111111
01101101101
00100110000
11101101011
11100100010
11101101101
01110111010
00010110110
11111110111
00011011111
10001010111
11111001000
10101110111
10100001110
10010100100
00101111011
11101010101
11101100001
10111001100
11011000000
00100110001
00110111010
01010100110
00100110111
01000101000
10011001100
11001111011
00011101010
11011110110
01100110111
11110010010
00001010011
01101010101
11001011001
11111000111
10101001000
01010000011
01101101001
10101110110
10011101011
01100110110
01110101100
01110011110
10110101010
00011100000
00101010000
11001100110
10111001111
10001001001
00001010010
00000001110
00011101011
01111000101
00100101010
00010010111
00011010011
10000001001
11010001110
00101111000
11111111100
00010110011
11001011100
01110001100
01111001001
11101101100
10110010000
11011100100
01111101000
11000111101
00111011100
11001001010
01100011110
11101010111
11010110111
10101001010
11010100101
10001101011
00011100111
01111000111
10110101001
01000010101
10011010000
00101110000
00100001100
11101001101
01001111101
00101001001
01010010000
01010101011
01000010010
01010001011
10111011001
01010101011
01001101000
10100111011
01000011010
10000111001
11101111001
10110101111
01100001101
10000011001
00100100100
00111000000
01010101000
10000110101
11110100001
10111001111
11111010101
00011011001
00101101011
11000011001
01011101011
01110000001
11100011110
11000011110
10101110010
11000000011
00000000010
00000011011
11110001000
00100111111
11010011110
11001110101
11110110101
11000110011
11010100111
11100000010
00011111100
11001101011
10010110000
00011101111
11001110011
11001111110
00001011011
00011010010
11000001110
11100000101
11011001100
01101001010
00011110111
01000001110
10011001001
00101010111
11001111110
01111101111
11101101111
01111010010
01011001001
00111100100
01111110001
11101001000
11001000001
11001100101
11100100001
00100011110
00000110001
11110110111
10110101111
00110001010
01010011001
11101110110
01001011100
01110000000
01101001111
10001000110
01111000101
01100011000
11000100000
01010000110
01001111001
10000000001
00111001110
01101111001
10010000111
01111010001
11010001111
10101100110
11101011111
11101010100
00101100010
01110111001
00011010110
01101010000
00001001101
10011100011
11010001110
01100000101
10011111111
10100110000
00101101101
10000101001
00001010010
10010001100
11010001101
00011101000
01010111010
10100111010
10011010000
01100000010
11100010010
01111010001
10001111110
00100010110
11011011101
11111010100
01101000101
10110101000
01011010000
01100010001
01001100010
00010000001
11011111100
01001100110
01110001100
00010111000
11100100110
00001001011
11100010001
01110011011
01000010101
00101000000
11011100101
11001001000
11011010000
00000101001
01011001101
10110110101
00111111101
10100000011
00100000110
01111110001
11000110010
00000001001
00111100001
10101100011
00000010100
11110000001
10101011100
00111010011
00101000001
11001101011
10001011110
00010111111
10000000100
11101111001
11010110010
11010001001
00000001001
01000001101
00010101110
10010110100
10111100101
11010100110
10100001010
11111101100
10000010011
00111110100
11111011010
10011010011
01000000101
00011111110
00010101011
10110101100
01011101011
00000011101
01000110111
10101000011
10101010011
00011111001
10001011000
10100000011
00101011101
11001111110
10111011101
00110011011
01100010110
10010000101
11010000101
11110001101
00101100111
01111110100
10000000000
00000010011
00001111110
01110100001
10011101010
10101100001
10011110110
11011011101
01111110101
10000001111
00011101101
00011000100
00110000010
00001001100
10111000000
11000100011
00111101000
01100011110
11110001101
01110101100
11100000001
00110001011
00011100000
01110100110
11010111010
01100010010
11000001000
00010000100
10001110100
10011001111
01011100010
11010001001
01100110111
00000000010
11101110100
01101111010
01110110110
00100000001
10100111000
11000011110
00001110100
01100100100
11011100110
01111100111
11000100011
10011111011
11101100100
10010010000
00111001101
00100101110
10011011000
00010110101
10100111101
00111001111
00101100101
10110010001
01011001110
01001101101
00001001110
11101101010
00111111100
10001100010
00111100101
00011011110
00100001111
01011100110
00010100001
01010000001
11001001010
00101100010
10111101011
11111011001
11011101001
01110101000
00110111010
01001010000
00111110011
10100101101
01111111100
10001100100
01100011101
00010101011
10001100100
11011001110
10110001011
10011010001
01110111001
11001011101
11110100010
11000101100
01010100110
00101111010
10111100111
10111100010
01101010010
10110101101
01001101010
01000100010
01110101110
00010111000
10000000000
00011011101
10100000100
11101110110
11110001010
00101100110
01011101000
00000011001
01110111111
11110011100
11000001101
10110010010
01110110110
11110111110
10101110010
00111000000
10101100110
01001101111
11000000011
00010101101
01010110111
11010010000
11101101000
00111100100
11001110001
11001000110
00001110101
01010111001
11001100100
01001110011
10101000100
11111110101
10100100000
10111100100
00000010001
10000110101
10101111000
01111000110
01001011110
00101010010
01101110001
11100010111
01100111110
10101010111
11111001000
01101101111
00110111010
00000000110
11101111011
00100001101
10000000101
10001001110
01100111001
11010001001
11110000010
10001101011
01111000000
10010111011
10111101001
01011000000
00100010101
10011011111
01011011100
11011100101
11110111100
00110101001
01000101011
10101100001
01011010111
11001011110
11011110000
11111111101
01010011101
11010011010
10010010011
01101111001
10000010111
00101011110
11111100010
10100010001
11110010011
00110000001
10001111000
01110111110
11110001000
11111001010
00110111101
10000001100
11110000100
10111011101
10000111111
10010101000
11101011010
01000001101
00010001011
10000010010
01001010010
10010001100
00010011000
10111010000
00111011001
11010000111
11100011110
01101001001
10101101110
10001110001
00110001011
00100110101
10111101011
11110110111
00111110100
11111010010
10100100100
01001000010
01101111110
10010011101
11101110100
00011101100
00011001100
00010110000
01000110010
11101010101
00010101011
10100000100
01011010100
01000110001
01101010111
11101000100
00111011000
01100000011
00011100000
11001101110
00100001100
10000101100
11110011000
00111010101
11100000001
00110100010
10111010010
01111101100
11101000110
11101110010
00001111101
11100010011
00001111000
00101101101
11001100011
00011000110
10110100100
01100111010
01001100111
10011101101
10000011110
01011100100
00001111111
10011101010
10111101111
01010110111
11111011011
10010011110
11001110100
01110000010
10000011111
11000000111
10001001010
01111010000
11100111001
00101000101
10100000010
00110111011
10010011001
11011010010
00011000001
10100111101
01011101001
10001110100
10001101110
10101001010
01000101000
10011110101
00010010110
01000010011
00010011001
10111101001
00010111010
11001101101
11110001011
01001100011
11001100011
00101100011
11011100000
10110010011
11001010111
10010110110
01000000110
11100011000
01110100000
10100001100
01111011000
11011110111
01101110111
01101101011
10100110100
11111101100
10100000000
00000111001
00000010100
11110001111
10101010000
00011001111
00000010101
11010011100
10000000111
10100110100
01000101010
11000101000
01110110000
10110100111
00110111101
00011110011
00011110100
00100100101
10101100111
10101001010
10000000001
00100111100
00110011101
11001101001
11110100100
01011011100
00111110001
10111111111
00011011100
00010101101
00000100000
01000011110
01010000001
10111111010
10111110110
01101001010
10010000101
11100011011
00101100010
11110111100
11111110100
11000100010
01011010100
11010000001
10111111011
10110111101
01011110100
10001000000
10011100100
10001101010
00101110100
01101011010
00110110100
00000100001
00111100011
10110101110
11111110101
10000010111
01001101101
11011010001
10001011100
11001101110
00101111100
01001111111
10001000101
00100000010
10011010101
10000001000
10110111101
11100101111
00011101111
10001101101
11001000100
01001110010
11101000001
11001001111
01100100001
01010100001
11100111111
01010100110
10101010000
01100000000
10010000001
01010100011
11111111100
10001101001
00100010101
11010001101
11001000110
10001011000
01001101001
00010100101
10010000001
11000110011
10111001001
00100111110
00000000001
10011000000
10010111011
00001110101
00101110001
00010010101
00010111110
01101111110
10010011110
11001111001
11100101011
00000101010
00110111010
11101000000
10000111111
00110110001
01110100000
11010101110
01010000011
11110111100
11001110110
10110000101
01000001100
00101011010
11101011010
00100000101
11000100000
00010100100
00001000000
10010100110
10110110010
10100111110
10000111000
10111101100
01010000110
01010111000
11111101111
00100100110
11110110111
01100001110
10111111001
01010110110
11010001011
01100111010
01101011100
00100001001
00101010111
11101111100
11000100100
00000100000
10010100110
11111011010
11111010010
11011100111
11010110111
11110000011
00101101110
10000101101
10111000000
11110011001
00000111110
10001010110
10011101111
00000011000
00100111011
11110111100
00000100010
10010011111
11110001010
01001010111
00111010101
00010111010
11100001000
10111100011
01000100110
11000010111
01101001000
10001100111
01101111001
10111100011
10011111101
10101001001
11000001111
10111001010
10100001101
01010001101
01011111100
01100000100
01000100100
11110010001
01101101000
00101011011
10101100101
10101111011
11111000010
00001100010
10000000011
00000011111
11011011001
01101001001
10000000000
01010010000
01111010000
11110001010
00100011101
10111000100
00110010000
10001101111
00001001110
11110110010
11011000001
11011111110
01100001100
11101101010
01011010101
11011000101
10101010100
01101110111
01111111011
01001011111
00111000101
10001111110
10000000101
00101001100
11111001110
10000101001
11000101000
11000011001
10010100101
11001011111
11010101111
01110101100
01101010001
01011000000
01000100101
00000100010
00010111111
00111001100
00000110000
00101101010
00001000001
00000010101
00000111010
11001111010
10111100000
10100110001
10110110000
11000110110
01011100101
10110101010
10110011000
01101100011
11111111111
01111111101
01010100101
11011000011
00100010101
01100110100
01111010001
00101001000
00000011110
11100001110
01100110001
10010110110
10001100011
11001001101
10001011110
11100100001
11000110010
01100010111
11100110111
10101111010
10100101001
00111101111
11001010111
00000100000
01011000001
10110101111
11000011110
11110110101
00111010010
11111000110
10101011001
00110001100
10110010101
11000101000
00011111100
11110011010
11100010001
10101010100
10101010001
10100101011
10110100000
00111011100
01100101110
11101111110
00101101000
00011001110
10010000110
10011101111
01110001110
11111100101
11000010000
01100001110
00101101111
11000000010
10110101011
10110001100
00101111101
11110011000
10101000000
01100011110
11011110100
10000100100
11010011100
00110110101
01110111100
00111011001
00010101001
01110100001
10011100110
01111000011
11011101101
00000101010
11111101001
10001101011
00010000101
00101000111
01110011001
00111000101
01011011110
01101001000
01011011001
00011101011
11011010010
00111001011
10001111011
11100110010
10110011110
11111100100
11011001101
00100101100
00100111000
00001001100
11101001100
11011011111
00001010011
01000011111
00011101001
01010011010
11101011000
01100100001
01100100111
11100101000
11110011111
10101010110
01000100101
01011111000
11100100100
11100000101
11100101100
11110111000
10101010100
00111001011
01000111111
11100111011
00101101101
10111001101
00010011110
00000111000
11000111000
00011001001
00010010010
00011001110
00000010110
10110011011
00001110111
00100110101
11111100011
01110111010
01110100100
10010011000
11101001110
10111110001
00001111001
11001100100
10011110010
10110000000
00010010110
01101101011
00010111001
11001011000
10001000011
00011110101
11001010100
11101001100
00001111011
01110001110
10111100010
01100010101
11010111000
10001001101
00110111101
10000010000
00011000011
01110101110
00000100001
00110011010
10001100011
10000100111
00011001100
10100001101
00000101101
01110010010
01101011110
00000010000
00000111110
11011111110
00000101010
01010010110
11010010001
10010000001
01010010010
00111001110
00000001010
00101011100
00111101111
00100000001
01000000111
00100010100
11110111001
00000000011
01010101001
11011111011
00001011111
01110100010
01011111100
10100001100
01111110011
00011101011
11010010101
01110110010
01010010101
00101010010
11000011111
00111001010
10000001011
10101111111
11000010110
10000101100
10001010100
01000001111
10001110100
01000001010
10011101000
11001011001
10100010101
01011010011
11001010110
01010111000
11111011011
11001101110
01011100100
01110010001
00110111001
10110011111
00010100110
01111110011
10111000000
11110001100
00101100100
10110110100
00011000101
00000101110
10101000111
01001011110
00110101101
11111111010
01110110000
01000111100
10100111010
10101101111
10001000010
00010010111
00110001111
11000000111
01001110111
11101010110
00111100011
10111100111
01100010101
11101100011
10111010001
10010000000
11100101101
11011101110
00101100101
10111110011
10011001010
00111000011
10110001110
01101110000
00110010111
11000010010
01110111111
01101001011
10110110011
11011011010
10010101110
00110011111
00010101000
11100110000
10011100011
10000000101
01101101110
11100000000
01100110001
10011100011
01011100001
10111111001
10110100000
00001101100
11100110010
10011010010
10011011000
10110001001
11101101010
10111101110
00100101000
11001101000
01001011110
00101001011
01011111000
10101100001
10011110011
01101011111
10001100110
10111000101
10011011000
00011100101
00110110001
10101101011
00110110111
00011010001
10010110100
10100111100
01100111010
11110101010
01000111110
01011101101
00001100010
01000000101
10001101100
11101011000
10011111011
00001111001
01100000011
11010000000
11111110000
01110010110
01110001110
00110011100
01000101101
00101001010
01111101011
11111010011
11010000100
01111010001
01111101110
01101011100
00000011001
01100100010
10101110011
10101001001
01100001011
10110011000
10000010100
10000000010
11110011001
01000101000
01111111010
01110100000
10111110110
00100011111
10101011001
11101010000
00010101010
10011111110
10010010010
10111001000
11000001101
00111000101
11010100101
00001110001
10001001100
11010100011
00111001011
11101111011
00100100011
00100011010
11010110100
10101011001
10110101111
00100111100
00101001110
10111001100
00100001111
11001100000
11011111001
01110100010
11100000100
00111010100
01110101110
11000110011
11000000110
11101011110
10000010100
01100101111
01101010010
00010000100
01001110110
01101001000
00011100010
00000110000
01110111110
10100101010
10100000111
00000100010
00111010011
11101111000
11110100111
10010110111
01011110101
11001100001
01001000010
00010110100
10011000001
00101101101
00000010000
10111000010
10010000100
01100110011
11101101001
00111001110
10011101111
01011010001
01111001001
11011111100
01001110011
01000001111
10100100010
10110101010
00100100110
11011010110
11010110101
11101111100
00011000100
11110100011
01011110101
00001000000
01001100010
01100000101
00111011110
00000111100
11101100001
10111111101
00101101011
11111010111
10110010011
00110001011
01100101100
11111110110
10011100111
01010011011
10010011010
00101000010
10010110000
01110100000
10011010001
01110000010
11100010010
11011110101
01100111000
11000111011
00001100011
10101011101
11010001001
10100101110
11001010000
01011101110
00111101000
01100100111
10000010101
00001010111
10000000011
10111110000
01010110000
10000010111
01101111101
01111001011
01000000100
11101100100
11101001000
11000101111
10011100100
11101010101
00111110110
01100000001
11011100111
01001111000
11110111011
11010000100
00101101100
00110110010
10011010100
00011011100
00111000001
01100011001
00100001000
00101101001
11100010101
10000110000
10101010111
10011011101
10111100110
01110001010
00110100010
11010101101
01101001101
01101101111
00001000111
00011001001
11011111000
10111001110
10011111001
01011010111
00000010100
00111110110
01010001111
11101010100
01101011010
10000001101
11101010011
01110011001
00000011111
01111100000
00110110001
10000111000
00011011110
01110110110
01001011101
10001111010
01000111111
11000010011
10001111010
11000101110
00010101100
10111101111
00000000001
00111100011
01010001000
01111111101
10101101100
00001101100
00111111111
10011000010
10111111110
11010011111
10101010010
00000101001
00010110101
11100000101
11101101010
10111110001
00111100110
01110110100
00010100001
10110000000
10000001101
10010100101
11100011011
10101110010
00110101010
10100100100
10001101010
11100100101
00000111110
10110100111
11011101110
00101110010
01011011100
00011100110
10110101100
10000100011
00011000011
00011101010
11000000000
01101100100
11001101110
01001001011
01101000010
11001000101
10110010111
10100011001
01110010010
11001010111
01011100010
10000010100
11011100110
10101110001
00111110110
11000101110
10110000100
11110101011
00111001101
11110000001
10000110100
00110001010
10110110011
01111001000
00101100001
10100101110
00011110110
11111000011
11001111110
11100000000
00001011100
00011111011
00011111101
01111111100
01010000011
00001101010
00010011111
11010100110
10101100011
01011011110
01100111011
01000011000
10001011111
11011011010
00110001011
11000100001
10100101100
01111100110
01101001001
00011110101
10101000111
01000011000
11100101011
11001100000
01011011011
01111110010
10011001011
00101100100
01110001100
00100001000
10010100000
00010000100
10111001111
01011100011
01101010111
10001000101
10010011000
10011001111
00001110110
01010111111
11000101011
01000000001
11101011111
11001111110
11001110001
10000100110
11001000101
00111001011
01111111110
01010101101
01000110000
01110001111
10100000101
11001100111
11110101100
01111011011
11001010100
11111000111
11010110101
11001111011
01111011100
10110000101
00010101111
10110111011
01010000011
01110101110
00000110001
11001000111
11001100110
00011111001
10100011000
01010100101
10110101010
10011100000
11000011110
00111100001
01010011101
10110001001
00011011011
00000000010
00100001010
11111111000
11000100100
11001010010
10000010101
10100111110
10000011111
11100011110
10100000111
11000010001
10101011100
01110101011
00010100010
10010000000
01110001101
11111110010
10011101100
11000100000
11110101010
01101100000
01101110000
11000101010
11110111101
11101011110
11101101010
01011011000
00111010011
01111111100
10010100110
10110110100
00100010111
10111011001
00110010010
11010101101
00111100110
00010001011
00101010011
10001101010
10100000011
01001110001
01111000001
11000110011
10000110001
10011110001
11010111000
10010111101
00111100011
01000111010
10001111010
11101110010
11111110110
10010100001
00101011000
01111000010
10011000100
00011111010
11001111111
00111110110
00010110001
00010001010
10100100110
11100010001
10111101001
00001000011
00010110001
10001101111
10001101001
00110110011
11011100100
10001010110
00011011010
00101110101
01000101011
10111110110
00111110111
00110111000
00100100111
10000011000
00101001010
10100011001
00001000101
00111010000
01010000111
11011100000
10100111010
00111000010
00010011110
10101100110
11101110101
00101011011
01101001100
11010110110
00000011000
11101011010
10110010010
01011101101
00111000001
01111011101
01101100000
00010101111
11111111010
11000010111
01101111101
01001000000
00101010111
11111011001
10010101010
10011001110
10111100011
10010100001
10001110101
01000001110
10001101101
00011001110
00011010110
11100001001
11100001100
00011101000
00000000001
01001100011
10111001000
00100001010
01001011000
01111000100
01010101010
01101010101
00001101010
10010111111
10101010100
10010111001
10101011010
00100010100
00010101000
00000110110
11000000110
10101111101
11111111001
10011110001
00001100100
01011000111
00100010100
11100111010
01101111001
01010011011
01011000010
11111010000
00011111000
11111001110
10111011101
11100101101
01101000010
01011100111
11000101000
10001011010
00110001011
00111001010
01011101101
10111000110
11000011010
00110000011
01101000000
11100011111
10100101110
00111000100
10110010100
10110010010
11011101010
01001101001
01111011011
10000000101
11000100010
11111000000
10111011001
01101001110
00101110110
10011100000
10101100100
01001000110
00000010101
01100010010
11101000101
10101101011
11110100001
00110110000
10010111011
01110010101
01010001100
11001101000
10011000111
01001010111
00100011110
11110010011
01001110100
11111011011
10011010010
11100111001
10111101110
10100111000
10110011110
00101110111
00010000000
11111111001
11111000010
00011111100
01001011000
11010000110
00100000101
11100101011
10000010111
11100110000
11010001111
00001111011
01111111001
10000101110
10110111000
11111001000
00110100100
00011101000
10111000001
01111111011
01001000010
11000101110
00011010010
11000011001
10101110001
00011000001
01111100000
11000010100
00011010101
11011100111
01000011001
01011010001
00000011010
10101111110
10101110111
00010100010
11010001011
00100110101
11001111111
00101000111
11010111001
10011110101
11100111110
11001010111
00010111011
01010111110
00010100110
00111110101
00110010101
11000001100
11101110010
01010100010
10100010000
11001111010
01101000110
00110110011
00101101100
01101110011
01000111001
10000001000
01011111101
01011110011
10011000100
01010101101
01101101001
10000011100
00100011001
00011010000
00001111110
11011000000
11111010101
00110000100
10000011100
01110111010
11000100110
11111100001
01111110100
11101010001
11111110111
01101101111
00011010111
00001110110
01101010011
11111001011
11000010000
11010110110
01110010010
11000010000
00000101011
10010010110
11101010001
10111101100
10000011100
01111010011
11010011001
00100001100
00001101011
11100111111
01000111111
10000100100
10101000110
11111111011
00010000001
00100100101
00100011001
11110001110
11110011110
11100011110
00010111001
11011001011
11110110000
01001010001
10111011110
10111100010
10000101110
11011001110
10101011000
01101111000
10010101101
10011001101
11011001111
01000111100
10111010011
01001010001
00010000000
11110111100
10011101010
10011001111
11000110111
00000001110
10110010001
00001011111
01111111100
11111011101
10101101110
00010010001
11110100111
01000110010
00101010010
10000110101
00101001001
00111000101
11000001101
10011010000
01011001100
01011000110
10100111000
00100001101
10110110110
10010000100
10111101110
11001001000
01101100111
11001100110
00110000100
11001101000
11111010000
00100001011
01010010010
