11010000000
10101000000
11101000000
11111100000
01011000000
00001000000
00111000000
10010000000
01001100000
11000100000
11100000000
00100100000
01010100000
00010000000
10110100000
00110100000
01010000000
10000000000
10010100000
11001100000
10101100000
10001100000
00001000000
01110000000
10010000000
00000100000
10110000000
10011100000
11000100000
11101000000
00100100000
00111000000
01001100000
01110100000
01111100000
01101100000
00111000000
00010100000
10111100000
10010000000
10011000000
11011000000
00110100000
10011100000
10111100000
00100100000
11101000000
01001100000
00101000000
01111000000
00110100000
10100000000
11001100000
00111100000
01000000000
00000000000
10100100000
01001000000
11110100000
11001100000
10100100000
00001100000
11101100000
00001000000
11111000000
00000100000
11010100000
11110000000
11101100000
00000100000
11011100000
01110100000
10110100000
10101000000
11100000000
10000100000
10000100000
11111100000
01011000000
10111100000
00100100000
01010000000
01100000000
01101100000
00101100000
00101100000
01101100000
01111000000
11010000000
11000100000
00101000000
01000000000
11101100000
11111000000
10111000000
00001100000
11000100000
10010100000
11111100000
01101100000
01010100000
01111100000
01110100000
11110100000
10000000000
11111100000
10101100000
01101100000
10001100000
00100100000
11110100000
11000000000
11100000000
01011000000
10110000000
10011100000
00000100000
11110100000
11000000000
01000100000
01011000000
01000100000
01100000000
01011000000
11110000000
00010000000
10010100000
00101100000
11100100000
00000100000
00010100000
00000100000
00001000000
01101000000
00110100000
01110100000
11001100000
00100000000
10001000000
10110100000
00011000000
01111100000
11010100000
00010000000
01110000000
10110000000
01001000000
10001100000
10001000000
00001100000
11011100000
11101100000
11110000000
00110100000
10011100000
00010000000
01011000000
11010100000
10011000000
10010000000
10101000000
11100000000
00101000000
11001000000
01011100000
10101100000
10010000000
11101100000
01101100000
00111000000
01010100000
01100000000
01001000000
10001000000
00011000000
00000000000
10100100000
10111000000
00011100000
00011100000
00001100000
10111100000
00111100000
10101000000
10110100000
01110100000
10011100000
11100100000
11110000000
11010100000
01001000000
11101000000
10100100000
00110100000
00101000000
11111100000
10100100000
10000100000
11101100000
10111100000
00111100000
11011000000
01000100000
10000000000
11101100000
01011100000
10001000000
11000000000
10111100000
10100100000
11000100000
11101000000
00011100000
01011000000
01110000000
10110100000
10101000000
10001000000
00100000000
10101100000
01110100000
01111000000
10111100000
10000100000
11110100000
10000100000
00010100000
10011100000
00000100000
00111100000
11010100000
10011100000
01101000000
10011100000
10110100000
01111000000
01110100000
11010000000
00101100000
11101100000
10010000000
11010000000
00000000000
10111100000
01011000000
11010000000
01011100000
10001000000
11101100000
11100100000
00000100000
11101000000
10100000000
01101000000
01100000000
01111100000
00001000000
11100100000
10011000000
10011100000
10000100000
00010100000
10111100000
01110100000
10110000000
10111100000
11101000000
10100100000
01101100000
11011000000
11000000000
10101000000
00010100000
00110100000
10010100000
11111000000
10101000000
10000100000
00001100000
11110100000
01100000000
11010100000
01000000000
11101000000
00000100000
11000100000
11001100000
00010000000
01100000000
01111100000
01111100000
01111000000
11111000000
11100000000
11011000000
10101000000
01000100000
00100100000
11001000000
10011000000
10000100000
00110100000
01000000000
00100000000
11100000000
00100100000
10000100000
11100000000
00001000000
11000100000
10010100000
01111000000
01001000000
01100100000
00100100000
11110100000
00011100000
00010000000
00000000000
01000100000
10101100000
11110100000
01101100000
10110100000
00111100000
11001100000
01001100000
00010000000
01101100000
11101100000
01001000000
11101100000
11110000000
10000100000
00101100000
10100100000
11110000000
01111000000
11000000000
01100000000
01110100000
00010000000
11110000000
01111000000
10100000000
11001000000
01000100000
10011100000
00101000000
00000000000
01011100000
00011000000
01000000000
11011100000
00000000000
00101100000
01111000000
10010000000
00110100000
01100100000
10011000000
10101100000
00011000000
10110100000
10110100000
00101000000
01100100000
00110100000
10011100000
11011000000
10000100000
11011100000
01110000000
10100000000
10111000000
10011000000
01100000000
01111100000
01111100000
01001000000
00011100000
00011000000
00111100000
10100100000
01011000000
10010100000
10010000000
10110000000
10000100000
01001000000
00101100000
01110100000
00001100000
01001100000
00100000000
10001000000
11011100000
10110100000
10101100000
01111000000
00001000000
00010100000
01100000000
10111100000
00101100000
10100100000
01010000000
11001100000
01001000000
01100000000
11001100000
11111100000
00010100000
00100000000
01101000000
11110100000
01011100000
01110000000
11010100000
00111100000
01111100000
01110100000
00001100000
10101100000
00001100000
11010100000
01000100000
10000100000
10001000000
01001100000
11001100000
10001100000
00101100000
01011100000
01011000000
10001100000
01110000000
10000100000
11100000000
00010100000
01101000000
11011100000
10100000000
00111100000
01111100000
10100000000
11011100000
01011000000
10001100000
11100100000
10111100000
00011100000
10100000000
11100000000
00001100000
01000100000
10010100000
01011000000
01011100000
01011000000
01111000000
10101000000
01111000000
00101100000
01101000000
11111000000
10111100000
01100100000
01110000000
00100000000
00010000000
01101000000
01111000000
10001100000
01001000000
10001000000
11110000000
10011000000
00111100000
11001000000
10001000000
00010100000
00000100000
00110000000
00101100000
01100100000
10011000000
00101100000
10100100000
00110100000
10000000000
11010100000
01010000000
00111100000
10101000000
01100100000
00110000000
11011000000
01001000000
10000000000
01110100000
10011000000
01010100000
10101000000
11011000000
11101000000
01000100000
01011000000
11110100000
11000000000
10110000000
00010000000
01000100000
11001100000
01111000000
11110000000
01101000000
01000100000
10111100000
10001000000
00000100000
11110100000
11101100000
10010000000
10011000000
11111000000
10001000000
11000000000
00001100000
01001100000
00100000000
01000000000
01101000000
10001100000
11101000000
10000000000
01001000000
00100000000
11011000000
01101100000
01010100000
11000100000
01111100000
11111000000
01100100000
10010100000
00001000000
10101000000
10111100000
01011100000
11111000000
00010100000
10010100000
10111000000
01011000000
00101100000
01110100000
11110000000
11001000000
11101000000
10010100000
01101000000
10100000000
11101100000
01001000000
00101000000
11000100000
00110100000
10111000000
10000100000
11000100000
10010000000
11111100000
01110100000
01010000000
11001100000
01011000000
01001100000
01000000000
01101100000
01100000000
01000100000
01001000000
11101100000
01110100000
11111000000
01100100000
00101000000
11100000000
00010000000
00000000000
10110100000
10000000000
01101000000
10000000000
00111100000
11100100000
01000100000
10011000000
01111000000
11100000000
01001100000
11000100000
11000100000
10101000000
11111100000
11110000000
01011100000
00000000000
01100100000
11101100000
00010000000
01001000000
11011100000
00111100000
01100100000
00011100000
11111000000
00100100000
00111000000
10011000000
01001100000
00110100000
11010000000
11111100000
10000000000
00010100000
10101000000
11011000000
00101000000
10010100000
00011000000
01111000000
00101100000
11000100000
11111100000
00111100000
10011000000
11110100000
11111000000
10100100000
00011100000
01001100000
10010000000
10110000000
00010100000
11101100000
01111000000
01010100000
10011100000
10000100000
10100100000
11001000000
10110100000
11101100000
11010100000
10001100000
00010000000
11010000000
00000100000
01111000000
11110100000
00101100000
00111000000
11101000000
11010000000
01011000000
11001000000
11110000000
00001100000
10001000000
10111000000
00001100000
11000000000
00000100000
11101000000
11100000000
00011000000
10111000000
00000000000
11011000000
01001000000
00010100000
10100100000
01011100000
10100000000
01110000000
01000000000
00101100000
00001000000
00001100000
10100100000
11101100000
10100100000
00011000000
10011100000
01000100000
10110100000
11011100000
11010100000
00100000000
10110000000
11010100000
01100100000
01011000000
01011000000
10110100000
10011000000
10101000000
11110000000
10010100000
11110000000
00110100000
10111100000
11010000000
00110000000
01001000000
10100000000
01011000000
11101100000
11110100000
10000000000
01110000000
00101000000
11100000000
10010100000
01010000000
00101100000
01111000000
10000000000
00100000000
10111000000
01110100000
01110100000
10001100000
10101100000
01000000000
01101000000
01000100000
11000000000
11001100000
00110000000
01101100000
10101100000
01001000000
01001100000
01100000000
01111000000
00000100000
10100000000
01010000000
01101000000
01010100000
00000100000
01110100000
01101000000
00111100000
10010100000
10110000000
01000100000
00010000000
11111100000
10100000000
01001000000
10000100000
00001100000
11100100000
00100000000
00010000000
10110000000
01000000000
10011000000
00001100000
00000000000
01011000000
00000000000
00100000000
11010100000
11100100000
01010000000
10000100000
11010000000
01111000000
01000000000
00011000000
10001000000
11001100000
11100000000
11110100000
11111000000
10010000000
01101000000
01110100000
00100100000
11001000000
00110100000
01010100000
01100000000
01111000000
10001100000
10000000000
10010000000
11011000000
01000100000
01000100000
00000000000
00100100000
00011000000
00010100000
11110100000
10101100000
00101000000
01000000000
11111000000
00001000000
01011100000
00110000000
11101100000
11010000000
10110100000
00111100000
01000000000
11011100000
01000000000
01110000000
00000000000
01010000000
10011000000
10101100000
01100100000
00111100000
01111100000
10111000000
10100000000
11000000000
10001100000
10101000000
10111100000
00000100000
01111100000
11011000000
01101100000
10100000000
00010100000
10111100000
11000100000
01010100000
11110000000
00000000000
10000000000
01001100000
00100100000
00000100000
00101000000
00000000000
01111100000
00001000000
11010000000
01000000000
11010000000
01111100000
00011100000
00100000000
10100100000
11000100000
10101100000
01100100000
11000000000
01000000000
11100100000
11101100000
00011000000
10100000000
00110100000
11001000000
10101100000
01001000000
10010000000
01010000000
10010000000
01100100000
11111100000
10010000000
00101000000
00000100000
00110100000
00110000000
00111000000
11100100000
01100000000
10101100000
01110100000
10100100000
00011000000
11110100000
11101100000
11100000000
01111000000
10110100000
10101100000
00010100000
10110100000
00101100000
10011100000
11011000000
00110000000
00000100000
01101100000
10010100000
00100100000
10111000000
01101100000
10001000000
00111000000
11000100000
01101100000
00101100000
00110000000
10011100000
00100000000
10110000000
01001100000
00010000000
01111100000
11000000000
10111100000
11000000000
11000000000
10001000000
01000100000
10000000000
11101100000
11100000000
10001100000
00111000000
10100100000
10111100000
10001100000
10011100000
00010000000
01100100000
01100100000
11101100000
01101100000
00101100000
11110100000
01100100000
10110100000
01111100000
01100000000
00101000000
10100100000
01101100000
01000000000
01011000000
11111000000
11101100000
01110000000
01100000000
11101000000
10000100000
00000000000
11101100000
00000100000
10111000000
01101100000
11101000000
11001000000
00010000000
00000000000
10011100000
11001000000
00011100000
11001100000
10001100000
10100000000
01001100000
11101000000
00010000000
11001000000
10111100000
11110100000
10001000000
00111100000
00110000000
01101000000
10111000000
10100100000
10111100000
10111100000
10111000000
11001100000
01011000000
10111000000
10100100000
11100100000
01101100000
01010100000
10001000000
00011100000
00111100000
01001000000
11101100000
10111100000
00101000000
11111100000
00010000000
01101000000
11110000000
01110000000
00100000000
10111000000
01000100000
11111100000
10100000000
11011100000
01110000000
11101000000
01110100000
00111100000
11110000000
10101100000
10001100000
10011000000
00011100000
00110100000
01001000000
00101000000
11000000000
11100100000
00111000000
10111000000
11111000000
01001000000
01101100000
00110000000
11110000000
10111100000
01111100000
11010000000
01001100000
00000100000
01010100000
11100000000
11011000000
00101100000
00100100000
11111000000
10110000000
01111000000
10101100000
00010000000
01110100000
01010000000
10101000000
00110000000
00001100000
10000100000
01010100000
00100100000
00110000000
00101100000
10011000000
11101000000
00100000000
10011000000
00111100000
10011100000
01111000000
01010000000
00001100000
00000100000
11100100000
11111000000
10001100000
11111000000
01111000000
10110100000
00000100000
01101100000
01010100000
01011100000
00100100000
00101100000
11010000000
10011100000
01101100000
11100100000
11101100000
11110100000
10101100000
00011000000
00111100000
10000000000
11110100000
01110100000
10010100000
00000100000
01011100000
11110100000
00101000000
01000100000
01100100000
00001000000
00101100000
11011100000
00000000000
10111100000
11001000000
11111000000
10000000000
11101000000
11101100000
11100100000
10000000000
10101000000
11001100000
10011000000
00101100000
10011000000
11111000000
10000100000
11101100000
10010000000
00101100000
11001000000
00011100000
10010000000
11010100000
01110000000
10001000000
00101000000
01011100000
10101100000
10110000000
01110100000
10111100000
11010000000
00111100000
10000100000
11001000000
10010000000
00000100000
00110100000
10100100000
11011000000
00101100000
01111000000
11001000000
11001000000
11110100000
10100100000
11111000000
11100000000
11000100000
00100000000
01011000000
01110100000
00101000000
01011100000
11001000000
10011100000
10101100000
11010100000
01110000000
11110000000
11011000000
10101000000
11101100000
10011100000
00011100000
10000000000
00111100000
00110000000
10110100000
01101100000
11101000000
11000100000
00110000000
10000000000
01111100000
00110000000
01111100000
00100000000
11100100000
10010000000
10111100000
11011100000
00000100000
10000000000
10001000000
00011100000
10000100000
10101100000
10001100000
00111000000
00100000000
11000100000
11111000000
10001000000
11001100000
11011000000
10100000000
01001000000
00100100000
00010100000
01000100000
11100100000
10111000000
01111000000
00100100000
01101100000
00010000000
00000100000
10111100000
10101100000
11111100000
10110000000
00111000000
00110000000
10100100000
11100000000
10101000000
10110100000
01100000000
11011100000
01101000000
11111100000
10011100000
01100100000
00111100000
11011100000
10011100000
01010100000
00100000000
11010100000
11000100000
10110100000
01010000000
01111100000
00101000000
11001000000
10101000000
10011100000
01100100000
01001100000
01010100000
10010000000
00110100000
00001000000
10010100000
11100000000
11010100000
00100000000
00010100000
01010000000
11001100000
01101100000
01101000000
00100000000
11110100000
10011000000
00101000000
01111100000
11111000000
10011100000
01011000000
10000100000
11011100000
10011000000
00011000000
11001000000
11101000000
01111100000
00110100000
11101100000
11010000000
00011100000
01111000000
11010000000
01111000000
01010000000
00110100000
11110000000
01101000000
01001100000
00111000000
10000000000
00110000000
11110000000
01000000000
01001000000
00000100000
00011100000
10001000000
11011000000
00100000000
01101000000
00101000000
11101000000
11100100000
01101100000
01011100000
01000100000
11111100000
01011000000
00100100000
01101000000
10101000000
01010100000
00110100000
10011000000
10011100000
11001000000
00011100000
01000100000
10001000000
11001100000
10001000000
11001100000
01101000000
01110100000
10011100000
00000000000
10010100000
10000000000
11000100000
10011100000
01011100000
11100100000
11010100000
00101000000
00101100000
00101000000
00010100000
00101000000
10001000000
10100000000
10110000000
01101000000
01110100000
10101000000
11000000000
10010000000
10010100000
00110000000
10010100000
01101000000
11110000000
01100000000
00000000000
01010100000
01000000000
10101000000
01101100000
00101000000
01101100000
01001000000
10111000000
00100100000
01000000000
11110100000
01100000000
01000100000
01100100000
11111100000
10010100000
10101000000
01001100000
01110000000
01001000000
10000100000
01110100000
10000000000
11111000000
10101000000
00111100000
01001100000
10001000000
11101000000
10111100000
11001100000
11001100000
10111000000
10101000000
01010000000
11011000000
10111000000
00001000000
00000100000
11101000000
10001100000
01111100000
00110100000
11101100000
00011000000
00000000000
10011000000
01010000000
01100000000
01010100000
10101100000
10011000000
10100000000
10101000000
00101100000
00110100000
11110100000
11001100000
11101100000
00001000000
11111100000
00110000000
11011100000
01101100000
10111100000
00011000000
11111000000
01001100000
11010100000
00101100000
00000100000
01000100000
01010000000
11101100000
00100000000
00000000000
01000100000
00000100000
00010000000
10010000000
11101000000
01101000000
00100100000
00000100000
01001000000
00100100000
01111100000
00111000000
10001100000
00000100000
00110100000
01111100000
00110000000
11010000000
11110100000
10011100000
10001100000
10110000000
00010000000
11100000000
00101000000
01111100000
01110100000
11001000000
01011100000
11100000000
10011000000
00001000000
11100000000
00011100000
01111000000
01001100000
00010100000
01111000000
01110100000
11110000000
10010100000
11101100000
01001100000
01111100000
00111100000
00111000000
00101000000
00100100000
10000100000
11011000000
10101000000
01110100000
10101000000
01011000000
11010000000
00001100000
00100100000
11110100000
00100100000
11101000000
11010000000
01101000000
11000000000
00010100000
10111000000
00110100000
00111000000
10000100000
11111000000
01011000000
01111000000
01000100000
11001000000
10100000000
10000000000
00011000000
10010100000
00101100000
00001000000
00100000000
00000100000
10010100000
10110100000
11100100000
01011000000
11100000000
11110000000
00100000000
10000000000
10011100000
11010000000
10110100000
01101000000
00000000000
10111100000
00001000000
11010100000
11011100000
00100100000
10100100000
11110000000
00010100000
10010000000
01101000000
00100100000
10100100000
00001000000
10110000000
10111000000
10000000000
11000100000
11110100000
11110100000
10000000000
10101000000
10001100000
01110000000
01101100000
11101100000
00001100000
00101000000
11101000000
10111000000
11011100000
10010000000
00011000000
11111000000
01001100000
01001000000
00101000000
10000100000
00100000000
11111100000
11111000000
11110000000
01101000000
00011100000
11100100000
00000000000
11010100000
00101000000
01001000000
01010000000
10100100000
01101000000
10101000000
00101100000
01100100000
10011000000
11011000000
11110100000
01010100000
01000000000
10011100000
10100000000
11110100000
10111100000
10111000000
10010100000
00110100000
10001000000
11100100000
01000000000
11001100000
00101100000
00010100000
00111100000
00000000000
01101000000
11110000000
00110000000
11000100000
01101000000
00111100000
01111000000
10111000000
01100100000
00100100000
10101100000
00011000000
00001000000
10001000000
01100100000
11001100000
00011100000
10011000000
01101100000
10100100000
00010000000
10110100000
00000100000
01011100000
11111000000
00100100000
11100000000
11100000000
01011100000
10010000000
11111100000
11111000000
11010000000
01000100000
00010100000
10101100000
00101000000
01011000000
10100000000
11111100000
00110000000
01000000000
00000000000
11100000000
00001100000
00011100000
01101000000
10101100000
01110100000
01000000000
01001000000
00100000000
10011100000
01101000000
00111000000
01011100000
11010100000
00001000000
11000100000
11000000000
10110100000
10111000000
01000100000
11100000000
11001000000
11001100000
00101100000
01111100000
11101100000
01100000000
10111100000
00101100000
11100100000
01101100000
11101100000
01011100000
00101100000
01111100000
10000100000
00001000000
11110000000
01100000000
01100100000
11111000000
11101000000
01101000000
11101100000
01110100000
11000000000
11111100000
00010100000
11101100000
10010000000
10110000000
11110000000
00111000000
10010100000
10010000000
00100100000
00011100000
10000100000
11010100000
00111000000
00100000000
10001000000
10001100000
00011100000
11111000000
00001000000
11101100000
10010000000
11100000000
10000000000
01010000000
00100100000
00010000000
11110100000
01111000000
11000100000
00001100000
10001000000
01000000000
11001000000
10001100000
11101000000
01011000000
01110000000
10110100000
00110100000
00111000000
10010000000
10010000000
11110100000
00111100000
01000100000
10011100000
00011100000
01010100000
11011000000
01100100000
11101100000
11110100000
10000100000
10111000000
11100100000
01101100000
01110000000
11100100000
00100100000
00101000000
00111100000
01100000000
00001000000
11110000000
01111100000
11101000000
01000100000
01000100000
10111000000
11011100000
11010000000
10001100000
10101000000
01110100000
00011100000
01101000000
10101000000
11010000000
01110100000
01011000000
00110100000
00100100000
10000100000
10100000000
11010000000
01011100000
11111100000
10010100000
01010100000
10001000000
01010000000
00010100000
10111100000
00110000000
00011100000
01001000000
00100000000
00101100000
00101100000
00101000000
01000100000
01110100000
00011100000
11011000000
00000000000
10011000000
01001000000
11001000000
11110000000
10000000000
00110100000
10110000000
11000100000
00000000000
00101100000
10000100000
00001000000
01111000000
01001000000
00100100000
01000000000
10010100000
01010100000
10010100000
11100100000
00001000000
11110000000
01100100000
10011000000
00010100000
11111100000
00111100000
01010100000
01110100000
00100000000
00000000000
11111100000
01010100000
11010100000
11100100000
01111100000
11100100000
10111000000
01111100000
01100000000
11001100000
11001000000
11100000000
00111000000
10101000000
01000000000
10100100000
01001000000
10111100000
00010000000
11101100000
00110100000
11000100000
00111100000
00110000000
10001000000
00111000000
11011100000
11010000000
01101000000
00010000000
11010000000
01100000000
11101000000
11100000000
00100100000
01111000000
10100000000
10010000000
01100100000
01000000000
11011100000
01000100000
01100000000
01010100000
11111100000
10100100000
11111000000
00100100000
01001100000
11010100000
11001100000
10011000000
11111000000
01000100000
10000100000
11100000000
01001000000
10010100000
01011000000
11010000000
00110100000
01010100000
11001100000
01100100000
10111000000
01010100000
11010100000
00001000000
00100000000
10011100000
01111100000
11111100000
00101100000
10100100000
11110100000
10101100000
10001100000
01110000000
10011000000
00101000000
10110100000
10000000000
01101100000
10010000000
00000000000
01101100000
10100000000
01000000000
00010100000
10001000000
00100100000
01001100000
10101100000
11110100000
00010000000
00001000000
01000000000
01011100000
10001000000
10110100000
11011000000
00010000000
00001100000
11101000000
10100100000
01000000000
00000100000
10100100000
01100000000
01001100000
00010100000
11010000000
10101100000
01111100000
00011000000
11011100000
01110000000
01101000000
11001000000
01001100000
01001100000
01110100000
00000000000
10100000000
10110100000
10000000000
11000000000
10010100000
00010000000
10000000000
10101100000
10101100000
10101100000
00101000000
11110100000
01110000000
00000100000
01100000000
00111100000
10100000000
10100000000
10010100000
10001100000
10010000000
01000000000
11010100000
00011000000
01100100000
00000100000
01001100000
10010100000
10110100000
10011100000
11110100000
11110100000
01001100000
00110000000
10111000000
01011100000
00001000000
10010000000
00111000000
10001100000
01011100000
00001000000
01010100000
01001100000
01011100000
10000000000
11110100000
00011000000
10000100000
10010100000
11111100000
11000100000
01100100000
00000000000
11001100000
10000100000
