11010000000
10110101011
01001100010
00100110111
01101001111
01011010001
00001001111
10100001111
00111001100
10011101000
01101000110
11000100001
10111111000
01011111010
11110000011
01110000011
11001110100
10010110010
00111011011
00010110111
11001111110
10101011101
10110001001
11100101101
10100001111
10011010100
11110100011
00010100110
01001100110
11100011001
00101111001
10111011111
01110110110
00010111110
01111100000
01001011101
00001001111
01101010101
11010100111
11110011110
10111111101
10011100011
11001001010
00100101001
11111000011
10000000010
11001111101
11100011011
10010001001
11011100010
01111011010
00111110100
11000111001
00011011101
01001011001
01100011110
11011010101
10111110011
11101001011
01000100110
01101000101
11011101110
11100111001
11001111100
01001010000
11110010011
00001110111
10100010001
01010101001
10110110000
01101110000
01100010010
00100001101
10011001111
01000100010
01010101110
10111110110
10011111110
01100010110
01111011100
01000111110
10000001110
10110001110
00000100111
00010110110
00010110110
01100111001
10110100101
00010111100
11011001011
10001100010
00111110101
11101100000
01001010000
10110011001
10111110000
01011010100
11101010101
00101101110
00100011010
10000101110
10001010011
11011011011
11010011101
11110101100
01100010100
01000111000
01011101111
10000111001
11111110111
10100110001
11111010110
10000011110
00000001000
11001110101
10101101111
11001000101
11100010010
11011101011
10110010011
11111100010
10011110111
01001100100
00100110101
00111100101
00110111101
11010000011
01111110001
00001111000
10010001101
01010000011
01101100111
10110001001
10010101010
01100110001
01110100000
01111110000
11100111100
00100111011
10011000100
00010011001
10000001010
11101110110
10100010000
10000110011
11110100011
00000111010
01110001010
00011101101
01100100111
00011011100
10110101000
01011111011
11101110111
10110000100
11100110011
10101110011
10110111110
10100010110
00101001001
00010001001
01011001001
01010110101
01001011111
00000101000
11001111110
10010000000
00001100001
10111101110
01110111010
11100110000
01000111101
10001111100
11000111010
10110111011
01000100011
11000111110
01110100101
01111111110
10011111111
11111010011
10011011101
00010000100
11101100011
01000010011
10110011100
10000001011
01001011011
01110011111
11111000100
00011010001
10011101100
11111101000
01000001100
11001000001
10011111110
10110010010
10001111001
11010110110
01010111000
01011111110
11011000000
10000011100
01001100101
00010001010
11010100110
10010101011
01011110100
00100010100
10100100000
11100011101
01111101101
10111000010
11111100010
00100010001
10000101111
01100100101
01110101010
00110110010
01011010011
10111000101
00110111010
10001101111
00000111111
10100110001
10010010010
00000010010
10000001011
10110110000
11111011100
00001110111
00111000010
00110001000
10000001011
10101001011
11100110100
01010011101
10011111010
11011010011
10101000011
10101010110
00100110011
00001011001
01101101110
00011100011
10001001000
01101101111
00110001001
00011010011
11101111001
11110010011
10111010001
10101011001
00100111010
01010001111
01111100000
00011110010
01011101001
11001010001
11011000011
01000011100
10000001101
11010100111
01111111001
10111011001
01110000101
01011010000
01100011100
10100000101
00110011000
00011010111
01101111100
11111111000
11100101110
00011100110
10001101100
10100011001
11101100111
01001000011
01101010100
01100000000
10011011010
00010010001
01111101101
10100000010
10101100111
10100100111
11111011000
10100111100
10011100001
01000110110
10111111100
11010100100
10100100011
00100101010
01010101010
10101111000
11101000101
11100100100
11010111010
00010001101
00011000100
01101100100
01110010001
10001000111
11101000101
01101111000
01011001001
00001000000
01101011011
00111011011
11000001001
00011010001
00110110001
00101111001
11110100000
00001010010
11000001110
10000011111
10011110111
11101000011
10010111110
11111001101
01011111000
10000101001
11100000100
10000000101
01111000111
10101011100
11111010010
01101111101
11111010010
10010011110
10110101111
00011101111
00010110000
00000110011
01001001111
10010010001
00000011110
10100101110
00010000000
10110100011
00110111010
10000111101
10000111010
00100111110
11110100111
00100011001
11101011000
01001010010
01011100011
00101000111
01111000010
10010101101
00001011101
00101010001
10001101011
00001110110
11010110000
00110111011
11111110001
10110111011
00000110000
01000010011
10110110100
10001111000
01101101000
10011100000
10111011110
10100011101
00000110111
11001001001
00111110100
11011011110
01110011000
11100011111
00101110001
00001001100
11110001001
01011000011
10111100010
10110100110
10100100000
10000010111
00100110000
10100001111
11101001000
01101111000
00011010001
11111101110
10110011100
01100100111
10101100001
11001011000
10101111101
10000101000
01001001010
01010001010
01001001111
00000011001
10010111111
01100000000
11101110001
11110110111
01001111000
00010100011
00010110111
01000011001
00100100011
11111101111
00101101110
01000110001
00110110010
00111010001
10110000011
01000001011
10010000001
11010100000
11001010011
00110011010
01101001011
11001011100
11101000011
11111010011
10100001100
11010001101
00110110000
10010101011
01010001011
01011001101
11000011010
01100011010
11101110000
11101010000
10101011101
00010011110
10111110110
01100011111
11011000101
00000000111
00001101110
10110110010
01001001100
01100001011
01110001110
10001110001
11101010000
10010001011
11010101111
00111111111
01000101000
10111101011
10111001000
01110010101
01000100000
01100010011
10000010111
11011111111
00101101100
01001001111
00011010000
11101101101
10100100110
00110001000
00111111100
00001110000
10001111000
10001101010
11001011000
10000101101
01001111101
10100010111
11111001100
00111101100
11010001000
01001001001
11101101100
01011111110
11101111101
00000000110
11110100001
11011110111
01010011110
01111110001
11001011011
11010111010
00000000100
00011101001
10000110000
10011101011
00100010011
10001010111
01000010101
00000111011
11010110000
11011011000
10101101100
01110010110
10101100100
00000001100
00010000110
00010000011
10001111101
10110000111
11000100100
10100100001
10111000001
10110000011
11011101011
00010100010
11100110011
00101100111
11001100000
10011000001
00111100101
10110010111
11100000010
10010000100
00111010000
11101111000
10101101000
00001100001
11000010001
11100110101
01110000110
11000111010
00010001110
01011110001
00011110001
01000011110
10101011000
00000000111
00101000010
00111001110
01000111100
10110101010
01001000111
01010000110
00011001100
11010111111
01010001101
10011100001
10000110101
00101011010
01101001010
11100011000
11111010001
10000110110
10001101110
00100010111
01100001100
00011100110
11100001000
11010000110
11010001010
01011000100
11110000000
11001000000
11011001111
01011000101
11111101101
00111110100
00110110111
11011101101
01100111010
11011001011
10100001101
00011100010
01011110111
10101100111
00000101101
00101101110
10101110111
01011011001
11101011101
10101110011
10111010011
01100111101
00010010101
11111110100
01001111001
10011001110
10111110001
11000110000
10100001000
10010010011
11111001110
00010110011
11110000001
11010001110
01110011100
10101100100
01110101011
10000000000
01111000011
11110010010
10101111000
01001001110
10100010111
10110010001
11001111111
11011001011
10000000011
00111101101
10101110001
11010111101
10110111000
00010110010
01101111001
11001011101
10100010000
00100000111
10001110001
11110000101
00100000011
01110100111
10101010001
10001011011
00100101011
10101001111
10001011100
00111111001
11001101011
11000110110
00001000110
01001101000
11001011110
10000001000
00010010110
10000010010
01001010001
01110011001
00001011101
01110110000
01011000010
00111100000
11000001000
01000110000
01101101101
10011110110
10111000010
11100011011
00111111011
01100001110
11000101110
11110001011
11110000110
01010100000
10100110110
10000100000
01000100001
01111010000
10011000100
10111110001
10101010101
11101111110
00111100100
10100101100
01000000011
01110011001
01010000010
01001111110
10000001001
01000111011
10001001000
01001110010
11110010110
10010011110
00010001011
10011110010
11001101100
01011110001
01111001001
00100011101
01111101101
11110110010
11110011000
00001010000
10100100010
10001010001
01110010110
10011100110
10000011101
01101101111
01000000001
00110100011
11101111011
10000011011
00100100100
10001111111
11001100111
00110110111
11101011010
10000110100
11000101000
10101111000
11110000011
01010100110
10001101000
11100111100
10011100100
10101010101
10010010011
00010111010
00100110101
01111000101
00100001001
11111010001
00110111100
11101010101
10111111010
01000001100
00000101001
00001010111
00001010110
01001000000
00111110100
00011100011
11100111001
10100110001
00010101101
00001110101
11101111100
00011101010
11010000011
11101001001
00110001011
11110000110
01110110011
11010110011
01110100101
01101001011
01100010010
10000111001
01100000101
00100011110
01111110010
10010101110
10001111010
00010110111
00100110010
10110110111
00001000010
11010110100
01110110110
10011101010
11000001001
01010110001
01001011000
00111000111
01110101011
11100110000
10111101001
00001010101
01011001111
11101101110
11101010101
00110011111
01010010010
11000001110
00101101110
00100011111
11011101101
10000100000
01011110001
00010010011
11010110011
10110100010
00110011111
11010101101
00101010000
01111001100
11000111100
01110100100
10110010000
11100111100
11101110110
11101111001
10011100101
11110001100
10000010001
11110000110
10111101010
10110111011
01010010111
11001100000
11000111101
10000001100
11100101011
10001101011
10111001110
00101101000
10011101001
01101100010
00010011101
01000010010
10101100101
00111100011
00111110000
10100111101
01111011000
01110111011
01100011101
10110010011
11010001110
10010110000
00010011001
10100110000
00101110111
11001111110
11011110011
00100011110
00010011000
00100100100
11001001101
01110100011
00111101110
01001110100
00110111111
11111011100
01011101011
00101010011
11100100010
01001010110
10100100010
10110000001
01100101010
01111101110
11010110000
01001001100
11010011011
10100101011
11101111010
01011110100
01010110111
00111101101
10101010010
10111101001
10100110111
10110000111
00010010101
01010110011
00010100000
10100001011
01010001101
00011011010
00001101010
11101011000
10100111101
11010010100
01100000011
00100011101
00001111101
00111010110
00111000011
01001100011
00111011000
01100111101
00011100101
00110011010
10100101001
10100011111
11110110001
11011001011
01101011100
11111010100
11001011001
00111110101
11000011101
11010110110
10110111011
01111010111
10011011011
01011101101
00110010100
01010101011
01011100101
10010111100
00010011111
11010110000
10100101000
10110111101
10100000110
00010010010
11000010011
11001101010
00111000000
10011010101
01101011001
00011110000
01000101111
11100000011
00001110010
00001001010
10100011010
11111101011
11000001001
10111111001
01011010011
01000110001
01010100001
00001011101
10111011101
00100101010
00101101011
00000100000
00110101000
11000110001
01011010101
10101110010
01011101111
01000100101
10000001001
11100011101
01001011101
10011110000
10111000110
10110000100
01100100011
10010111101
01110110110
10000101101
00100101000
10101000111
11111000011
11010110010
00001100101
00010110100
01100011101
01101011000
11011101111
00000000001
10100000100
01011011110
11111101000
00011000010
00101000010
10110000100
01011111010
11011101001
00010001100
00111101110
11100100110
11010001010
00110011100
11100111111
01001001010
01100001011
11000100010
10110110100
10010101111
01000000100
10011010111
11100001001
10001101100
01001000010
01110000000
11110101101
10100111010
11010110001
01101000111
10101000011
11110010011
10111000000
00101000011
00100100101
10110110101
11101101010
10111001001
11010011010
00011001110
01000101000
01111110000
01011101110
10010001111
00010101000
10111010001
10001110100
11100100100
00111111111
10010111110
00101100010
10001110000
01011000111
10101111100
11001101100
00011101001
11110011010
01100110111
10110011001
10100100111
01100010110
01101001110
01101000101
01001011011
01010110110
10101001010
10011110010
11000110111
01011111110
01000011001
01000011011
10100001011
01011101100
00111011100
10001110100
11101011111
11000001111
00101001000
01010101100
00110000110
01100011101
10101110001
01110001110
11101101111
10001101010
11001111101
00101101000
00001101111
01000010000
00001000010
01010110111
00010000110
01011000011
00101001011
10010010111
11110010111
01100100010
00011001010
11100010111
10100101011
10110111010
00001100011
11000011011
10000010000
01111000110
01000001010
01010000100
00110000001
00010101000
11110010011
11010111111
10111001000
11111111101
11101011100
11000100001
01001010000
00101110100
00111100011
11011001100
10111111011
10010100001
11111111011
00111101101
11000110011
01101111110
10000100000
11100110000
00011110110
10111000110
01000100111
01110011000
00111001110
00010001111
10111111101
10110100110
00110011011
11111011111
00010100011
00100000100
11110010011
11010101111
00001110011
00101000010
10100001000
00110111010
00011011011
10011010100
01111010010
00001101000
00010011010
01001100111
00000000100
11101010110
01000110111
11111001101
11100100000
00111101110
11100010010
00010101001
00011000000
00001101111
01011010111
10011100111
11101010100
00111011011
11111001010
11000010100
10110000011
00001111101
11001100110
11010110000
01110110101
10010101001
01101110000
10111001001
10011011101
00101000001
00010011000
11100011110
01101011111
00100000101
11001000100
01100000001
11101100011
10100100111
00111100010
10000011011
11101101100
00111111100
01010101110
11101100000
00110100010
00110001011
00010010111
01010011010
00110100010
01110000010
00010011110
10010101011
01111010001
01000001011
11011001100
01011011000
00011100111
11010100111
01001110100
10101001101
10010010010
00110101010
11011111010
00010010010
00001110110
00110001101
10001010001
11111101110
10110100101
10001100011
11000011001
01011011011
11011010101
01001010000
00111010111
10110001100
01000011110
10011111100
11110111111
10100000110
10101010011
10111101100
10010111001
11110101000
10000110001
11101110100
11010111101
10000001000
01010101010
00001100001
10010111001
00010111001
10000000000
11101101110
01011000111
10110100000
01110001011
01110110100
11001111001
00110000000
10100111101
01010000100
10011111011
01001101111
01101111010
11000011101
10010000000
01111011100
11111011101
00010010010
01001100101
10011110010
11110111000
00000111111
00101111111
11111001100
11010011000
01011110101
10110001100
10011011110
00111010000
10001000011
01111100010
10000111101
11101100010
11100011100
10111011011
11101011011
00000100001
00101101101
01110011001
01001100111
01001011101
10101001001
10010001101
00000101001
11001111110
00010111000
01100001110
01011011110
00010111101
00001011011
00011101010
10001111101
11110000011
11011001001
11101101111
11100000110
00101101110
11110100111
11010110000
00011011101
10110100111
10111011101
11001010100
11011101010
11010100000
10011101000
11000001100
01001101011
00110011010
01111010001
11011110010
10100011001
11100010101
10001111000
00101111110
11100110000
01101101010
01010111110
01101011110
01101001010
01101000110
01101101001
11010110011
00101110110
01011011001
01001111111
00010010101
01100011001
01001000111
00001001010
11111011110
10001100010
00110011010
01010111011
11001110001
00100110101
11111010101
00000110111
00111100010
11011111100
00001111100
00011110011
10010111000
00001110110
01110010100
10100101100
00110000100
10011000001
01010011111
00110111010
11011000110
11011111000
00110111100
10011110011
01101011101
01101010001
11000100011
11001101010
00000110011
01001011001
00011010001
00101000100
11010000101
10001000000
10011100011
10010010000
00100111010
10111101101
01111101101
10011010101
10101011100
01011100000
10100100001
00101101110
10100101010
01111101000
11010001001
00111101101
11011100110
10100001101
10110100100
11000101000
10110110101
00100110110
00000000011
01111110011
11001100000
00101100010
10111001100
11000111011
10001001010
01101010011
01010010001
01110100001
00011110100
01001100110
11000101000
10011011100
10010001100
10101010101
01100111010
01111110001
11100100101
01000110001
01010110101
00101100010
00111110100
10110000000
01001111101
10111000101
10110101011
01000011111
00100010000
00111011011
01010011110
11111100111
01000100100
00010000001
11010010000
10100100010
11011100110
11000011111
10101000000
00110101000
00010010110
10101011100
10010010111
10111000000
00010101111
00100011110
10101101000
00111001000
11100000010
11001011011
01101001101
11110111110
10000100100
10100111000
01010111101
10000100101
10011001011
10101110111
11110101100
01011100010
01011110011
10011000010
00000011010
11110110101
00000011000
00000101001
10000011010
11011010010
10110011001
11100111010
01100001111
00110011000
10100101011
10000000110
10100000010
10001011110
11001000011
00111000011
10100001101
10110101000
01101101100
01010010001
10100010110
11001110100
01101011001
11111011011
01010001010
10110100100
01000000001
00000111011
11011010011
10000110000
00110011100
01100011011
11010110110
00011110010
11110111001
01110100011
00011011100
00111110001
00110100110
10110111011
11001001111
00011110001
01001010100
01000100111
00001111001
11001100110
10110000001
10101000011
01101111010
10100100010
11101011011
01100111110
10000101101
00100010000
11101000000
10010101010
11000100001
11111001010
11110001001
11001111000
00101110001
11011000001
11011110001
10100000010
10111100110
10100110111
00010111101
00111011000
01111100110
10100110110
10100000100
00001001001
11011100101
11100000000
01010110101
00011111110
10010100001
11110010110
01001010010
11011010110
11010111010
11111110011
10111001000
10001001101
00010000111
10111010011
10101101001
10001110011
11010000010
10111111010
01010011100
10000100111
01100000100
01011011101
00000110110
00000010110
11101111100
00100100000
01100100001
11010011001
01000011000
11001101001
10110101011
10110011000
10001001000
00101011101
10101100110
11011000100
01000111110
10101100011
11101010110
01011001111
10000100011
10100110000
01001110011
10110111111
10101101101
01110010011
11010100100
00111011110
00100001000
00010110001
10000111010
11000011110
11101000111
01010111010
00101101001
10011110000
00010101011
10001111011
11011110111
10110011101
10110100000
10101011010
00111011110
10101111010
10110100011
00111101011
00000011111
00000010100
11111100100
11010111110
00101100011
00100111101
11000010101
01010001000
10001101000
10000101000
11011001010
01000100001
10110100011
00000010010
01000001110
01000100100
00000011101
10011110110
11011001110
11110100011
10100101011
10001011001
01010001101
11111111001
11111111001
01100000001
00000111011
01111010011
01011100100
01111010010
11000000100
11110001010
00000100100
11101000000
00111011111
11010111001
10000110010
00100010110
00101001110
00011110001
00101011110
00100011001
01000011100
10111110100
01011000010
10001101100
00110111100
00110001000
10100101001
00100011100
01001111010
10101010101
00011001111
00000111010
00111000111
11101011010
01000100100
01100100101
10000011011
10000100001
10010011001
01010000110
11110100000
01101110110
01111010110
11001110001
11001000111
01000110000
11110011010
01010011000
11011011010
01010111110
01100011000
11101111001
10111101010
00110001010
00111010010
01101010101
10101001101
00101100100
11100000110
01101110100
11000110011
10000000011
00001011110
11110000101
10111111100
01000101010
11000000010
11110101110
10110001011
01100110101
11100011000
01001111100
00000111110
01010010100
01111111110
11100110101
01111010010
10111001011
01110011110
01000010011
01010110001
00110100111
00001110011
00001000100
00101100101
11101011001
00100010101
10011011001
01100010100
01110000110
11110111101
01101000100
10110000010
01101011100
10001100010
11010000110
01000000001
11001101111
00111011001
00100011110
01110101100
00011101010
01101111110
01000101000
01111110010
10100111001
00011100111
01010110010
00101011110
01110010001
11101001100
00101100011
11010011000
10010000101
10110111110
10001011111
01110110000
10000100011
10011000100
01100010111
10110010011
11110110010
11000011001
10001000011
01000100111
00111000011
10101000011
11011001001
10101010010
00001011101
01010110000
00100011010
10010010101
11011111111
11111101110
00110011010
11110001100
00001000000
00110111100
01001100100
01101111001
01011100010
00000011000
00111010001
11101100000
10100101110
00011010111
10011111110
00010100000
00100000101
01101101010
10110000000
11000001111
01011011110
10010100000
11001001000
11111110111
10000010100
01000011100
10111100111
01111100011
00011010110
01101000001
11110010101
11111100001
01111011111
11000100101
01011110000
01011100101
11001100100
00110010000
10111011000
01001100111
01010100011
11010011101
01110011001
01011010100
11001011100
00010110100
11101111011
10001100011
00001111111
11001111101
10100101010
00110100011
10101001011
11010100001
10011100010
11010100011
01111011000
01110111111
00110111001
00101100111
10011100000
01000101000
11001010100
01010000110
11111010100
10011001100
11001110110
11101100111
00100110100
11110010010
11011110000
00100010001
11101111001
11000100001
10000111011
11111011100
10110001110
10110001001
00101010111
00011111110
00010101010
11110110000
01010010010
01010011000
11111011101
10111000111
00110101001
10010010110
10111000101
01010011010
01111110010
00111101101
10101110101
11111100110
01111111101
11110011100
01100000011
01010101110
00001111011
10011111010
01100110110
01100010100
00011100110
11010111111
00111010000
01100001111
10100110000
11110011010
11010000001
10100101001
01111001111
01001000111
00100111001
10011110000
01010110101
10000011100
01010011101
10001001101
10010111010
11011010111
01111000001
10111110011
00010010111
01111000110
10000000000
11000010011
00101110100
11010010010
00010110010
11010001010
01100100001
10111010000
00000110101
01100100100
00001000100
10011010111
01100010011
00111100111
00101101001
11100100000
00001000000
00011011000
01010101111
00111100010
00110011101
00100110111
10010011011
10111111000
01010011101
10101000110
11011010111
01110100110
01010100000
11000010010
01100111111
11010011011
00101000101
10011111101
11101001101
10001011000
11100000100
01110001001
00010110011
01111100011
00111101101
10001100101
00000000010
01101111101
01001010011
00011011001
10101000011
11011111000
10110001100
01011111110
10100101101
11010001000
00110011001
10011000011
10101110101
00111010001
01010100011
00111011000
01011010110
01011010000
01010010000
11001111000
11100110100
11100100011
10100001111
00100000011
11110010000
01001001101
11100000010
11111110100
11001010100
10110011010
10100100000
10001101100
11100011100
11111110000
11000010010
11110110110
00001101101
01100110100
10010101110
10000100000
11000111101
00100000111
11000110001
01010011001
10011111010
00110100000
11010111111
10011110001
00101011010
11000110101
10001110111
10010000011
00110010110
11101100101
11000101000
10011100001
01101001101
11100000101
11001100111
11010011101
11101000011
11100100111
11100101101
01010100101
01001011110
00011011011
01000111100
00010010101
11000010001
10010101101
00110101000
11001000111
11101111011
10010111111
01000100101
00100100000
00110010101
01000111000
11000101111
01001001000
00111001111
00100011110
00010011010
10001000000
01011111000
00100101010
00001101011
11101100001
00101111100
10110010010
11000011111
11100100001
10100100000
11100011111
00001000011
11111111000
11011011001
11111110001
10001010011
11000010111
01101110000
10100001110
00010110101
01101100010
01111101111
10101100001
00010111110
11111101010
10111101011
00100001101
10001011001
00100000001
10000010010
11111011000
11111110101
11010010101
00110010100
11011001100
01101100011
01110111111
01001010110
11010101110
00100100011
11110000101
10110110010
10101011001
11101010101
01010110111
01011100101
01100111101
10111100111
11010100101
00100000011
10011010100
11000100110
01111111000
00001101001
01010000101
00110011100
10100110001
10111010011
10011111011
10111000000
01101101111
11010010111
10010000000
00011111101
00100011011
01111011101
11111110011
10011000101
00000011010
10000110111
10000000000
01010000010
10010000110
00110110000
01101001010
10000010101
00011110111
10111110111
11001100101
11111101111
00001100110
