01011110001
10111010011
00110011110
11010110000
11000010001
10000100101
11110101000
00101001000
00111111110
00101011111
01100000101
10100111101
11001101101
00000100101
01110110110
10011101001
00111011000
10111011001
01010101100
00101101000
11101100010
01101000100
01011000110
10100010001
10011001010
00011111000
11111000000
00011100101
01010101100
10010000011
10110100010
01001011111
10011000000
00110110111
01000110100
10001010010
11101001110
00101101011
01101001000
01101111010
11000000101
01001100111
01011111101
10111000100
10011000001
01101111101
11110100110
10000110001
01001100000
11101000110
01111101000
11010110001
10110001010
01011101011
00100110001
11100110100
11111000110
10101001011
01000011011
00011100011
11010101100
10111001000
00110111010
00111100010
10100101111
11010010100
10111111101
10001111111
11110011100
11001010101
01111110110
10110100101
11101010110
00111110111
00011100001
11010011001
10001100111
10011000001
11000001110
11100010111
01010010011
11010011111
00110010000
01011100000
00000101101
11011101011
10001110100
00000011010
10101011110
10110110000
11100001100
01100010100
11111100110
10011000111
00101100000
10110011110
10111010111
00100100100
01000000010
10111110111
11100000001
10110011100
11111100100
10100000011
10110101010
00100110010
00110100010
00111100010
10011110011
00100000010
11011100011
11010100001
01011110110
00111111000
01000010111
01000001111
10010000011
00110101001
10100101111
00110110010
01101011000
11010001010
11010100010
10010100000
01110011010
00010001111
00000101111
11110101110
00101001011
10001100101
10000010111
01001000101
00000010101
10000110011
00110011001
01100001100
00001001011
01010001000
10111010101
01101010111
01011000101
11110001010
00111000011
11010111000
00001111101
10000101011
01010010111
11011001101
10000010110
10000101110
11110100000
00000101101
11011100001
10110100001
10111011001
11010100100
11100111011
11101001100
10010010100
10110111010
11011000111
10100011111
01110011011
01011000110
01011000000
00110000101
10111000011
10110001011
00101001010
00111011010
00000110011
11111011000
00010000011
01000011100
01000010001
10110101101
01000110010
01111101100
10001001100
10011010001
00100000101
01001011000
01001010110
00000100011
01010101010
11101010110
00110010000
01101001110
10110010111
11000001010
10001100100
10001111100
10100110101
01000101101
01000010000
10010101011
11111111110
00101111101
00110111001
11001100011
11011000011
10011101000
01110101011
10110011001
11110110101
01111101110
10011010101
01100001110
01011110010
01101000010
10111111100
00101011011
00010100010
00011101100
00011000000
11011000100
00100001100
10101010011
10101111000
00110010010
11011001100
01100011010
01010000011
01001001111
10100011001
00001100000
01011110110
01011010000
10001011001
11001111101
00110010011
10010100000
01101010000
01101101011
00110111101
01100011111
10010011000
00101101111
01111011111
10011010110
01011111011
01010011010
00010100100
01100110010
00001011100
11111110100
01001110101
10010100111
10100100000
10010100011
11111001001
01011010010
01101011010
10101000011
00110100001
01001100000
00100010011
11111100100
00100100001
10011001101
11011101011
10111111011
11100011111
11001111010
00101101110
00000001111
01010010011
10110101101
01010010110
00011010001
01011110110
10111111100
11100001110
10011000001
00110010001
10111010100
11111000111
11111101001
00001001010
01010010111
00110000111
10100010110
00111000100
11011011001
01000010010
11010001100
11110100011
00011000000
11010100000
00101000010
10010010101
11101011110
11101000011
01011100101
11110101111
11001101011
10001011101
10000010010
10110010001
11101010110
11111000000
01011110001
00010011010
10011001010
01101010010
10110010101
11110010111
00111011000
11111110010
01100011100
11100010001
11001001011
10001111010
11100110100
01101000100
00100101000
11001011010
00000011010
01011111110
00110110111
10110110001
10100110000
11000010110
00010000101
01011101001
11011000101
00011101100
11100111011
01100010000
10011100011
11100100001
00110111011
11000001110
10000110010
01010001001
11000010001
11010111110
01001100010
11100010101
00101101010
11101110100
10001101001
10111001000
00101011101
10110011010
10110001011
00100010110
01111000100
10011101010
00000011001
01110111111
11001010111
11011101001
00010011000
10101111001
10111001111
01011010000
01000101110
10011100100
01000110111
01000111001
10101010111
11010011101
10101000110
00010001100
01010001000
00001010001
10111000001
01001100001
00110101010
00011001101
01001111100
11000011110
01010011110
00011011100
01100001111
10100000000
01000000010
01100011011
01111000011
00111111011
11100000011
11011110010
11111101110
11110011000
10110001011
01111000111
11000001110
01010001011
01110101011
01101111010
10100001110
11101110001
00100011111
10100000111
00010100000
01001001111
10111110100
10011011111
00011001001
11011011101
11111010101
11010111101
01100100000
10010000000
10100000100
01101010000
10010001110
01110111000
10000010001
00110001001
11111101000
01101001111
11000110000
11011100000
01111110111
00000101010
10100111010
01001000111
11011011000
00011100101
10100001110
10010100000
10010010000
00000100111
00001111100
01001000110
10010000100
11111010001
11001001100
00011001100
11010101100
11110101010
10111001001
10111111001
00010010000
01011111001
01110010010
01100110010
10110110110
10110010110
10110101101
10000100110
00101100110
01001100100
00000011000
00001011110
00100100010
01011101110
00001110011
01010100101
01011111011
11011110110
11110100011
11111101101
11110001110
11101101000
00010001000
11010000010
00111001101
00100100000
10001010100
11001101100
00001001001
00100101111
11000001010
10101011000
01101000011
00010010001
00010001000
11011001001
00110001011
11000010111
00010000011
11011000001
00110010000
01110011111
00010111000
11010101010
10010011011
10000100010
11011111011
10001011101
10011011001
11001010001
11011010010
10100001000
01010000110
00010101000
01101101101
11010001010
10100011110
11001010000
00001100100
11110000000
01010111011
10110110101
00101010010
10101101110
01000110111
01000101011
11111010100
01111010011
10001111010
01010101111
11000100010
11101111110
01111100101
11000010111
01101000110
01000000000
01101110111
00110101000
11011100000
00100101000
11010001111
01000000000
10010010100
01110100111
11111001010
00010101111
00101010101
11110000101
00010110100
01001101010
10100100010
11100000011
01000000010
00011100101
01000010010
00000111101
10111101011
01100110000
11010010101
10111010110
11010100110
00011010001
10110001100
11001110101
00001111110
11110001011
00111110001
11000100101
01010101000
11000100011
00000101011
10001111001
10010110011
00010111111
00110101010
11101100011
00111111111
01101010100
00011000110
11101000011
10101110000
00001101000
11011101111
10100110001
01000101100
00011011100
01111110001
11110111010
11000110011
10110110000
11001110001
11001011011
01010000100
00111100000
10010100110
10001000001
00110100011
01111101111
00101001000
10001100001
01000100010
01000100111
00110011001
11010100101
01000011010
11001010111
11001110010
00000100010
00101100101
00110110101
11011000101
00010110110
11110111111
00111010011
00111110100
10010110110
00100100010
11111001111
11010011000
01101010001
10111110000
01101010111
00000010100
10010110101
01110010100
01010010010
01011010000
10010101010
00101011001
10110011110
10101000010
11101101010
01100011000
11011000011
00010011100
00110011111
11010110111
10000010101
10000011111
01101010111
11110100000
00101011001
10010010111
01001101011
01100101110
00001000000
00101000010
10011011100
01010111011
11111010011
10101010001
00101110000
00100101001
10101101001
11011110100
10011000110
00011001100
11010110011
01100100100
10001101101
11100111111
00111110010
11000010110
01111000111
10010000111
00111001010
11100010001
10010000000
11001110110
00000110110
00101100101
00011110110
00100001101
01011100010
01010001101
10010100001
01001111101
11101111101
11110101101
10100101100
01101111011
01010100010
11100101101
11100100001
10111100100
01100111100
00100110110
11101011110
10010100110
11110101000
01011101110
01011001100
10101001001
01010000111
11110011001
11101001010
01001101010
10100110010
01100111101
00001111011
11000110101
00101001101
01010111101
00100111000
01000000101
00110011000
10111110001
11010110111
00100100110
01001001001
10101000001
11011001010
01001100000
10110101011
11000111100
11110010110
00100101000
00010001111
00011110001
00011001010
11100000001
00101000010
00110111110
11001001110
10110010010
11001101001
10001001110
01110000100
10011011000
11010000110
01011010111
00100011110
01110111001
01010100101
00001011110
10101101011
10000000110
01110111110
00000100000
01110000010
01110001011
01111111110
10000010110
11010000101
00010110111
10101001010
10110001001
00010011000
00011011111
11101000000
00110010110
00111110001
11001001110
10101111001
00100111100
11011111101
00100110000
00010110111
00100100100
10001110100
01100001011
10111100010
11001110110
00000110101
10001110000
00010101001
00101110101
00111000000
11000001011
10101001000
00000111111
00101000110
00110111000
00001101001
00101100111
00001010100
10000010010
00100100111
00100001111
01110000110
10101000101
00110111111
01011001001
00001111110
00111000110
11011011101
00110100011
10011110101
11111000010
00100001101
01000000001
01110010110
10010101110
01011010011
00100100101
00000101001
10010001011
11010111111
11010100000
00011101111
11110100011
11001110010
01000001001
10000010011
10000111110
01011000011
10111110010
00000001001
11111001101
00011110110
11000110011
00000000101
11110100001
10010110101
01111110110
01111101000
01001100010
10001011000
10010010101
01100100011
11110011111
10110011010
00010000001
11110111011
01010001011
01111100000
01100010010
10110111111
10101001010
01011100001
11110001101
10100101010
01100001110
01111011110
01111110011
11101110010
00101111000
01110111100
11110100110
01011110110
01110000001
00110000000
11000111111
01110011010
00111000000
10100101000
10000001010
10010000011
11100101101
10000101000
01001101100
00010111000
11011011110
00110000010
00000000110
00000011011
11000010010
11111001010
10110101100
01011000010
10011110010
01011100001
11010011000
10100111011
01000011101
11011000010
00000010000
00111101010
00011111100
00010001011
10000000100
00001010011
01010101011
10110110000
00101110101
00000100100
00010011011
00100011101
10000111011
10101011101
10110111000
01001000001
00111010000
10101110110
11111101111
01101110101
00010111101
11111100100
11100110000
10011010101
11100101001
00100100010
11010011011
00000111011
11010011001
00111000011
11111110010
00110110010
11011100001
00110010100
11110011000
10111011000
11101110010
01011100110
10111101110
10100000011
00011010111
01001110011
00111001000
10111111101
00101010110
11001101100
10011011110
00000000000
01100111101
10001010001
00000001001
11110000111
00101011101
01101011110
01101010101
00010011011
11100111100
00001000001
11110010100
01101101100
10001011101
11100001011
00100011111
01101111001
01111010000
11111001011
11010000001
10100101000
11001010011
01011010011
11100100110
10000101011
11110111111
11100100001
00011100011
11001010101
01000101111
00010000101
01001111110
01000111100
00010001100
10111101000
00011111101
01100011101
11110110001
01110110110
10001001100
11001110100
00011000010
10010100111
11001100101
00101110111
01100101010
11001100011
11000100000
10110110011
00110010101
01101111001
01101100001
11111110111
01001010110
10101101010
00000101011
11101100011
11001110101
11100100111
00110110110
11101100000
10111010000
11101111100
00011110001
10010010101
10000110011
00001000010
11001011111
01000100100
00100000011
00110010000
10101110011
11010010010
10000010011
01111100100
01011010001
00010000111
11110010011
01001110101
10000001010
10000000110
00100101000
00001100110
01011111000
10101101000
01000001111
10011111001
01111001100
10110101111
00010111111
01100000010
11101110100
00001011000
10111010001
11110111010
11100001111
01111010000
00010100100
01010011110
00101110111
00111000010
01000111100
00100000001
10111011110
11110010000
00000010001
01101000010
11101100000
01101011100
01011011101
01110100000
01100010110
10001111110
00111111111
10110110100
00110001111
00001011000
00100010001
00010111001
00000000110
11010110110
10010100010
11110111100
01110000000
10100111001
00101001101
11101100110
11001111000
01101001001
11001010100
00111100001
10111101010
10001101101
11000110111
10010101010
01111100111
10000100010
10010000000
01001010101
11001010111
01111001100
10110111111
11100010011
01011101111
10110110100
00110010011
01001100000
11100000110
11100010110
10000100111
01010010000
10100010011
10111011000
00000100011
11110000001
11101000010
11000110110
00101000000
10100001001
00111001110
01011001100
10111000010
01001011011
01011011110
10010100110
10110110110
11101011101
00011100111
01001001011
01100011000
00011011101
01100111011
01000110111
00101100111
11100101100
01000101000
11010000011
00011111010
01011100001
10000100100
10110110000
00111010000
11011110011
00100011011
10000100000
01010000000
10001010111
00001111111
00101010100
10101010111
11100000100
01100100100
11110011110
00001010000
00111101011
00010000000
10000001001
11101110101
01011111100
01111001001
11010001101
11111110001
00111101000
01011011000
10101001011
10110010101
01111110011
10101110100
00101001110
10001110100
00000101011
00111101010
01011001010
11101001000
01111110000
00111110111
11001001001
00111000010
11000101000
01101010101
00001110101
00011100111
10101000111
10001010000
00100000111
00001110001
00010001000
01101001010
10101010010
11011111111
10010111000
10110011100
11110101011
00111010011
00010011101
11100100011
11110110111
00011101010
01001110000
11111100010
00101100001
11011011110
10001100011
10100100111
11010110110
11001100101
11010001101
01110011100
10010000001
00111111000
01001000010
01000001111
11010111100
01110000100
11001000001
01001101011
01111110001
00100000110
00111101101
01000100110
00011110010
01011001010
01000110101
00000001101
11001110100
11000000001
01001100100
01110010110
10111101110
01111100111
00011001101
10111100101
11111100100
10011110011
00101001011
10001111111
10001101101
00101100101
00101010101
11100011100
00011001001
10001100010
10010111001
10000000100
10010110010
10001000101
01111011101
10010100101
01011000011
01010100001
11011010100
00001010001
00110110010
00110011111
11000010000
01011110101
01010001111
11010101010
01101001011
01111010011
11011101001
01110110111
10111101010
11011101111
11011101110
00011110110
01010001111
01011010110
00010000011
01110011101
01010111101
00011011011
01110001000
01101100011
10101111001
11101010011
11010001111
01110111111
00101001001
11010000001
01011011000
10100111111
11111010111
00000101011
01100001110
01111010000
11000100011
00000000000
00001000100
00100000101
10100000001
11010100111
10001001011
00000000111
10101101110
11110111110
00011010110
00011000110
10101101010
00011110111
00110110110
00101001101
10111010111
01000010000
11011111111
01001011100
01011110100
00011100001
10000101111
00000000000
10101111011
01110111010
11101101110
01110000110
10010011001
11110110101
00011010100
00001010110
00010011011
11110101101
01111101000
01110010010
01110110110
10011000001
00111100111
01000001011
01111111100
00001010110
11011001011
00000010000
01011101000
00100100111
11001100110
00011000001
00111011101
00010100111
00101000000
00101010100
01000001000
10010010101
01000000110
11000011010
11111010011
01100101010
01101110000
01010010111
00111101111
01010101110
00111010111
10110111111
10010001001
01010000111
01100111101
10100011100
10101110010
10100000111
10100100111
10001111100
10111000111
10100011011
00101010001
01101011010
00001100100
01101111000
00001010101
11011001011
10100010000
10111100010
00010010110
11000110011
01101101100
00000000100
00111000001
00101000101
10110010000
10001110101
10111010100
10000011000
00111111001
01111001010
00101011111
10001100011
00110100110
11110110000
00000110011
00111000011
00110110011
01101001011
10110011100
00001101010
00001001111
00111010111
10000011000
10110001001
01000101100
11011100011
00000111000
10111010000
00011110111
11011110111
11101100110
11100001110
11100111011
10011111110
00001011110
00011001111
01011000000
00010111111
10000010011
10000101010
00001110011
01011101111
01000010100
00010110101
01011010000
11110101000
00011001000
01101010010
10001001011
10010001010
11110110110
10010110111
01010111010
00011111100
00101010001
10101110110
10111001001
01011111101
11010111110
01010100110
00101000111
00101110001
11111101011
01011011000
11001011011
01100000000
01010000001
11010011001
10101111100
11011010101
00100000110
00111011001
11100000010
11011001111
00011010011
11101001101
11110101010
00010110010
10111100011
10000100110
10111000111
01011001110
00010001010
11101100011
01110101001
00110001110
00000110101
00111110011
11001000011
00101111011
00110010001
01001011111
10010011010
01101011000
11010001110
10011101101
10010010010
11011010110
11000110101
11011111001
11011111001
00100100100
10000011000
11111000000
01101001110
10111010101
11010101110
01010100100
01001100010
00011101110
01110110010
00000110000
00110000010
00011101110
10110111011
11011011110
00010100100
10001110100
00000001000
11111101001
01111010011
11000010101
00110000111
01000010111
00000011110
11011001100
11111010010
01000000001
01101100101
01110101010
11101100111
11000000100
11110101010
00110100010
11000001101
10000110111
10111100000
01011101110
11011011001
00100111011
11100111011
00011110011
01001010100
11000110000
00010101101
01110101010
11111011110
10000001011
10000001100
00001111000
11001111100
01010111110
11101010000
00100001100
00101100010
01000111110
00111010000
00100100110
00110110110
00110101011
10110011000
11000010101
11000011110
11101100101
00101011111
01011001010
11001010111
01001101011
00100110111
11100000101
11110010001
01101000110
00100010001
10010011101
10101010000
11010110101
11010111011
11011111010
01100010111
11000010111
11110101101
11100000010
01010110111
01101110010
11100000001
11101101101
10011101111
01001100010
11111100010
01001101010
11010010100
11001011011
11001101110
11110001001
00000101100
01001010010
01111100010
00011110110
00000101111
01000011000
10010010110
10010101100
11010110010
11010110110
01111000001
11110101011
11111011001
00110101010
11100100111
01001011010
01101110100
00110000111
11000001101
00101000000
10011001010
11110110011
01001101111
00011001011
00100011011
11011011110
00111111111
00011010010
10110011010
10110001001
11001110001
01010011111
11000010111
11111101101
10110111011
10011100001
01111000011
01001011100
01000111010
11001001011
00010011000
11101011011
10101011010
00100101111
00010010011
11100110110
00000010101
01100011100
10110101111
11001110111
01111110100
00000000111
01010000100
10110010000
01101011001
11110101010
01110100110
01100001011
00100101101
11100100101
01110100010
11001101011
11011011110
00110001110
00001001010
11101101000
01111001000
10100001001
00001000010
01011100100
10010010111
10111011101
10111001001
11000001011
01000000111
01100011000
01000101000
00000110101
11001011000
10000100011
11110101010
11010101000
01111010111
01000101101
10111101111
01001110110
11001011101
01010011000
00101000010
11100011101
00100100111
01101001010
10101010101
11011111001
11001101100
01100011100
10110010010
11011010000
10010100100
10100000001
01111010001
10000100101
00101100000
11101111000
00011001111
10000100101
11011101000
10110011000
11000000010
00100110101
00101001101
01111110001
01111001101
10100010010
01000010011
01111101101
10010001010
10100101000
11001111001
00010000101
10001101100
11101111101
01000100111
11001001101
11100010001
01001011111
11000001001
00000110100
01100110110
10111110011
00010001000
10000101100
10110100000
01101101111
10100100111
00101100101
11110011100
11101101000
01100101110
11111011100
00100011100
00000101010
00010110111
01111010001
11110100101
10101101110
10110001001
11101110011
10101000010
11111111111
00110110010
10111111001
00110111001
01101111110
11011011001
01000101001
11010100001
00011111101
10100111100
11001111100
00110100110
00000101011
00010010111
00001111110
01000110011
00011101011
00010000110
01010000101
01011011110
00111101010
11010001110
00010000101
10000101000
00010000111
11000101101
00111110111
00110110001
01010101101
01100001000
10010100100
00101111000
10110010010
01010101100
01001101110
01000110001
11110111111
11011000011
10110001011
00010011101
00001110000
00001100110
00100000101
00010011000
10001101100
00001100111
10111000111
00111101111
01010110000
11100110010
01100011010
00100001110
00001111110
11001011000
11001111110
10101000111
00001111100
01010001011
01100001010
01010010010
11011110100
00000010100
10000001110
11110000010
00000000101
01001011110
10010001110
11011100010
10011011000
11110101011
00110100101
10110111011
10110010001
10001101000
01110101100
10000001001
11001110111
11000011110
00000001001
01110001000
01010111111
10100101000
01111010101
01111010001
01011110110
11000101101
10111010101
11001101110
01110010000
11110111010
10101111101
10101111101
01001111010
00001001000
00000011110
01001110111
01110111111
01001111110
10010100110
00110010001
10101000111
11110101000
00100101001
11110011000
10000110101
11001000111
10110001001
00101011010
11111101101
10011111010
01011001000
11111001010
00110011100
11101000101
10101110100
10100011111
10101000010
01110111110
11100011100
11001100110
11001000000
10001011101
10010000000
10100110010
01111100010
00010001100
00001011000
01011111010
11000010110
00011111100
01011010111
00001010010
11001100001
01100101111
10011100100
11011100111
10001101001
10000101110
01101110011
11101001111
10001010111
10001001011
01000110111
01001110011
00110100001
10001110011
11001110001
01110110110
11000101100
01001101110
11111001011
01110101100
00101000000
10011111100
11101011110
11101101110
11000011101
01110110001
01111010011
00011011010
10000111101
00010111101
10111001000
00010100110
10110001001
10100011000
00000001000
11001110010
00111000100
11001101100
01000100101
10100011101
11001010110
01000000001
10010100011
10110010011
00001101110
00100011001
00110101100
10111000001
11110000000
11110110011
11001010011
00101010100
10111110010
10111110111
10000111111
10010010111
00110100011
11001011011
01000000101
11111000001
10100100111
10010010001
11110001111
10010010000
11100110010
11110001010
01011001000
11000100001
01100001110
00100000111
10000110000
11100011101
00110000001
10100010011
11100110000
10010100001
11110110110
01011100110
00101110111
10011011101
01001111000
01010000100
01101110100
00110000111
00001010110
00101000100
10111101111
11000000110
00001111111
00111101101
11110110111
11100100010
00011010010
10011011110
00110011010
00101001100
00011000010
01010011100
01100001010
10001111101
00101111101
11010101000
01100110010
11011100000
00001100110
00010100000
01010011010
10001011010
11110000110
10100101110
00111010110
01010111001
11100001010
01011110100
00110011010
10111011001
00100011010
10100110010
11111011100
01001100100
00100000101
11000000110
10011110010
00001110011
11000111101
10100100111
10101111011
00100111001
11110100100
00010100110
00011110011
01010110101
11110011100
01001100100
10001011011
00011111101
11101101110
00010010101
00101010111
00110011111
00011110110
11101011100
00110001110
11000010000
00100011101
00100111111
00010011110
00001010101
01000100000
00111111011
10111000001
10010110001
11110100011
11101100100
01110000110
00111000100
10110110101
10111101000
11011101011
11011001111
01100111000
00011000101
01010111111
00010001110
01001111000
11010011001
00101010111
10001100001
01101100101
11101111110
11111010100
00110100010
11100011101
11010011100
00001101001
10011100011
10000010011
11001010110
00010000011
00001111111
00010111101
01010011000
11001001101
10011100001
00110011000
01110011101
01000010011
10000000001
01110001111
00110011100
10001101000
01100010101
01101000100
01100010111
00000010101
01010010010
11000001101
10100110011
11001111111
11010011010
00100100110
10001010000
10010101001
11000101011
01001110101
01101101011
11001011000
00000110010
00001101011
10101001000
01011111001
11010101101
00101011111
01011001101
01011101100
00000011111
10011001011
11101101111
11101010110
11000111000
10000000000
10000000011
00110110101
01010000111
11100011100
01111000111
10010101000
