10101011110
01011000101
00001110100
10001001111
11111110011
00000100110
00100100001
00111100101
00111100111
01111111011
01110100001
00000001010
10100110111
10111100011
01000111110
00001101011
10000111101
01011100010
10010110001
00111100000
11011011011
01110100001
00001110011
01001101001
00101100010
10000100100
11101000010
11001011001
10100101010
01011010110
01001001111
10010111110
01100111101
01011000010
01100000111
01101111000
10111010110
11110111010
00000010110
11011011101
10100010101
01010111001
11110011001
10110110001
11010010010
00001111011
10000101010
10111101111
00101000110
10110011100
11010100111
01000101100
11101110101
11000010100
11100110011
10111101110
00111100111
01100011101
10110001111
00101100100
10010111000
10101010011
10000010010
01000010100
00010100001
01001001110
01001010111
10010000110
00010010010
10111010011
10000000011
11100101001
00010101010
01111101010
10110000011
01101011100
11100100011
11111110010
10010100110
01010010000
11000110011
01100110110
01011111101
11010111000
10100010110
11101111110
11110011011
00100101001
00001011011
00111010100
00000000110
10101011101
11111100010
00001001010
10111110000
01001000101
11111001100
00100010010
00000100100
11101011110
01101110110
00010101101
00111001110
11000011100
11111101110
01110001101
10001000011
10101101001
11100100001
00010001011
11100110000
01000000001
10000001111
01110100111
01010101001
00111111000
00001111111
11111101011
01010111100
00011111001
00011101111
01100100001
11000100111
11010100010
01101001110
11101100011
11101101111
01000111111
10001011011
01001001000
10111111100
01010010011
01011011011
10100111110
11101111110
01111100010
10111101000
10000110011
11101110101
11100101010
11001100011
10111111110
10111100111
00111111100
10110111001
01101011101
01101001000
01000110101
00110101011
01010101110
10110110101
00011101010
00000111111
11101000111
00110101011
00001010001
00010101110
10100011101
00101011100
00110101011
10000100001
10100100110
00001111110
01101111111
00010000111
10001111010
11010110100
01010111011
10011011111
11000101010
10101111111
10011000100
10111101101
11100101010
00011010010
11101111010
00010101110
00010101010
10100011100
01010100011
00111000001
11110011001
10011001101
10010001110
11110111010
01110111011
10110111000
01101110100
11100001000
00111100101
11101010111
11110110011
00100010010
00011011010
10010100001
11001010000
10001101010
01000110100
00101111110
00100000110
11000111001
01110001011
11000011101
11111100111
00011000010
01111010100
10100001100
00010100011
11001011110
01000001001
01010010011
10010010100
11001100010
01101010111
01110110101
00000111111
00100001100
11000100001
01001001110
00100101111
00010110100
00000100111
01001011100
01111100001
01110100100
10110010000
10111111100
00000100111
10101011011
01000100011
11100101100
01110110001
00001000011
00100010000
11011101011
11101000110
10111010111
01101011101
10101000110
00100010111
10100010010
00010110000
11001001110
00001100111
01000000101
00101110010
01010111001
00110000011
11110110111
10001010010
01010000010
10010001100
10111111010
01111010011
10010101110
01100110010
01011011101
01110011111
00100100010
11110100010
01000110111
01111111001
11110001101
00000100100
00101111011
01100110001
10100001010
01001110100
01110111101
10001010010
00001101111
00101011010
11010100000
11101111011
10011100111
11100111010
10010001011
00100111101
00010000010
01101111010
11000000000
11110100010
11011101010
00010000111
11101000001
00010100001
11011100010
01011100001
11101010111
01101110011
00010001111
11101011110
11100011110
11101000001
00110100100
00100010100
10100111001
10001100100
11000100000
10101110000
10001011110
11110110001
01010001110
10010100101
10111111011
11001111000
10111001100
00010001001
00101111110
10110010100
11011111000
10000000010
00100100011
01011010100
11010000001
00001011000
00001011011
10100011001
00011000000
11101011110
11101010010
11110011111
01010100100
00101011011
10111010010
11011000000
10001010011
10010101111
00110011000
01100010110
00001101010
00010111010
01101000010
01100001111
01101010100
01110000000
10010101101
01111000011
00001000001
00010000001
10000001101
11100010010
10111110110
11011011011
10000010101
01110011110
00010001011
01101001101
10001100111
01100010010
10110000001
10011100011
11100011110
01100111000
11001011111
01010101111
10000001000
01110011001
00010011011
00000011111
10100001101
10101111000
11011111100
11100100000
11000000110
01011010110
10010011010
00110000100
10010101110
00010111110
01010000101
00011011111
11110110100
00011110000
11000000000
10101010100
01101000010
00010011011
00011000111
10110101100
11011000010
00011001010
01101000111
01001101010
11101110001
00011011100
01011111011
10110010100
01011101010
01101010011
00101110010
01001010010
10100011000
01011110000
11001000011
00101110011
00010110011
00000110110
10000110010
10101100011
00110101111
11101101101
00000111001
01111010101
00100110011
10100000100
00100001011
11100101001
00001011100
00100010011
11110101101
10001100001
10010001010
10110000000
10100101111
00001111001
10000010110
01111101111
00000001100
00011110101
00111100001
11001111110
00001101010
01100110011
00110100001
00101011000
10000001110
10101110001
10111111111
00101001000
01011011010
00000011100
01101001010
11101110110
11110101001
10100110001
00101000001
01000010000
10101111001
10001111001
10110001010
00100101011
10010001001
00000001100
10101010001
01001001111
01111010011
01111111011
11011110001
00101111010
10011110011
10000110110
01001000011
00000011010
01011001000
01100011101
01100111101
01100101100
11001011010
11000110001
01110111101
11000011010
01001101101
00001011101
10011110000
11100011110
10011110110
01111111110
01111010011
01000110000
00101101001
11100110011
01100010001
00111001001
10100011110
01010010001
01011001110
10000010100
01010010001
10011011110
01010111111
10010101011
01110010100
11010001101
00101100110
01010101111
01001010000
10011101000
01000010100
00000100110
01100111110
01111001100
11101011011
11001100101
00010011101
00010010100
00111010000
10111010001
01100101000
10000101101
00011100010
10101101110
01001001000
01001110100
01010000110
10110001000
11000011000
11010110101
00011000111
00000110101
11011010110
01000010010
01101111110
11101000000
01000100110
01010001111
10001001110
01111001001
01010101100
01110010000
00101100110
11101100101
10010111110
00001000111
10110111001
10011110011
00100010101
01110001011
00101110000
00111000000
00000001011
10001101001
10101001001
01101000011
10010110110
10110011101
10010001001
11010000000
11111011100
01010111100
01000011101
00000111101
11101011001
11011010000
11111101011
10100100101
11011111101
01110101110
10010011001
00011000000
10001110010
01100011110
01001010110
01001111001
10110010001
01100110111
11001100110
10110101010
11000010110
00010101010
00111001100
10110101110
01111000110
11011010000
10110010000
00110101101
11000001101
00001101110
01110111000
11101001111
00011000010
01101001011
01110010101
01100001001
10010100010
01111100100
11111100111
00111101110
00101101100
01101001110
11000101110
00110001010
10000010110
11100101000
00101111111
10100100011
11011110111
01101011100
10111011010
11100111111
01101010011
10010101110
11100011110
01111011111
10000010010
01000111110
10001111100
11001100110
01010011100
10000010011
11100010001
11000101010
10110010111
00001110000
10011111010
10101100101
01100010111
01101111000
10110101111
01100111110
10010100011
10100110100
11010010000
01001110010
00111111110
10100000010
01100100110
10100101010
00100010000
10010011111
11111010100
11010100111
01111111110
01101101000
01110100000
00110101010
00010000010
01111000010
11001001000
10100111100
11100010010
10101111110
10111010111
00111101000
11001111111
10011001011
00101110011
10011001001
00100011011
00110110100
01001111101
10011011011
01100010011
11000101110
10010001101
01011000111
10000111001
11010100101
10110100010
10011011010
00001011010
00111101000
01010111000
11010110010
00011010110
00100111000
00010101011
11010110101
00101111000
01011100010
01010110011
01011010010
01110010100
10101100010
01100100010
11011010011
10110000110
01011101000
01010010001
00001000010
01110011010
01010111010
01010101101
01110010000
10010101010
01101100000
11011111101
00101001010
00111001101
10100010111
11100000010
11100100011
00010100011
11100001001
11010100101
00100001000
10010010000
01111110001
11111000110
10100010101
00010111011
00010111100
11010110011
00100011000
01111000011
11101111010
01010010111
00001111110
01101010111
01101111000
10000111010
10111110111
00100000010
11000010011
00111111010
01000010111
01101101001
01010000001
01111110100
01000010110
11011010101
01000010110
00010110000
10011100001
11001011101
00011000101
10010110000
00010011100
11010000110
01010100110
11110101001
11100011011
11000101100
11010010101
10100101111
11110011100
11101010100
11100010001
00001001101
00000000010
11011010110
00000001010
10000011010
10111111010
01101000011
10101011001
01110010100
00101010000
11001011111
10101100110
10000000100
00111110111
00111000111
10111010111
11101110110
11110110010
11001101111
00011111111
11000100101
01010100001
10101111011
00001111100
10011011101
11111000110
11010011111
11011011100
10000011100
00100000101
01001001101
11111011100
01110001010
00010000001
00100011010
11110010111
10100000110
00111010101
10011000111
10101111010
11011010000
01110011101
01010000010
11001000011
11111001110
01000001000
10001110100
11011001001
11010111010
10111101110
00000101011
00111111011
01001011000
11011101010
01110001011
00001110011
00110111001
00101001111
11110000000
01010000010
11001000101
11011001000
10101010000
00100111001
11001001101
01011110100
10011001001
00111110000
00100000101
01000111011
01111110101
10111010110
00011001000
10111010100
01001000011
10111001010
00111101111
00101101000
00110101101
11110001111
00010001011
10110110101
11010101001
11101011110
11000010000
10001000111
11010111001
00010000111
11111110111
10010000100
11011011100
01001000101
00001010110
01111110010
00110000111
11110001000
01111011111
11001101010
01101011111
11010101101
00111011001
01011001001
11010111000
00011011100
10100010111
00100111101
01100110011
10010101100
01001010101
01111111110
10011010010
10011011011
01000001110
11011101011
11010010110
01011011111
00010110000
11110010110
00000011100
01000110010
00011011101
10111001101
11011111000
10010110000
00011010000
01010110000
01101011010
11011000010
11110001110
10101000101
10010111000
00110100000
10010111011
00100000110
11111001111
11010010010
10000001010
11011010001
11000110100
11100010101
01100001011
10100011000
01101100100
11110001001
00101101110
10110110011
10001100110
01000110100
00000010100
01001111010
00101110011
00000110000
01101100001
10011100110
10011101010
11010010110
10101010111
11011101010
11100110100
10111010000
01111100111
01110010000
11111101001
01101111011
10111000111
11100110111
01010001101
11010011110
10000110011
10010010100
01011110001
10100001001
11011100111
10111000101
11000110111
11001110111
01000100000
11100011010
10111101111
00110110110
10100010011
01010001100
01001010001
00100000100
11110101011
11101000100
01000111100
00011001010
10001000001
00011000101
01111001100
10011001100
01101000110
11100100001
00001111001
01011000110
10101100101
10100100000
01100000000
10010010111
11010010101
01001111100
11101010000
00100010001
01001000001
00101110001
11101010000
10010110010
10110110000
01100110010
01111110011
00100011101
01100011111
01111000111
00111000011
00101100100
01101010010
10001010110
10100111110
01011100000
11111111001
11001100011
11000101011
10010111000
00111100101
01100110010
11111100001
01111111000
10010010000
01101111100
00010001011
00110000011
10010101101
10111011110
01111001101
00101100000
00011011101
01000111000
10100110110
01010001000
01101010100
01100110000
00111010011
01101110110
00011010000
01000000010
01010110001
00110000101
10101111111
10111100111
10100001110
01101101011
01111010101
10011110000
01100110011
10000111000
10011111101
00011100000
01101010000
10110101000
10100011111
11101110100
10100000101
01101011010
00101011010
00101000011
00000100110
11100111000
11100001110
01111010101
01010000110
11000100000
01000111101
11100101001
01101001100
00100110101
11010101111
01111011110
11000000010
10110010001
01000010000
00100001111
01011011000
00010010011
01101001000
00011000000
01100011110
11101011010
00101101111
11010100110
00011101000
00011011011
01010100001
11111000111
00111000101
01100111011
11000010110
00011111110
10101011111
10100011000
00110000110
11111011001
11110101001
10011110010
10010001011
10010101011
11100101100
01001000101
11001110010
10010001000
11111111100
00000000001
10011001010
10100110111
10010001000
10001101001
11011001100
11001001010
10110101111
10110101101
00001000101
01101000001
10001100100
11000111011
00110000101
01110110010
11011010011
11111100101
11101100010
00011011000
11100001111
00001100011
11100000001
10011000011
01101110000
10000001110
10011111001
00001100111
11011100100
01101100011
01011100011
11001110111
11101001001
10111011010
10001110101
00101010101
00100011110
11110101111
11010101010
01000011111
11010101110
00001100011
00010001010
11101001111
00110111001
11101000100
00111001001
01001011110
00001100101
10110011010
01100100110
10010111101
10111100010
00111101010
10000101001
10001100110
00001010010
11001100110
01011001111
11000100000
11101110101
00111111001
11001101010
10001101101
01010011111
00101101111
10110001111
11111101101
10111010111
10101101011
00100101101
11000001101
11101000111
01010000110
00100101101
00001010000
01101111001
00111100010
01110011111
01000101101
10101110000
01000110000
10110011110
00010011010
11001100100
11011010100
01100111110
11110111101
10100110010
10001000101
01001111010
00001010100
10011100000
01101100000
01000101010
10100011110
00101011001
01001001111
10101101011
11111111100
01010100001
00010010110
01011011101
00000111001
11011000111
00010001100
11110101111
01001111001
11101110010
11111001110
01001011100
01111101010
00011010101
01100010110
10110111001
01110000110
11100110101
01000100001
11100011110
00101111111
10100110110
00101010001
01011111001
00010101111
00111010011
10111010111
11101110010
00111110111
10011001110
11011100110
11001001100
11011110011
00001011101
00110011010
01001000110
10111001001
00100010000
00000101110
10011010000
11111111100
00100001101
11001011110
10111110111
11111010000
00001100010
11010001111
11001010011
01110100110
10000010010
11100110101
11010100100
00101111101
10000000010
00011101010
00111100000
10001110101
10001011100
10110010010
10011001001
00110100011
01011100100
10110100110
10110001101
10001000110
10001010100
00101111010
00100101100
11010110001
00100111110
01110100000
00000010010
01001100010
01010111001
10001000101
11010110011
11010000110
01001010000
01011110001
11111100000
00110011100
01010110001
00100101001
11010000110
01101100010
10111011001
01111010100
10101100110
00111011000
01010101100
01101110111
11000001111
11111111100
01110111110
10110111100
00111000010
00000111000
00100011011
11101100111
00010010001
10000011111
11011010010
00100101011
11010011111
10011100111
10010000010
10001110101
00110111101
00011010011
00111110110
00101001100
10110111010
01001000010
00111001100
10000001010
10100010100
00001001010
11001000001
00111111110
11110010100
10000101001
01000101000
00000100101
11100010100
01100100000
00011101101
00000110001
11000000100
10001011000
00010110110
10111101000
00111001100
00010011011
00110010010
11001110000
11111011100
10101010001
01001011001
10111000100
01100000010
00000001101
10010010010
01001001000
11010010011
00100011111
10111000010
00100000010
10000111111
00100001001
01100100110
01101110101
01000001011
11101001111
10001001000
00100001101
00111100001
00000010101
10000000100
11101001001
11100111001
00000000100
00110010010
11000101000
10101011010
01001100111
10001001010
01101110001
10000111011
01011110110
01100110000
00101101001
10110110101
01000011101
10101001001
10001011111
11100011100
11010010100
01000100100
00010100011
11010100110
00001111110
01011110100
11011000101
00011100011
00000010001
00000111100
01000100011
10101001010
01101101110
10111101001
11111101111
01001001010
00100110111
01011010000
00101110000
11110111000
10110011001
00111111101
00001010110
10101100110
01100001010
11000110111
00001001100
01010011011
10010010101
00110101000
10101101001
00101111000
00011011101
10010101111
11000001110
10000111000
01010000011
10010010111
10110010100
01000110000
01110001111
00000101110
11010011100
01010110011
11111000001
00100000111
00100111101
00111100100
00111010111
00011011000
01001111010
01101100010
00110111001
00100111111
11000010101
11001111001
11101010101
00101001010
01011011010
11011001010
11100011101
11001011101
11011111101
11110010100
11000000010
01001110110
00000001001
00110001101
11011100100
01111011101
01000110111
00110001000
11001111110
10000010101
00011111111
00100100001
11010101011
11001001011
10110011011
11000100000
10111110001
11100010111
10000000100
11101110101
00101010110
10111111100
10011100011
00010010100
11110101110
01110000101
10001110011
01011001111
11111110101
00110101100
01101101101
00010010011
10100110010
11110001110
01100100100
11111100110
01000110000
10101110100
00111000011
01011111101
10010110010
11011000100
00011101011
01101001100
11000111000
01001111100
01001011110
10001000111
11110001011
00000100111
00111000001
01011101110
11011011001
11000101101
10111001001
11100100001
11001101010
11011001101
01011101111
11000101101
00100001001
11001000101
10011111001
10111000010
10101110000
00110100011
11110000000
01000000000
10010000111
10011011010
01101010010
00111011011
11001110011
11010000101
11000101011
10101011000
11001001110
10001011001
00011011101
00110011100
11101011010
11010110000
01111011001
00110010110
11100101010
01110111010
01000100101
10010111100
01010111100
10101011010
10111000010
10001100110
00111010100
01111110111
00001001000
11110001000
10111011000
01011110010
11011001001
11010111101
01000110110
01101001110
11011100101
11011000010
01111100011
10101101111
11101111001
10100000111
11110000000
10010101000
10100111101
10000011110
01111010010
10001101110
10001111100
01010111011
11001000011
11101100111
11001001100
10100000001
00101000101
11110011101
01001100011
00011011000
00101101010
11111011100
01011110011
11110001101
00111110011
10011011011
11010001001
11010011110
11101011011
00011111100
00100011000
10001001110
10101010101
11101111101
10111101100
00101011011
11011101100
00100100011
10101100111
10111010100
11111000011
00010010100
00111000111
11100111100
01001010100
00000000100
01001100001
00011010100
01001101101
00010100111
11101101011
10101100100
11111001001
01001010110
10001011110
01111100000
11010111100
01011001001
00111010010
01111101001
00110101001
10010011100
01001110111
10111010010
11001000011
11111100110
11010000111
00011011110
11010110001
00001001010
00010001011
01100011101
01000011000
01101111010
10011101001
11111011001
01000100000
10010101111
11110000110
00010111001
01100100100
11000101111
01010001101
01110100011
01100011101
01000101010
00101100111
01100011101
00100001110
01100010000
01101001111
10111100011
01111001110
10000111010
11111001111
01010110000
00101001101
11010010111
11110100110
01011011111
00111001011
01001110010
10000101101
11010100101
10110101110
00100001111
01000100011
10011010110
00000111011
00011101101
00010100010
11111000010
01010011000
10110100011
01111110100
00110111010
00000011000
10001101100
10011000101
00010101100
11001111101
00000111100
11010111111
10001110110
00011110011
01000001110
11010111100
01011101001
10011010001
01001000110
11100010100
01011111010
10100000110
00010101101
00000011010
10111001111
01001001000
01111010001
10011111010
10111001010
10010100011
11111010001
00101101101
00111001110
01111110110
10000001100
00011000111
00000011000
01000110001
10001000000
10010111111
01010011100
11010011001
11100101001
00010010000
01111111101
01000111011
11111110000
11010010101
00010110011
01100000001
00000111001
00010111011
00100001100
11000100010
11011001110
11000011011
10110101101
00110100110
00001000100
11100000111
11111100010
01010100101
10001011110
00001111101
00110001100
00110001100
10001110100
11101000001
11000111111
00110110010
00101010101
10110000110
00000111100
10010110001
10111111011
01000001110
10000110010
00101001011
10101110010
10000000011
01011010111
01101101100
11101010110
11001010101
10000110010
10000001010
11110110111
00011011011
00101000111
01001010011
10111101011
11010011100
11001110100
11011001001
11010010100
01101110001
00010001010
00001110111
00011110001
10000011110
11011111001
10110111110
00011101001
00110001100
11011111010
01001010011
11111011000
01110100101
01111010000
11010100001
10100000111
10011011110
11000101010
00100010000
11011110001
00011001000
10100010010
11001011010
11101000100
10011010111
11000000110
01110000000
01110011010
01000010011
00101111110
10000010010
11000000010
00011110011
10111001101
10011010111
00011111010
11101000010
10011101101
01110001000
01010000110
01110100010
11111010101
11011111001
01011101010
10111101100
00000001000
01101110010
11001110101
01011101000
00110100101
11011111010
00100111110
10110110111
00101000011
10001101010
01001101011
10101010011
11010010110
10010000000
10000001110
01000110000
01101001101
01000101110
00111001101
10000001110
01001011000
10111000101
01111101111
10011111111
11110001110
00111000110
11101000011
11111001100
01111000100
00111011101
11111010100
10000111000
00111111001
01111011001
00001010101
00101101011
11010111011
00101110111
10000000001
11001001011
10101010111
10100000100
01101110100
10010111001
01101101001
10101010010
11011100111
10000111111
01101001011
11000001000
00011010110
11100010111
11101111111
01000110001
00011000000
11100110011
10000000100
00011001010
01001111110
00111011010
11011100011
10011001011
01011100001
11111001100
00111101011
01010011100
11010011001
00110110010
01100010111
10001010101
00111111110
11111110010
10101110100
10010010011
01100110001
11010101110
01001100110
01100001001
10011001001
01001111001
00010101110
10100001011
01101001110
11000011110
11011110101
01001111011
00010010000
01111101100
11011011110
00101100111
11100011000
00010011100
00110110110
10101010100
01000011111
01111001111
00011110010
11010010000
01001110000
00001110101
10001000111
10110100001
01011101000
00111010010
10101110011
11010011111
11111001100
10001000001
00111001111
10101000000
01010000100
11011010111
00110101011
00010011001
00100101101
11101000010
10110100010
11000111000
01110111100
10110110110
10101100101
11101110000
11000001011
00101011011
01101011010
00011011000
00000011000
01010100011
00100101101
11001010001
01100000000
11110000110
00110101001
00001110111
10100000111
10110111001
00010110111
01000100001
00110110101
11010100101
01000000011
01001110111
11111111101
01101101111
01111011100
11001000100
00001110110
00011101100
10100011100
10010011010
11100111001
11111101001
10001111110
01101000100
01111000100
10110110010
00111100010
11001001010
11110101110
10010101100
00110111100
00110111011
11101010000
10000000000
00010000010
00101110100
11000001110
01110100010
10100011110
11011000000
00110001011
11010100000
10111011011
00001101100
00100011010
00111100011
00110100101
00100110010
00100110100
10110101001
01100011001
11011000011
10011000011
01101001100
01011011101
01010000100
10111000110
10010111001
00111100000
11010011111
10100101001
01010001001
11001101111
10011111010
00010111100
10110011110
11010010001
01101000111
11111101110
11100100011
11110001110
01010000101
01010011111
00101011110
10000001001
10000100001
00001110110
10110101000
00011101100
00111100001
01101100101
10010010100
10011100101
10011100011
10100010000
01001101110
01110001001
11000000100
11110111000
01110100110
00111010000
01000101111
00000100111
00011101111
11111010010
00100011110
10010011011
10110101111
01011101100
00010100110
10000011101
01100010000
00001101001
11011101010
11110111010
11110101011
11110011010
01000000110
01111011010
01010110111
00111101100
11100001110
10001011010
00111101000
01001010000
00001001110
11010100101
11000001001
10110010100
01011000001
10110100001
01011010100
11001001101
11101011100
01000110011
00111111100
11101110000
01110011011
01011000101
01110010000
01110010101
11100110000
01010110000
10000000110
11001111010
10011011100
01001111100
01100001111
