01000110101
00011010110
01100010111
10000000100
10001110100
00110100101
01100001011
10111000011
10010110001
11001110000
10010000001
01000110111
11110001011
00101000100
00000111010
00100001100
00100001110
01100000100
11000001101
01110000001
10000111011
11011110111
00010101110
00100100100
00000000101
00100010111
10010110111
10001001010
11100010111
11011110000
00100101100
11010000011
01010000111
10000010011
00001110011
01100001010
00011001011
01000110001
11110100000
01110001011
10010010110
11100100101
10010110001
01010000110
00101101111
00111000001
01000100110
10100110010
11000101101
10000011111
10111101010
01001011110
00100011100
00001010011
00000101010
10100110011
00011110010
10001011000
11101010110
01001001100
01110100001
11011111010
10000101011
00100101011
00110110100
10100110010
10001011011
01111010100
00010111100
00110010000
11000101001
10000101111
11100011100
01100001110
11111110101
11100100110
11111010000
11000000011
11000110100
00001100111
10000011001
00001111011
01001111100
00011111111
00111010100
00001011110
11001101010
10011000111
00001110101
11001100010
11100001000
10110111001
01101111100
10111111000
10111110000
11001001101
11110111110
00011011010
01111010001
00110110110
10011000000
11100011011
10101000111
11000100101
01011001010
11111001110
01010010010
01010000011
00100010100
11010111110
01100101111
01000010110
11000100101
10101001111
11101101001
10111110000
11110101100
11000011010
01100101000
00100100110
01110001100
10000010110
11010011111
00001001010
01110010011
11011110111
10111000100
11101111110
00101010001
01111100101
10000011010
11011111110
00001100111
10100000111
01110000101
10000110001
00001100011
00000111011
00001111011
01000011001
11100111101
00001011011
01000110100
01001111011
10010010101
11000110010
00111110100
01100001110
11111101100
01110010101
00000101001
01011101110
01100000000
00100000000
00001110100
01110001010
01110101000
11110100001
11111101000
01111100100
11010001010
11101101001
00010100011
10010010101
00101011000
01110010000
01110111110
01000101101
11000010001
01011010001
10100100011
00010111110
00001001000
00010001011
11010000010
11110110000
00110010101
11111000001
01101011011
01011000110
01101111101
10001010101
11110010111
10101010001
11000111001
00000010010
11111001110
01001110110
10011111101
01011001101
00011011000
00000010010
01011011110
11000110010
01110101111
10100100100
01010101100
00000100111
10000101000
11011010101
00001111110
11000000000
10110100011
11100010100
10101001001
11000010100
01011001000
11101011110
00100110101
00000110100
01101100010
10011110001
10100010110
11111100111
01011000101
11011010111
00111101000
11100011010
10011010100
00011011110
00110001111
00110110011
10001010000
00111011100
11110111011
00001111110
10110001110
10101110001
11010010111
10110111011
01100100100
01100011110
01010110100
10110100000
01011001101
01110000100
10011000010
01111011100
10110100010
00101011100
10110010011
01011010001
10010010111
01111001110
11111000101
00110000001
11100001011
10100001010
00011100101
11100110001
01001011111
01010101110
01000000111
10001001011
10000101111
11011110010
10011000110
00111111110
10110000101
10001101110
01110001101
00111000100
00111011101
11011110101
11101001110
10001100011
01110111110
10101111010
10111000011
00101001111
00101111010
11011000010
01000111110
01111001011
01101111111
10110111111
11010110110
00000000110
11111010000
01111111011
11111001000
00100010110
10011010111
01101001011
01000000000
00111111111
11001011010
00100111010
00011110110
01010010101
11110111000
00010100011
11000110010
01111011111
01110110111
00000000001
11001110100
11000010010
01010000111
11111011011
10000111011
00101001110
01100110100
01001011010
01010101001
10010011000
01111010111
11111100010
11001100111
00011111011
10010100000
00001111000
00001000100
00100100001
01111000000
00100010001
11000110010
11011000010
00000110011
10001110110
01001001111
01010111011
11011011110
10100110110
01010000000
00111001110
01001100110
01111010011
01101000001
10111010000
00111010000
00110010110
01010001010
00100011100
10100101010
00110010011
11111011001
10110010011
11011100010
01000101010
01010101110
00110110001
01110110001
10110000001
11101110110
00011111101
01100011011
10000110001
10000111011
00001110001
10111011101
11110111001
11010011101
11011111000
10011001101
00001011000
00100111011
00000110000
01110110011
10100010101
00101100000
01100101000
01100111100
10010110000
01010110110
10101100000
11110011100
00101001110
00111101111
11111101100
10010100111
11111111111
01010101001
11100011010
10101110100
00010000011
01101010101
00000110100
10111011010
11000000101
00110111110
11010001101
01011101010
01110001100
01111111000
01001001110
00001111110
10000000000
10110010110
00001010101
10001111000
01010011000
11101000000
00011100011
10110110110
10110100110
01001111101
01010110011
01101100000
11010010110
11001111100
11001101111
00001110010
11000000010
10011001010
10110010010
10011001011
01011000111
11111010011
10011111101
11011110011
11011110011
11101000110
10000010100
10111011100
11001100010
01011000111
01111101111
11000010111
11001101111
01100000001
11110011000
11100101111
11000101110
10111011011
00001110100
01100111001
00010001000
10011101010
01000010010
01111011000
11101011001
11001101110
10001011110
10110101101
00111110011
00011000010
00001001000
00001001010
01011001101
11110001110
11101010101
01011100000
11010010110
10010100000
00011100100
11010101011
11011011111
10010101001
10010111010
00000011111
10011111100
11000101110
01011000011
00100111101
11111100110
00100000000
00100010001
00011111001
01000010111
11110011011
11100100001
10111110101
11100001111
11000101001
10110011011
00000011010
00001010111
10010101111
10110111111
11111110011
00111011011
11001000111
00100111010
01011001101
10010001010
11110110110
01001111101
00001011111
10011011110
10101000010
10001100001
00010010010
11100100000
00110101100
10011010001
11010010010
00001100001
01100010110
01100110111
00110101100
10101101111
10101110001
10010101011
11110000100
00110101111
11001110001
11111000010
01110111110
01111101001
01100010111
01000101011
11111010100
11100100010
00111110010
01111100001
00000010100
00011011100
10001110111
00001010000
01000000011
11101000100
11110111100
10111010010
01110110010
10100010111
10101110101
00111001101
11111000011
01010000101
00101110001
00001010010
11111100100
11101011110
01111101001
01011010001
00011001010
11100101100
11000011011
00110001011
01001000100
11100100100
10011011101
11101001011
00100010011
11100100001
00100101100
01111010110
11001011111
10000011111
10001001101
11011010101
00101010101
10010110001
11010110101
00101100110
00011110001
10001000100
11100100111
00010100101
01101111100
10001100010
01110011110
01010001010
01100011100
10010101111
10111001111
10110101010
00001000110
00010101010
01110000011
10100010110
00100001000
10011000011
01000011111
11001111110
10101000000
11011110100
10011000100
01000011001
01110001111
01011100110
10101101010
11001110001
00010101010
11100011111
01011101101
10101100111
01010110111
10001111001
00001000111
11100101001
10010111001
01001010000
00010011001
00101011001
00101000001
00101001111
10001011001
11110010000
00001111011
00111000001
10001101010
00011011001
10000010010
01011011010
10110011010
01100001001
01110110000
00111010011
00001000011
10011011101
01001111101
11011101010
01110111111
11111011001
00110010010
00101010010
11010111110
10100011100
00100000110
10111010000
10100111001
11010100111
11101001010
01111111101
10011100010
11001110000
00011100001
00000010110
00001100010
10101111100
10010010101
11010111111
11010111101
00111100001
10011010110
11010010100
10110010011
00111000111
10000101101
01110111000
10100001010
10111100000
11000001101
10111001001
00101001010
11110101010
00000100000
01000110011
11000000111
01100001000
01111110111
01111010111
11011111011
00111101111
01101010010
01110000001
10100001101
10100111100
01110000001
01111000010
10000011011
10011101010
00110100110
11100110100
01010101111
00001110011
01110100001
01111011001
10101110111
00010001010
00010010010
11110101100
11111011001
01001100011
10010010011
11010010010
10010001010
11101011011
10110010110
11101101101
11111111011
10110100101
11100101101
00000101101
11100001100
11100001101
00110111111
01001101011
11011110011
01101110111
00001101001
01111001011
00100000100
01111101000
01000100100
01001011100
10100011111
00101010110
00000010100
00111011011
01000000011
00000001101
10010101000
11000001010
11011111010
01010011110
00101010011
00101000101
11110010011
01111010101
01101001101
10100000010
11010010001
10111101010
00101111010
00001011000
11011101001
10001101000
11110110010
11011101101
10110101101
00001101000
10010111101
01011010110
00001100101
11011011011
10100111000
11011011100
01110100001
11000100000
00101010000
10100111100
00110011111
11010011110
00111011001
11110010000
11111111011
00011011111
01011110000
11000111111
00000111100
11010100000
10011011011
00111010000
00000111101
11110000001
11110000000
10010111001
10110010000
11110100111
11101110011
00001110010
00001010110
00000101010
01000010101
01000011111
10000001111
10001011110
10001010111
00011111101
10000010111
01110111100
00010000100
01001101100
00101100100
01100000001
00000111011
01111111010
10111110100
01111100010
01011010110
11101001010
00011000110
01111000110
00111110100
11101010000
10001101100
10110111111
00010000110
11001101101
11011011011
11010010110
11101100101
10100111100
01000011101
10110011100
11010110001
01000001110
11100011001
11000001110
01001101101
10000100111
00101001010
10001111100
11001001000
11101010101
01011100010
01010110010
10100110101
10011010111
00011111001
00110111001
01001101010
11000001101
10011101011
01000101100
10100110011
00010111001
00111011101
01001100010
11101110000
11000101000
00100001011
01000011100
01011110111
01101110100
10011011111
00000111110
10101110010
10110010000
00001010111
00010000101
10000101011
01111011101
11010000111
11100101101
10101100010
01110110100
11111110111
10101000110
00001100001
11111000011
00001001111
01100101011
01000010110
01011111001
11000001010
01101100100
00001010000
11010011011
01100110101
11111101100
11111001000
11011011010
00110001110
00111000011
10111000111
11011100110
11011001100
10001000000
10001001111
11001111000
00011010101
10111100000
11000101001
10111001111
00001011100
10110000110
10111101001
00001001011
01111010110
10111001100
00111001000
00011110111
10110110011
01110000011
00011010101
11100101101
01001010011
01001011100
10111011100
01100100000
11100001100
01111100010
11011000111
11100000010
01010110001
01111100111
01101100100
10110110100
00000110000
00111100111
10000101101
00000100111
11110100010
00111000100
01101100000
00010001000
11110011010
10010101101
00111011001
11011001010
10011111010
10001000001
11011000101
01111001011
01011100101
11010011010
01111110110
00110011011
10001010011
10110100101
01101111100
01110010100
11011101010
00101010100
00110000101
10111111010
01100100111
00100010000
01101110110
10001110011
01101111110
10111111010
01100010000
11001110010
01010100101
10110010101
10001110011
10001101011
10011001000
00000101111
01101100010
10100110011
01100111101
10001100010
01110111110
00011010011
01111111110
01100101001
01111000111
11110101001
11010000111
01010101111
00011100010
10001110011
00100100011
01010100001
11011101010
00101001101
10010101001
10101010111
00111001010
11001010010
11110001101
10100010000
10101111110
00001000011
10100101010
10101001010
00101111011
00110000000
10010000001
11110001101
00001111111
01011011001
00110000111
01100011011
00011010100
00001101101
00001011111
00100001111
10100101111
10110000110
01110011110
00010011110
00001000001
11000011011
00010110010
11010101010
01101001100
10010110111
01011100000
10101000100
01101100110
00010001100
11000101100
00111000111
00110110110
00110010110
00101101010
11000110011
11100111010
01011100110
01001110001
10101100110
00101110100
00001101101
11011001000
11000111110
11011001010
01000110100
01110010110
11001111010
11100000100
11010010111
11001101011
10001100101
00000011000
00100010101
10001101001
01111010001
01011000110
01111000011
00111110001
10010010000
11001111101
00100000000
01010000101
00011111010
00011100101
01000011101
00110001111
00101110101
10111001110
01101111001
00110101110
11111100111
00001110011
00011110110
11001111011
01111111111
01101000010
10011011101
01010011010
10011101001
01101111000
00111100000
01110011010
11111101001
01110001010
01000010111
10001011001
11110101100
10011100101
00110000110
11100011100
11110111100
10000010111
10001001010
00100000000
10001100001
10110000111
00111010101
01100100100
01000010010
11001111111
11000001101
01011010001
11010100111
01101001100
01110101101
11110111100
00011101001
11000010001
00010001001
01001101111
10101011010
10010010111
10001100011
10101010000
00010001101
00110010110
10100000101
00100100101
01101011111
10111101111
10010110110
11101001010
00101100110
10011010001
11100100110
00110010110
10111000010
10011100000
10100011101
11111111110
00100110010
01110001011
10101011011
11101110011
00100011110
11100111100
10100111101
01110011001
01111010111
11011110010
10010011000
00111000011
01101101001
10000011100
00100000011
00111011110
00111011001
01010111100
00001100011
10000111111
10100000111
10001110110
00101000101
10110010011
10100000001
00101000111
01001111001
01101100010
01110101011
10000111000
00011000010
00101011101
10000110001
01011000011
00011111011
00000101010
11000011100
10001101101
00111001100
11101111101
10001010101
00011110001
00010000010
00000111000
11001100101
10100101001
00010000101
10100000101
00011110100
00011101100
10011001111
10001000001
01011010101
01000011110
10111111100
11001111111
01101111111
11001010001
00000111111
01011000010
00010110000
00111000100
00000111010
01100101000
10100011110
00101001110
01101110100
10111111101
11100011000
11110000101
10101111000
01101001001
10101101111
11100110110
11110101100
01001000001
01110001000
00110001101
11111100000
11101000001
11110101001
10011001010
10001111101
10011001001
00000111000
10001010110
00110011111
00110101010
11110111001
01111110000
10111001111
11110111000
11111010011
01111101110
11110011000
00000011001
00110000101
00011111111
10010000111
00111000011
11110101101
10111010110
11110010110
11111100011
01110100000
01111100111
01100010001
10101000100
11111010010
10011001101
10101110110
00011101010
01011110100
10110110101
11110110100
10101111011
00011101011
11101001000
10101010100
10111000111
00111111100
10101011100
00010011000
10101101001
11110101110
00000011111
01000110011
10101011101
11110111000
10111010011
00010000010
00101100001
01000000001
01111001100
11101011000
10110110010
11111000001
10000001101
11110010001
00001011001
11010110111
11001010101
10101111110
01101110011
10000000011
10101011110
00101001111
01010001111
01011010001
10010101010
11110110011
10010111011
11111000101
00110001101
10110000100
10000010110
00101001110
11011000001
10110100110
11000011000
11000001101
10111111001
01011111001
10100111001
10001101100
01111000010
11101011110
10000110110
11010110100
11011111100
00110010011
01100000011
10000000011
11110000100
01001101110
00111100001
00000001110
01100010110
10011000111
01101111100
11001110011
10011000110
00110010110
00001010101
10001111011
10011111101
10000010000
01010100111
00111101001
00100010111
11011110100
11111001001
10001001011
01110110111
10101110000
00111000000
10101110100
00100110101
00100010011
00110101001
11000111000
01010000011
00011111101
10000010000
00000010000
10100110010
00110000111
00100101000
00010001100
00001111110
00100101011
00111101111
01011111101
10001000001
00100111011
11110111000
01001101010
01100001000
11011010000
11101001010
10100101110
10110101110
01000011100
11100110000
11011111101
01001000011
00000011011
01010001011
00000010011
10000100000
10100111001
00001101001
10101010000
11000101011
10100011000
01111101000
00111011110
11111011100
00101000111
10001000100
01101000011
01010001101
10110000000
11011101101
01101000011
01011111001
01101111000
11101010111
10111011011
01011110100
00011110000
11011010110
01010010100
01111110000
01010110101
11111110110
11011011100
01010101100
00011011000
00011100001
00010001101
01010001100
10001010100
11101110010
11111111000
10000101010
00010100101
01011000111
11010111000
10000110011
10111000111
11101100010
01100100011
00011100001
01110000001
11000111101
01111001100
10011100100
11000001110
11010101010
01011110001
11111100011
11100010001
10011001111
11001001111
00101100111
10100100010
11011011110
11100001011
01101100110
01111100100
00111011101
01110001111
01111001001
01111000000
10011101101
10000110010
11000100110
00000110111
01110000000
10011111100
11111101001
00111011100
11101100111
11110011100
01110100100
01011100010
00001111110
01011000000
01111100010
01011111110
00011111101
00111010011
00000010001
10001110000
00111101101
10110110010
01011010011
00001000111
10111011010
00001000011
10111011011
11111000011
10001000001
10011100100
11000000010
01010011110
10111011110
00011101100
00101100010
00001111101
10111000010
10001011011
01110101011
00000011110
00000010110
01111111101
00011011100
10011110101
11001101100
01001110111
01000101011
10000000100
10100101000
01000100111
11111001000
11111011000
11110101011
10010001011
00101001011
10101110111
11010011011
11010000000
11011001100
11000001010
00111100010
11100110011
01111010010
10010010111
01011111001
10011100100
11111011100
10100000011
01000101011
10111000011
10011011110
01111000011
11000111010
00101000010
11101000111
00011100110
01100000100
11010101011
11011011111
10000111110
00101110100
01111010101
00011101011
11100010001
11110011100
01011111010
01100110111
10111100111
01111101100
10100000011
11101110001
10000100110
00001111010
11001110110
00011100000
00101001011
11011000100
11110000101
00111100010
10100101011
10101011010
01100010001
10100101000
00001110000
10110111001
00110001000
00010111010
00001110001
01100101111
00000100001
00111100011
10000000111
01111010010
10000111010
11011000101
11100000011
01111011111
01100101001
00001110010
11001111011
11010111001
00000001111
11000111010
10010111110
10101010111
01111010010
00100010110
00111100000
11101101100
10110100001
00100100000
01010110111
01000100001
01111000000
11100011100
11101111110
01100010100
10100010000
11110000000
10011000110
01010000111
11110001101
01101010100
10010011010
01001001011
10111001001
11100101111
11011011100
10110111111
00011011110
10010001000
01001100011
11001101100
11101111000
11011110000
10011110011
11011101011
00111001111
00010111010
01101010101
01110100010
11100000010
11110110010
00110000011
01011000111
11100010101
10011110011
01001011000
00101101100
11100010100
01111111011
11000101000
11110110100
11100000110
00111011000
00001000110
01101010001
11011111011
00010010100
01101100010
00001110111
00100010001
01000001000
10101011100
01100101011
11000001001
11110110111
00010001011
00100110111
11100101011
01001111000
00010111101
01111010001
11000111111
11101011010
00111010110
10101000000
01001010100
00001000110
10000101110
11001100011
01110011100
11010100011
10100100100
10111100010
10000111101
00100000011
00111011101
01111010110
10110100111
10010101100
00011111000
01110100101
11110001011
00011000111
01100000001
01000101100
00100010110
10111101010
10110010111
10001000101
00011000001
10111100011
01111000101
00111001011
00000000010
01111111100
00111111100
11010011100
10010000011
11000011101
11111000101
11111111101
01101010101
10111101111
01000101101
01010111111
11011000101
00000010010
10000101101
11011001010
11010001101
10011001000
01010001101
11110111111
01100000010
01011111110
00000100011
11011100101
01101111000
10001101111
01100100101
10011100011
01011110000
00011000000
10100110010
01101010000
10100001110
10110011110
11000010001
01101110010
01000111110
01000010111
01010011111
01111000011
10100000110
11111111110
00011101011
11100010111
10100011110
00011010100
01010111010
01101101011
00111011001
10111011010
00010110111
10001001000
00101011001
01010010010
00000000011
00000011001
11111010011
11001100001
11010100011
11100101000
11110000100
10001110101
11000111100
01001111110
01110100111
10101011100
00101000110
11110010111
01100011110
00110011010
11111111001
00111010101
11110000111
11000000111
10000000101
10000011010
00100111010
11101000111
10001011110
10101000010
01011011011
10100000000
11000010000
01010110010
01000011100
10100001110
01110000010
00110111001
01001001101
01000000101
11011010111
00000001110
11110111101
10001101000
10010100001
11111011001
10100010010
00001111100
10001010001
10101001010
01110101100
10011101110
10001010101
10110011010
10010101011
01111101111
00100011010
00110111111
01100100011
01011000101
01010110000
01001010011
10111101100
10010000100
10010101100
11100101000
10001000110
01001000001
00011011111
11110111001
01011111101
00111001001
00011001000
00110001001
00011001101
11000000110
11011000110
10101001111
10011001111
10010111110
11111111101
00010100010
11001101011
11000101011
11000011100
01011001111
01010100100
00011110000
11000101001
10000001110
11111101100
00100001000
00011100110
10111011111
01000000010
00011010110
01111111101
00011101100
00110111111
10010011011
00011011000
01000110111
00110101010
01110011010
01101100110
00001111110
10101110001
01000010101
11100101101
11101010010
01001001011
01011011100
00001011010
00110101101
10110001110
01111101111
01010010110
01011100001
01011000000
10100011011
01011010001
01011101000
00110101111
11101101100
11101001100
10101011110
00001011110
11010111101
11010111000
10101001110
00010010001
01101111101
00001000111
11111101011
11001011110
10111010111
10111001001
11111110111
00010010010
10000101001
00101101001
11011010111
01110111010
11011110100
11100010111
01100101011
10000111101
10011110001
00010101011
00110100001
00101110000
01111010011
01110101100
10111110010
10000010110
00100010100
01100110111
11111001001
00011010011
00110010111
11011011001
00001001101
01100111110
00011010010
11001110001
11111110001
11001100100
11000010101
11001110011
00000101001
10110111101
00100100111
10100111100
00000010110
00111001001
10010001010
00110010001
11011001100
11001110011
10010001111
00100110101
01001010111
11101000101
10001000010
01101101001
01000001000
01101110110
10000111101
01001100010
10001111011
00111101100
00001001101
00101100000
10010001101
00111001100
00111101110
01000001001
10011001001
10111111100
00001101101
10100110001
11010110011
11000011010
01100000111
01010111010
11111111011
10100000101
11001101000
01010000010
00100000101
01100001011
00001001001
11000011111
10010111010
11101110000
00010010001
11111111000
00100101100
11011010100
00100110100
11111011011
11111101011
10101010111
10011010011
01011111110
11110110010
01101011111
11011001011
01101000110
10100111100
00000110010
11010000010
11001000001
11100110000
10010001000
10110001011
01001010100
11001111001
10101111011
10110011000
00101111000
11011010000
11010110000
11100010111
11100011010
10000001100
01100011000
00101111000
01110000111
11001010100
10100000111
10011100011
10101110011
01001011110
01010101010
11011101010
01001010000
11000110110
01010111000
10100110001
00100100111
11001010011
00111001110
10000010111
01011100011
00111000100
01111101011
11010111011
10100110110
11111001100
00010100110
01001000000
01011101100
01110100001
11111000001
11000011010
11100001111
01111110001
00110000010
01110101111
01000001101
00101011000
00000101011
10101100010
00100110111
11001010110
11110100000
01011001010
10110100111
10010101100
01001101011
11011111011
00110101110
10010011111
00001110010
00001000110
11101000101
10010001000
10101111111
00110111110
10101100010
00111010111
10001111101
01001001001
00001101111
10011110010
11010010101
01011101101
10111100001
11010000011
10010010110
11000101100
10110101010
00000011000
11110110011
10100111010
11000010000
00101100110
00010011101
11110011101
11011011011
10111011011
11000000101
11110100011
10000110000
00011111111
00110010110
01001010100
11010000111
00010111010
00001100111
00101100110
00011010110
00000110011
01101011010
11101110010
01100001000
10001001011
11010110001
10111111111
11001010101
01010110100
11110000000
10000011011
00001000110
11001011010
10000101000
10010101001
11101110001
01100110011
00101101100
11001100010
01101110100
11011000011
11011111000
01110011100
00110001101
10010100011
01111010010
10100000000
01100001111
