01011110010
11111001101
00100110010
11010110111
11100010111
00000101110
01001100000
10001101010
00011110100
10000100010
10111000110
00001110010
10000000110
01000010001
11001011000
00100010101
10111111011
10011100000
10010000110
10110111101
11110001110
11011001000
00110001010
01111100000
00110110011
10010010110
11011001100
11110110010
00110100100
01110111000
00110001101
11000010000
11001001000
00101111011
00010000110
01011010101
11100010001
01001011010
01111011101
10100011000
10110011110
10110001001
11101100101
10010111110
00111100101
01101101110
01001000001
01100001111
11110001101
10110100001
11111000001
01011011100
11011010111
00111010000
01001101111
11000111100
01100110010
10001101110
00001001111
10011100001
01001000010
11011111001
10010101111
11111100100
00001011000
00110101001
10110010110
01011000000
01010111000
00111110000
00011001000
01101101000
00011001010
10011111101
01111111010
10010100010
01011100110
00101110011
10111010010
10000010001
00000100010
00000000010
11110101001
11000110100
11011111010
00100111101
00000110011
01011010110
01110000000
00111010110
11000010001
10110011011
11010001100
00100001110
01111110001
00110111000
00111000101
10001010010
11010100101
10011010101
00000011111
10110101001
10010000001
11000011000
01011101010
01100100101
11101110111
00011110000
11011010100
00001011010
11101001101
11011110000
10011101101
00110010100
10010101100
01100010001
10110110001
01010110101
01111101100
11011010010
11110110010
01110001000
00110111000
11011000011
11010000010
00001111101
01001010010
11000110010
00000101000
01110000110
01000000101
00100011001
01001100110
01111100110
00000100111
00101100100
01111111111
10000000011
00010100001
11000011001
10010001110
00101100001
00111000010
00101101111
00110111000
11001000110
11001001110
11100110110
00000101111
10100101111
01010111001
11100001110
00100001011
10001010110
01110100111
11001100110
11000100110
11011110101
00011001101
10100101010
00101011001
00001011100
10001110101
10000111001
00100001101
11100111011
11010110001
10110001000
11011111010
11001001011
11000010000
01101001001
01100101011
01000111101
11110101010
10110100010
01010010001
00011110100
10011001010
10011110110
01010111110
11000011010
10110011110
00100011100
10100011010
01000101101
01000011100
11100110010
10110010001
11111101100
00000110101
11100011111
10001011011
11001000001
11111000000
01111010111
10101010101
00000011100
01100111100
00111011000
10110110001
01100011001
10010110011
10010000101
11111000101
01101111100
10000100110
01001010011
11101100001
11001010111
00001000100
00000111111
11011010010
01000001011
11000101100
11110111111
00001110011
01000101100
10100100010
10101100011
11011111011
00110010101
00010001010
01111011010
11110000001
11001101010
01010001000
10101001110
01010111010
00101010011
10100100100
00110110011
10001011111
11000110001
11100111001
11011010001
11011011001
10000000111
10100010001
10010101100
00101000001
10101010110
00011000110
11110010001
11000110011
00111100011
01111110110
11110110000
01101011000
11010100000
11101011011
10011010011
01011001010
11110110101
10100000001
10000010110
11111011011
01000000000
10000110011
01100000110
10000011011
11100001110
10010110110
00100111001
01001111111
01101100111
01001101000
00111011000
00110010111
00010111010
11101110010
10011111110
01011101101
00111110100
01111110101
10000101101
10110011100
10011001000
00010111100
11000101001
10001101010
01101101110
00011011001
10101100010
10100001100
01100111010
10110110110
10000011101
11010010011
10000100110
10100101001
10100101100
01110001001
00010110001
10011111010
00111011010
10010010011
11000001110
11000101011
10111010010
10100001010
01010100111
00000100000
10110111111
10110010010
11001111001
10011000000
00101001111
01100001100
00111111100
01101010101
01001101101
00010101110
00010101101
11101111001
11101100100
01111101111
00100011110
01110110010
01001011001
10110001000
11001111110
01101010111
00110110011
01100001110
01101110010
01000011111
01000101001
10011100111
11101101011
00010111111
01001000101
10100011011
10001100101
11001100011
11110011010
11001001110
00001001100
11001100101
11000100100
11001101100
01011111110
11001110111
00111010111
10011001000
01100001010
11011010011
11100011110
01011111100
10000100000
01010011111
11110010010
01010001000
11001101010
01110001010
10001100101
11110011001
11111100100
10011001000
10101111111
01010010011
11001001101
00010011111
10010111101
10001111101
11100010111
10110011111
00110011110
00101111001
11101000111
11001001000
11101000101
01111000001
00001101000
00101110101
01001001011
01101010101
01011101111
01110010000
11100100111
11100101100
10111011011
00111111011
10110100101
00000010001
00011111000
10001000001
01110010100
00111100001
00010101101
00010111000
01111000011
00111010001
01000110100
11111000001
11100011010
00101011011
10111001001
01001110101
11011100101
00110111110
00011100011
10000110101
01000111011
01010111111
11011100000
11010011111
10001100001
00000000000
00110010010
00010001001
10100011111
00011111010
11001110011
00001000111
01101000001
11110001110
01000011100
01000010000
10110111110
11000011001
10010001110
00011110011
10001110101
11000001000
00111111100
00111010101
01011100000
00111111101
00110100111
10100111011
10111011110
10101101001
00110101011
01100000100
10111001100
00111010000
11101000000
00110011010
00010110100
00010101010
00100001010
01011101111
10100110011
10001001101
01111100100
01101000011
10100110001
11111000111
00000011000
01010010011
01100111111
10001111001
00100000100
00111010001
11001010111
11110111100
00011001001
00001000111
00110000010
00001100101
00001001111
11011000100
10101100101
11000001011
11101000100
10001000000
10011101100
10000110010
00011110001
10011010011
11000000111
11000110111
11011011000
11111001001
01101011110
10010000011
01001110011
11011101101
01011001110
10010110100
11111110111
10011110001
00111110000
00110100111
10110010101
00101101100
10100001111
01010100010
10101001111
11100100110
01101000101
01111110111
11100000111
10100011010
10000010100
01111111100
00100000110
11011011111
01101101001
00101001010
11101110101
11001000011
11101001001
00001010101
11001010110
11110100100
11011010101
01110010111
01000100000
10001000101
01100111000
00101100101
00000010010
01011110011
01101101010
11010001001
10110100111
11101111010
01010000000
00011111101
01110011001
11101100111
10111000100
01010011011
01000000010
10010101110
01111101011
11010101101
11011011001
00001111001
11111101100
01001010000
01101101111
01010101000
11011110101
10110111011
00010101000
01000000100
11000101111
10100011110
00100111001
01100001110
11101010010
10110010101
00100111101
10000010011
01110101101
00101011001
01010101010
11011101011
01010100000
00011011010
11100100010
01000100110
00000011100
00001011100
10101111100
01011100111
00101100001
11001011011
11011101011
01011111011
00110101110
01101110011
10000010111
00011001000
11001111000
00110101001
10101011000
11101010111
01000010111
10110101001
01000011010
10011001101
00110110010
00010000011
00110101110
01000011001
11110000001
01001100011
10101001100
10001101000
00001011011
10010100001
00001100101
11101101001
11101100111
11101100110
01101110001
10010001111
11111000101
10111111010
10000000101
00110101001
10101000001
01001110100
01011101111
10001001010
00010011001
10111101001
10001111110
01010101101
11100110000
11110101001
11101111000
11000101011
01010010011
00111100001
11001110101
01111001010
01111001010
10101011111
00110010000
10101001110
10000011111
11001010011
00001110110
10001111010
00010011011
11100111010
11100011110
10111011011
01110100001
01111111010
10110010101
11100001001
01100100010
01011011010
10000010110
10010110001
10100110000
10100100000
10101001111
00101011100
11011111001
11100000110
00010101011
11100000110
00111010001
10111101110
01000000000
10011001010
11011011110
00110100010
01010000001
10101100110
10001111111
00011000110
01010000100
11110010001
11101001100
10001111010
10101000000
01100100101
01011101110
11010001001
00010010001
00111010111
11111000101
01100010110
11010110001
10110110011
00010011000
01000000101
10011000010
11010101000
01101110001
10110101010
10011110111
00111000100
01101000011
00010101101
11100000111
11000010110
01010110110
00001001011
10101000001
00011010111
11011000001
00001100111
10100011111
01101110001
11000010100
00111110101
00010010100
00101100010
10100111010
11001001010
11100100110
00000010101
01001011100
01110010010
10000010011
01110110100
01000110011
01110000011
10010011111
11011110101
00100001000
10110100101
10010000001
11111110110
10101101000
00111111100
00011000111
10011011111
10001101110
01111001001
00101111111
00100000111
11111110010
00010111110
00011010001
00100110110
11000001100
01011101100
01001000111
10010000110
11111011110
10011001011
10100111011
01100110101
10110111001
11100011110
10100110000
01111001000
11000111101
10000111101
00100111010
11110011001
10010110000
10011110010
00011000101
00000011001
11001001001
01010100011
01101101010
11110100010
11000011011
11000000110
01011100100
01011000011
01110011000
11111100010
01000010001
10001110011
10001110111
10000010000
00101101111
11110011001
01111100010
01000101111
11110011011
10101001111
00000100101
10101111010
11100110111
01111010110
01100100001
00001111111
11010010010
11010011111
10010001010
01101100100
00010111101
00101100110
00011011100
01011100001
00000010011
10010011010
00010010100
00110010010
00110110001
01101001101
00011011110
00011100111
00001011100
11001110101
10010110010
10111000001
10011111010
10001110001
11010000000
10100101111
10011100111
10100110000
00100110010
01001001100
11010100001
01000010111
01011111001
10001000011
10000100110
10000010111
01111111011
10100111100
01000100101
11101111101
11000101011
10110001011
00100001000
10110111010
01001011110
00000010100
10011110000
11111100111
00110101011
10001111110
00010010001
01010100010
11010010111
10101101100
11010011101
10011000111
10011100100
11010010101
01000001111
00110010010
00100001001
11101011001
00111011110
11111001000
01100000010
11101000111
00111000100
11111011011
00010001011
10110000010
01101111111
10001000001
01110010100
01111111110
11010010111
10110101011
01111110101
01010000100
00100000101
10110100110
11000011111
10111000001
11100010101
00110111001
00000101100
10100010011
11011000011
11100100001
01001110110
10000001010
11010100010
01110000010
11001110011
01010101001
00100110001
10110110101
11100011100
11011101000
01101111000
10100110110
00000110000
00101101011
00010001010
01110001000
01110100001
00101111001
10000000011
00001111100
00010100111
00001011011
01100101100
10111110000
10100110001
10110011010
11001110010
11100100001
00010000001
01000110011
00101000001
01010111100
01110011011
00101010111
00001011110
00101101111
11100000001
00111010110
11011010011
01010011010
11000011010
10110101101
11101000101
01110101100
01110011000
11110100011
01000101001
10101110000
11101001011
11100101110
11100111111
10110000001
11110001101
00101011110
01111110101
10000011010
00001010101
10101111010
11010000000
00111101001
00010000000
00011010000
00111110100
01111000000
00001010111
10010101101
10111100101
00001100101
01111001001
00011010011
01100000110
10001011001
11110110011
11010001010
00101011110
11101110111
11010010111
01100101100
01010000001
11101111111
01011100101
00011000101
10100111010
11001100011
10111000101
00100010110
11010010011
01100010001
01001011001
00110010001
11001011101
00010010111
10010111000
11110011101
00000111100
10010111110
11111101111
01001100101
10101110101
01111011100
01101011101
11101111110
00001011000
10000111111
10001001010
10110111111
11100001111
01010001010
10010010001
01001011001
00101011001
10111001100
10001101001
10010001010
11000001001
01011011100
11101010011
11110011100
00011101001
01011010101
01001100000
00111101111
00111001010
00000111100
01110010001
00110111101
10111001000
11001000011
10110101101
10111000110
01100010111
10111100000
01101111111
00111010110
10001010010
11010010100
11001010101
10100001010
01110001100
10011101111
11000001100
11110111011
11110001111
00100110101
10001010100
00010000101
00011010000
01010110111
01100110001
01010111011
10001001100
00110010010
10101110110
11011100011
11100101110
00000101111
11101101100
11000101001
11101110111
10010000001
10100001101
11010101111
01000001101
10100011001
10011011000
00001001110
10101010101
01100000101
01011000101
01100011011
00010010011
00101111110
11100110101
11000000101
11000100110
10010011101
01100111001
01100101010
10101001111
00010100100
10000100101
00101110110
10011111100
10001100110
00111011000
11010010101
10001000001
10110010011
00100101011
10101110001
10011110100
10001010100
11111100001
10001110010
10101101101
00101110100
00010101011
01101010011
11110110011
01001010001
01011101010
00110100000
10110001101
11011000100
11100101010
11100101010
01001101101
01011011011
01010000111
00010000101
11100111111
01111000011
10100000010
01000011011
00110001010
11101100100
01100011000
01110111100
10111001010
11100111100
10101001010
00100001000
00011101111
00111110111
00010010010
10111010101
00101100010
10101111110
00100101000
11010110001
11100000110
00110000010
10100101111
10001111011
10010011011
11000000011
11000000100
00010100000
00010000001
01001111010
00010101100
11100101110
11110111010
11010010100
00101101000
01111101110
10100110001
10001110000
01001000110
11100011101
11111001000
10110001010
11110111110
01000000001
00111011001
11011110000
10010100111
10100011111
01010001010
00100010110
10010010111
01010010101
10110110111
01101001100
00110010001
00011110000
00100000110
01001100111
01110101101
11111011011
11000000101
00011001111
00011000010
11000100001
11111100101
00100010011
10111000101
11001101100
10101101001
00101100010
11011111001
00010010001
01100001111
10011100100
01100110110
00111010000
01011011100
11010100101
01010001011
11001001011
00100101111
00110000010
10010001011
11000100110
00111110100
10111101110
10101111001
11001010100
00110011010
00110011101
00010101111
10011100001
00111001011
11101011011
10001100011
01000111111
00000010001
11111110101
10000110110
00010001000
01000101111
11000111100
11011010011
11110110101
10001000001
01000000001
10101001110
10011100001
11000110000
00011001100
10000110100
00011110111
10101110001
00011001110
11011000010
10010101101
00111010110
01100111001
11101000010
01101001101
11011110000
11011100001
11101111100
10000111000
00110101100
00010100100
10011010000
01110000000
01100010001
10010110101
11101111100
11000100101
11100100011
00111000100
01011111111
01100010001
10110100110
11001110111
10101101101
11101001010
01011010100
01101110010
00111101011
01000001101
01010001100
11101111100
10010100100
10010011110
01101100110
10000100111
10110100001
01110101000
10110011010
10101000101
00101011110
11111100011
00010001010
11010101010
10011000011
10111110110
10000011100
00010111101
11100101000
11111000101
00000011011
01101011000
01010001001
10001101010
00000110001
01011110000
01100111001
01110110001
00100011101
01101010011
01001110011
01101010100
11011001001
11001011000
01010011010
01101011110
10000111001
01100111111
01100111101
00100101010
01101011011
01101111000
00011101010
00010011100
01100111110
11000101111
01110110000
11111101010
01100010000
11100101000
11110111100
00011110101
11101001101
11011011000
01110100001
10001000001
10011000111
01001000111
11010001111
01011100000
00100010010
10010010000
10000010000
10110000100
10110000111
11010011101
00000000111
10100110011
11101100000
11101010100
01101100011
11101011001
01101110011
01000010111
01111011000
11101100011
11010110011
10011111101
01101101110
00101100110
00000000001
11001000010
01100010000
11110000100
11011101011
10110101101
10000101111
11100101111
11010001110
01101110111
01000101010
01011111010
10000101011
00100110010
00010101001
01101001000
00111111001
01001011100
10001011101
01101000110
00110101010
00001100101
01001000010
10010000011
10100000011
10000010111
01001000101
00001101010
01101111000
00011011000
10111100010
11101011111
00010111001
00010110100
00111010010
10001001000
11101011000
00111001010
00000000100
11011011100
10101011101
01011001110
10101101010
10011111100
01010000010
00101101100
11010110101
10000001101
11000100000
11000100110
11110101001
10100001100
10000100100
01100111010
01001011110
00001001100
00000101110
11101010011
11100100111
01000011010
11111000110
01100000111
00010000000
00111000011
10101010000
00011011100
11110010111
10010001100
10111010001
10111100101
10000111100
10111001011
01001010010
10010111110
10000111111
01000000111
10011110111
01010000001
01110001001
00011010001
00110111110
11000111000
01110010010
00010110101
10010100001
11001001001
00100110011
10000010010
11100101001
01100100110
10000101001
10111101000
01011000101
00100010101
10011010101
11111100110
01110001101
10110010001
00110000111
01100101111
11011011000
01111000000
00100110010
00101100010
11011000010
01001100101
10101000111
00010100010
10000010110
10101101001
10101001101
10101001000
00101010001
01110111010
11001100010
00000001100
01001110001
11011011110
01001100111
11100010110
11011011100
10110100100
01111100110
00111101100
00101001010
00011000001
10000000000
11000001110
10100101100
11101110100
11010000110
01100010001
11111000010
00101110011
00000110111
01011101111
00010000111
11100000111
00011001110
01011011011
11010100000
00011000111
11110011011
11011111010
00011001010
10111100101
11101100101
00011101011
01111110101
11011100000
11001001111
01000101111
10010110011
11000101001
00110100101
10010110101
11111011011
11111010001
01100111110
01111101010
01001100110
01101110010
00000011011
01011110110
00001100010
11011000111
10110100110
10001001100
11111000010
11101011001
01100101111
11101011110
00011100001
00100110101
10000111111
11101011110
10010000000
11110001011
01001110100
10011011010
10110000111
01110100100
10111101111
01110101101
11100000100
11010110100
01011000100
01001101100
11110001100
10111011101
11111101111
00101111011
01100110000
11001110011
01110000110
01101000111
11001001010
00000001101
01110111010
11010110100
11100011111
00010111100
01000111100
11010100001
11001100101
01100100001
10011110011
00011010010
11011111100
00000000110
11011011101
01100000001
01011101111
00001101010
01110001001
01000110001
11001000001
00010011111
00110000010
11000110000
00110000000
00110010001
10101101100
10011001101
10011110101
11101000011
01101100111
01010100100
00001011100
01100100000
00001111011
11100001000
10000010001
10100111110
00010110010
10101110000
00001111110
01011010000
00111110101
10111011101
10110111010
01111001110
10000001110
01111101001
10011010101
01000011000
10011000010
11111011010
10110011110
00001110100
11001111100
11000011010
11101001101
01001110001
10111010111
10101110000
11010101101
01111100110
10011110000
01101100111
10000000001
00011110110
10111111111
11010101000
10100011011
01000100111
01110111000
11001001001
11110001010
00010110100
11111110000
10001110011
01000010001
11100110110
11111100001
00100110111
00110010100
01111101111
00111000110
11001011111
11110101100
10001010101
00111110101
11100000010
01111110100
10100111001
11100001011
11111010110
01000010100
11011110001
11101100100
01000011001
01100111111
10001100111
00110010011
01011000001
00000100001
10101111111
10101010010
01111000010
00011000111
11100000001
11000001010
00000100111
01001100101
00100001001
01001101101
00100100101
01101100011
10110010001
00101101010
10001001011
01010001001
10101110110
10001011110
01110111011
01011101000
01101000101
11101100011
11110100110
01000011110
00101010111
11000000110
11000111100
10000111100
01100011110
11111110111
10001110100
11000111001
10111010111
01100011011
01101000001
10011101110
00010010001
11010101011
01110000011
01101110010
11001101100
00100100011
11111001010
01000110101
10110000010
10011100000
00110000010
11000011000
10100011000
01000010110
10100111010
00001000000
00001000000
00110001110
10100000001
10000100010
01011101111
10011110010
10100111111
10100011100
11111011000
01000001000
10000110000
00000100100
01101110011
11001001110
11100001100
01101011011
10000010100
11111011111
10010101010
00110100111
11101111100
01011010011
10011111010
01111110001
01011110100
00010001000
00001101001
00000001010
00010011111
10000111000
11010001111
11011101000
00000101111
00011000110
10111101001
00111101111
01010111111
11110001100
10100001101
01000000010
01101110101
10011101011
11111011110
01010010001
00001101010
01011100101
11100011011
11011111110
11111010100
11001100110
11011011001
10101011001
10001000100
10111110001
00111110111
10110001011
01011101000
10100111101
10101101000
10011100001
01111010101
01010100011
10100011111
11110111101
10001111000
01001111011
00000011110
10001111100
01000110101
11110110001
01110010000
10110101111
10101101010
00100100111
01111001110
00001111010
00000110111
01000101101
01001000000
11011111000
11000100010
01101010000
11001011011
10001010101
10101001110
01100100001
11110110101
00111101001
01111100000
01110001011
01000001001
11001000011
00000110101
11100000110
01111000011
00000000000
11110100010
01011101010
00011110110
01111100101
01010100000
10001100011
00010111011
10101101010
01001010000
11010010111
11011000011
10010010110
11001110011
11001111110
00000001011
00011110011
11110100101
00101101101
01011010011
00101110111
00011011010
11101011101
00010101000
10100111110
01000010010
01011100110
01111101101
01010110011
11100001011
01010100100
11011011111
11111110000
01011110101
00101001011
01010001101
10000111011
11010011101
10111110000
11111000111
01010000001
00110100011
10000101000
00111110011
00001101111
01010100101
10010011000
10110110011
11111100100
11101011011
00110111101
10100111001
10111100110
01101101001
00100001011
11100110110
11000100011
00011000111
11000001111
01001010100
11100000101
00111001111
00101000100
11001110001
10100111101
01000011100
11001111110
01110000101
01101011000
00100001101
11100110000
01001010110
01011110101
00110111001
01101101010
00101001111
01100101101
01000101001
10100001111
10010101101
11011011110
11011101000
10100000000
01001100101
01011000111
11100000101
01100010001
00111000001
00000001001
11101010100
00011110000
11010111100
10110000000
01011100110
01100010111
00101110100
11000000010
11110100010
01011101000
11110010011
01111101100
11101001101
00001010000
00011010111
00010011111
11111110110
11101000010
01001110001
10111111000
00001111110
01100000110
10100011100
00011101011
00110011000
10110010110
00010100100
10001100000
00010011101
01001011111
11011000001
11101100000
10000011110
11011110111
11100001011
01001101010
00011110110
00111101110
11111001010
10110110111
01100101111
11110000000
10010101011
11011001011
01010110101
11110010100
00101110011
11011001011
01110011100
01001101000
11010100000
00000011100
11001011111
00110110111
01010101001
10001010010
11000010001
01010100000
11001010111
01010011110
00001011101
11000100010
11001010001
01110111111
01111100011
01000111111
00100101110
01100001000
00010011011
01101001100
01010000010
11100110010
01100000101
10101011010
10010000100
00100110010
11010101101
10011001111
10010001100
11101110001
00110100100
00101010001
01010101100
01001101111
10101010101
01100001110
10011110010
10010011101
11011101011
11010010011
00110101001
01101111000
01101000010
00011010011
00111001000
11110101011
10011110110
10010001001
11011100110
01010011001
00101011100
01111110001
00001101011
00001001100
01110101110
00010000101
11101101100
11001011010
11100010000
10100110010
10011101001
00111011011
10101110101
00000010100
01011100010
01001011110
01111001101
11001000011
01101000111
00001001001
11100101111
11111111100
01011000011
11111010111
01100111110
01111111110
00111010111
10111001000
11010110100
00001001111
01000001110
11101010110
10011011111
11100001011
00010010011
11000100101
11110101000
01011011010
11011010000
11111110000
11010001010
00011001111
10001011010
01110011111
10100001010
01000000111
10101100011
11111000111
11001010111
00011010110
00101101100
10110000111
10111000101
00010011110
10110001111
00101010101
11110100000
00001010100
01110101100
11000001111
11000010111
11010010101
01110100111
01111001110
00110010100
01000110110
00110011111
10110111110
01011011010
01101100110
01010111100
01110001011
00001100110
00010000011
11101111001
10010100111
00111101111
01000110100
00110011100
00011111011
10100101001
10101011110
11111110001
10001000111
00111101111
10011100111
