10001000011
00010000011
10001110011
11011010010
10011110000
10010001011
10100100011
01110000101
11110011100
01111010001
00111101010
01011001101
11000101010
10101101010
10100001101
11000100010
11000010011
01110111110
10000101011
10110100011
10101111000
01111111001
01110001001
01111010000
00111100111
01010001001
11010000101
11000100101
00101001011
11101000101
10010110101
10011111011
01000101110
00000011011
00001101011
01111111110
00110100100
10110110010
11110110011
01100100110
00110000011
01100000101
00101001010
01001001011
00100100110
11001000010
01001001010
00111001100
11101101111
11100010000
01110000111
01010111110
00001111010
00000011100
10011011101
00001010011
11000000100
10111100110
11100100001
10110001001
00001001010
10111101100
01111100000
11110001100
00110011011
01111001001
11100000011
10000111010
00111011101
10011100000
00000010101
01101110001
01001011111
10100001100
10010010100
00100011110
10001001110
10101100000
00001000000
11100011101
00000010101
10011110011
00000111001
01101000010
01001000110
10011010101
10001010010
01011010111
11110100011
01100001000
01110010010
00100101110
01111111110
00101101011
10111100010
10101010000
10111000101
00101010001
00101111110
11001001100
11000100000
11010001111
00010011011
00110010011
00101100001
11010110001
10001000111
01000111111
11000110111
11110001000
01010000100
11101010100
11000001010
10001010111
00100101111
11111110000
01000111100
01111100110
11101011001
10001001001
01111100011
00100101000
11111001101
11111011001
00001100110
11010110011
00010010010
11001101110
00000100000
10100001111
11110110100
11111110101
00000010101
11000101110
00010101010
11111111110
10110100111
00110000010
11100011100
10000010010
10100011100
10101111010
10110110111
10110011110
10000100011
01011001100
00011001101
11100010101
10110111001
10011010001
10011011001
00001110110
00111000000
10001010111
01100110000
01100100010
01010001110
01101100000
11001100100
00111010010
00000100001
01000011110
10110110000
10011001110
01000011010
01011110000
01001110101
10011011110
01001001111
01010001101
00111100101
01100000100
11100101001
10101000000
10111011111
11000000011
10000001110
00010001011
01110101000
11011100101
11110101001
10100000110
11100110101
10010111100
00010111011
00111011000
10110000101
11000000101
11001000110
10111011111
00100010000
10100000110
11111010110
00000111011
00110101101
01000011011
01110101110
00000100000
01110110110
01011010110
00100110000
00010000010
11001011011
01011111111
00010101101
01110101001
00101011000
10011011110
10011011101
01110010000
10010110100
10111000001
01111011011
01011011011
00011000111
10111001010
01100000100
10101100011
01000001011
10011110011
11010100001
01101010111
01101010010
11000010100
01100010011
00100001111
10011110110
10001100000
11001110100
00000000011
01011101000
00110100111
00110110110
11100010001
10010100011
01101010111
11100010101
10011111010
11100101000
00010011011
11000001011
10100010110
11110111100
01110101111
01000001111
10011101111
00111001010
01101011100
11000000100
10111011000
01010001110
10011110111
10011000100
11111100101
11000011111
00100001101
10101100110
10010011111
10001110111
11010000100
00000000010
00101100110
01110010100
11001011110
01101111001
11011111111
00111101001
11110101001
11001011101
01101101100
00011011011
01000110100
10011100110
00000010000
10011001111
01000001011
10110111001
00010110111
10011101011
10001110011
00101110001
11011110011
00110111011
00011101011
00110101111
00100100100
00011011000
01010011101
00011100110
11111100011
10101111010
10011110100
00100000011
00101011001
00100100000
00001100000
10000100001
00000011011
10110010010
10111001101
10100101111
10001011100
00111000111
00010001011
00101010101
00100010011
00110101001
01000010101
01101101011
10111000011
01100010010
11100100101
11101100100
11111001000
00100001110
11110000000
11100101010
00100011110
01110001111
11000100001
01110011111
01110010111
10000101010
00111110100
10001101101
11100010101
10001010101
11101000000
00001110101
10111100000
00101000000
00011011011
00011111001
00100110010
00100001110
01100001010
01110010011
10111111101
11100101010
11111001110
10101101110
00100001110
11101111001
00110111011
01000111011
11010001100
10000111100
01011000100
01100101100
10101011000
11011111101
00111000001
00011000101
11001000101
00001001011
00001101011
11000011110
00111101000
11110011011
11011000110
01011100000
00011001000
00001000000
01001000011
01011010101
01111010000
01010010110
11110101100
11100111101
11110011101
11011101010
00010101011
00101000010
01001100010
11101100110
01100000100
10010110011
01001111000
10110111001
01111000000
10000000011
01111010111
11111101101
01000001101
00001000101
11011101011
11000111111
11110111011
00101111101
00011000000
10010010110
10111101111
01001010011
10100101001
01000101000
01010100000
11110110000
00110000011
01000001100
00101001011
00000100101
10101111111
11101000011
01101010101
00000010111
01100110111
11010111100
11000100110
10001000100
10111010011
01010100001
10000100101
01010100110
10010011111
10101101101
00110101001
00010010010
01011111010
01001100110
10011011000
11110101111
00000101011
01101010110
00101010100
10010011101
11101100001
10011100010
11110011111
01111110111
01110110110
00101011111
10001011100
01111011111
10100111101
00000101111
10101010100
11010000011
10001011011
11010110100
01000010110
10111010000
10110000101
01000010110
01101000111
01100000010
00000110100
01010100011
00010101011
00000010101
01010110111
01000001110
00000010001
00000000111
11100110110
00100001000
01100011001
11111101100
00110110101
10110010111
00101110011
01110100010
10101100101
11111000000
10111111110
00010101010
11011101101
00110100110
00101100111
11111000100
00111011000
10001011110
11111001111
00011011001
10000010101
11100110110
10011001110
00101100111
10000011010
01010111101
10010100000
10101110000
00000010010
00111011101
00110000010
10100100110
11010101000
00010111101
01010110100
11000011101
10001001010
00010001101
11110111110
00111100100
01010001111
00110100100
10010110111
10111100111
00100001001
10000001101
10001011000
11110101101
10101101101
01010011110
00101000111
01001100111
00101000011
00101101001
00011110111
00101001010
11111110011
11101111010
01011010101
10110011010
10001001101
10101111011
11111010101
01010011101
00100001000
00000000100
10011011001
01010101000
11100010111
01011110101
10000101010
10011000000
00000011101
00110010010
01000101000
00111110110
00110101001
01001001100
00001010111
01000110111
00001000011
01111001110
10010010010
00010111010
01010100111
01111111011
00011000110
11101011000
00101000101
01010011010
10011111011
01110110100
01110010110
00100111111
00011010010
10000010000
11101110000
00110001011
11010111011
11000001110
01100111010
01101001001
00100001001
01011110110
00100001011
10110110101
01011111011
11000000001
01001100101
10111011001
11100101010
10111111001
01101101100
11100110111
00001001011
11100010101
10111100101
11111110000
01110010110
10011100100
11110110011
11100000000
11111110011
00010101111
11011111101
00101100110
10011100000
01111000011
00100100100
00110001101
00100110001
01111001100
10000001111
10011110001
11110011110
00001000111
01111001001
00101010101
01100110011
01101100100
11110001110
01000000001
11101011011
10111111000
01101111100
01111110111
01101110100
00110000101
10001000101
11001011110
01001001001
01110000101
00001100001
00011010110
11100011100
10010001010
10011010111
01100011011
00010111000
10101101001
11101101011
10100011000
00000001100
00010000110
00001110111
00000010011
00110100101
00111101011
10100110011
01000000011
01100110001
00110100100
10010000111
00101100000
00100110110
01111001100
01100100101
11001000011
00110000110
10110100001
10110010111
00110010010
11001110011
01101101001
01010001000
01110100111
01101100101
00011111111
10101000000
01000001111
11100110001
01000110001
10011010001
00010011000
00001100000
01011111101
11100101001
11101110110
10011101100
10001011001
01110100011
00110001011
11110000110
01010101000
01001000100
01011000110
11111011010
01010000101
00111101101
10101100000
11110110010
10110101010
10011000010
10011111101
01110000100
00111110000
10001110100
00111001110
11111110000
01001110110
11100001101
11011001011
01011110100
10101100100
11110011101
00111001000
11111110011
01101011110
11101110011
00010000010
01101000110
10110000111
00001101010
10001101100
01100001101
10010110010
00011000110
11101000111
11111101000
01101110100
00010010010
10010100000
10000101101
01010100001
01110111000
11010000011
11110101010
11001010001
11101101000
10011000101
00110111110
01101110100
00101100010
00111110011
01011000001
00101101100
01111110110
11101000110
11100101111
01001000100
01111101100
01100000001
11101110011
10110110000
01010101011
10000010111
01111100001
01001001100
11110100101
10010100100
01111000001
00111010000
11110111011
01001111010
01011100000
11101111000
11011111100
00011001001
01001111100
00100011100
10101101001
10011101100
10110111110
11100011000
10001010101
01110110010
11001111010
10111010100
00010010001
10000010111
10101010000
01010011000
11101010000
11100000111
10100111011
01100010111
11101110001
00110110100
11001010010
01110100010
10101011111
01001010111
11001010010
01000011011
10110100110
10111110110
10000110100
11101101101
00111000010
01101110100
00111111011
10011111001
01111110000
01011110100
00011100010
00111010001
11001110000
01000011000
00010101010
01011000011
00011001100
01000110000
10010000100
00110000001
10010100010
00110001101
00110011111
10010011100
01001100101
11100101101
00101110001
00110100101
10111100100
01100101001
10001010101
00011010110
00001111011
10001010111
00111010111
11011000010
01001011100
00100110110
01000000101
10001000111
01101111110
00001110001
00000010001
11100111011
10101101100
10100000010
01100111011
11111101110
11000111111
01111001101
00100010000
11101010110
01110000101
10110010011
11001111000
01110001100
01000101010
00111111100
11110111101
01000101001
11011011111
10110010110
00100111001
01101010000
01110111000
01100110111
00010111110
00111000001
11000001111
10101011011
11110001110
00100111011
11001010001
11100001110
01101010011
01010100101
00001010001
10011110100
00001100100
01010010111
11110111100
01011101010
10001011010
10110111110
00101011000
10001011000
11011111111
00110111110
11100000101
01011110001
00001011011
10100000001
01000000001
01110010011
00101001100
10110111100
11001101110
11010011000
01100110101
11100110011
01010010111
11011010011
01101000101
00101111001
00111100001
00010011110
00011110001
11000011001
00110100101
11001100000
01101110101
11100001111
00010011101
10001001010
10011101000
11110101000
00101111101
10100000011
10110011011
01011100011
11100110010
00010111001
10100101110
01111100000
10110110100
01011101000
11011000101
01101001101
11111110000
10000010010
10001000101
10110111000
00100010101
01011000110
00100101011
11010010011
10101110001
00001011101
00000011101
01001111001
01011010101
10100001100
01100110111
11001100001
11001111100
11111001101
00010101111
11000010011
01011011010
10010000010
00011010010
01110110111
11010000100
11011001000
11010101010
00111110000
10110111000
11011001010
11100011001
10100010100
10001011100
01011111000
11010000001
01111000101
01010100101
00101100000
10111111101
00010010001
10000011000
11010010110
11001001000
01110111110
10111001001
01111000000
10010110001
00100101001
00010101100
01001111010
00000001011
00000000110
10111101011
10010001000
01111111111
01100100010
10110000111
10101101001
01001011111
00001000101
10111000101
01010110110
01110100000
11000100000
10100111101
01100110001
01000010101
00111001110
11000110111
10111011101
11001001001
00010101011
01010101011
10000000101
11001011101
10010111111
10001101100
11010001111
10101000000
10111101000
10010101101
10000101111
01000011010
00111000011
01101101000
01101101001
00000010011
11101111101
01001010010
10011011011
10110100001
01100111011
10011111000
10010110100
11010101010
10000010011
01111010011
10111011111
10100111000
00010010010
11110101001
11000010100
00101110110
11010010011
00110010011
10010000001
01111110110
00100010011
10011111101
10010100010
10000101110
10001011100
11000110111
11100011110
01010111111
01111000101
00100010010
11111000110
10110101010
10011000010
01001010110
11001110001
01101000011
10101000001
10011100101
11101011001
10010101101
01110111110
10001010101
00001110111
01001011010
00011100110
01000011110
01000111000
10000100100
00100101001
10101001001
00010110000
01000110111
10010011100
01101000101
11101001101
01010011100
10000011111
11010000001
10110110110
01011101000
11000000111
00010011011
01000100101
10111010101
00001101110
10110011100
01010101110
11011101011
10010011010
01000101101
01110100010
11010001111
00111101111
11101101101
01111110111
10111101111
11101101100
11101001000
11011100010
01110011011
00100111111
10110100111
11111111010
00111011111
10010111101
11011111100
01110110110
10001101001
10000001100
00011100101
01011011011
00001011101
00110111101
10010010111
11001000010
00111001001
00100000010
00101010001
10111001100
11111000100
00000001011
11100000110
11010100011
01100110101
01001010110
01100011011
11100001101
00100010010
10001100000
01000001011
00011100100
11110011000
01111111011
01011010100
00100000111
00010100000
00000101101
11001011001
01000101011
00011000101
10101011100
00111101111
11110010001
10111110101
11000111111
00010000100
10101010101
01110111011
00000011000
11100010000
00111101000
00111100100
00000010010
11000000100
00001011010
00010000000
00001001000
11111000101
10010000000
11010010001
11111110010
10101101111
00010100010
00101011111
11000010000
10111010110
10000000101
10101010000
11011100011
10001001000
10010111111
00111001101
00011000100
10011101000
10000001100
10000101011
00101111010
00111010000
10111010110
00101111000
11001101011
00100011000
11011001111
00101011110
10000101111
00001010010
01111001101
10010110101
11110010001
00011111101
10001011111
00001010100
01011110000
10011101100
10010100101
01111111110
00001011000
01100000111
10101111100
11000000100
11010001101
11101011000
01000100001
11110001100
01000001101
01100001100
11101111101
01101111101
11101001001
01111011110
10110110000
10001011111
10010000010
10101001000
00010101110
10001011100
11111010101
11100110100
00101110011
11111011010
00001001101
10111100101
10001010000
00111011111
01001101101
01100111000
10110110101
01110111100
11011101010
10011101000
00111000000
11101100100
11011100110
01000000000
10011001101
00111110000
11111001000
10111101111
01001100001
01010001100
01101000111
01001110010
01001110101
10011110000
11000001000
10101000001
00100100011
10101001111
10100101010
10000101001
10010101000
11010111110
11001100001
11000001100
00010110110
10100000111
10000111000
00101010100
10111011001
11001010111
00011010100
00011110001
01111011000
11010111001
00010011110
00011010000
01010111011
10010100010
10100100101
10100010111
01110010110
00100101111
00110110010
11001001101
01010100011
11010010101
00111011001
10010000010
00011101100
01011110110
01010011101
01011001100
01101100011
00001010110
00011100010
11000101110
11001001000
10111000000
11011100001
10110100000
00010001010
01101000010
11000001001
01111111111
01100010101
11101011100
11010010011
01111000101
00010111010
00001101101
11011100000
01111110101
11100011000
01001101100
01000011010
01011100010
00110001011
01111010100
11011010000
11100010000
00010010001
00010000000
11000001110
11001101000
11100011100
01001000011
11010101010
11011010111
01001010100
10100010111
01101110001
00001111110
01100001010
01110000010
01001000011
01101110011
10000010100
00001000101
10101111010
01101000110
00101111011
10010001100
10010010001
01110001110
11101010010
11001000101
00010000101
10101110011
11011111101
10001100100
00001010110
00100010100
01011101011
11000101011
11110001001
01011000100
10101111110
11101101011
00110101111
01101010010
11000010100
01001101101
01100000110
10100010111
10000010110
11001000000
00101001110
01110010110
10001111111
01110001110
11011111011
00111101000
11000001111
01001110010
00101001111
10000011010
11001111100
11010010101
11010000011
10111101111
01011011010
00000101111
10110001010
11110111010
00010111001
00001000101
01111111100
01011100100
00001101111
11010000101
01101111101
10010101000
11101101011
01111001001
00000111100
10001100111
11001101111
01111011001
01011111101
11101111100
00011011001
00110010101
00000011011
10111010110
10001111010
01001011011
10110010010
11100110010
11011100000
01111111100
11101011011
10011001001
01001101111
00001001010
10100010000
00001100010
10101000010
00010101110
01110010101
00100000001
00101101101
01101101100
10010110100
11111010111
00010011101
00100011001
11011000010
00100011001
00000001110
00111010110
11001111100
01100101100
00100011011
01101101001
10011011000
00010110011
00100011001
00110001100
10000110101
00111010001
10111111100
10001011001
00110110111
01111111101
00011011010
11111101101
01000111100
10101011001
01101100100
00001000000
11011100011
10010010101
10000010110
01000001011
10001010001
00000111001
10101101101
01111000101
10000010001
01100011111
01011001000
00010100000
01000000100
10010101110
00000101011
00110001001
01001010100
11001111011
10101000000
10101000001
01101111101
11011110111
10100001000
01111000010
01110101000
01000001011
00011001001
00001101001
01110101111
01101011101
11111100100
00001100100
10001110111
01000000000
10011010101
00110011011
10010000111
01010101101
10010111000
10011011111
11110111101
11111101011
00100111111
01110101100
11110111110
11111011111
11101100000
00011000011
11010001110
10010101100
10000111011
11100011011
00101001010
00010011100
00111101100
01011100000
10001001001
10101011111
00011000001
11010000111
00110010110
01011111000
01111111011
10000101010
01010101101
00111010011
10010011101
00000010010
11111001111
01111110110
00000111110
11010110000
11110111001
00011101101
10101010010
01011011101
11001101111
11111010100
11001010101
10111001010
11100101101
00011011101
00001111000
11110001011
10111110111
10011000110
10100110011
00100111100
11101100011
01011110010
01110100000
00101010101
11110010101
10111100010
01101001011
00011011011
00101001110
01111110110
11101011000
11001000111
10010111011
00101001110
11111010110
00000111110
01000001010
00110000000
01011011000
01100001101
00101110001
00110101111
11100111011
01101110101
11100001101
11111110100
10111000110
11110000111
00110101010
11010101110
00100101001
01000110010
00100101111
11010101110
11101101011
10100111011
00100110111
11011000011
00100001100
00011000001
00100100111
00001111010
11010011100
00100001010
01010001101
00111001011
11101101001
01111001011
01001000101
00100110000
10001100001
11000010100
00100001001
01110000101
00001111111
00001010100
01011011110
01010001100
00110000110
00011111110
01010010000
10010001100
01110010110
11111111001
11001011000
10001010011
00011000011
11001010000
00111111010
00011010101
00100001110
01011011001
01010111111
10011010100
01100111010
11001111010
11100110111
11110111011
11100000101
00001010010
10010011100
10101010000
10100111010
00011010100
00010010111
10110010101
11101001010
00100110000
11001110110
00000100100
10101010000
00101011000
01010111000
01101011011
10000111000
01010011001
11011111111
10100111011
01000101100
10100001010
00011010100
01011000010
10100011111
11101111011
01101011111
01001001000
11000001000
10111011110
11000100101
10000001100
01000110111
11011011011
01010001001
11001000111
10000000011
01010110011
01101011010
11010100110
01100111000
10011110000
10101101001
11100101111
00001011101
01010000110
00101011000
10101000111
11001111110
11101001101
11000000100
10001011100
11111001000
11100111000
01011011010
00110010001
00101111100
10110010100
11001010111
00111011111
10010100111
01110000010
10000110101
11111111001
10100101010
00101111010
11011001100
11100101100
11010100000
01001101011
10110001111
00110001111
01111000001
00101111111
00110001010
10100101001
01001001001
00000001011
01100011100
00101000110
10101010111
00011110101
10000110110
10101011000
00100001010
00110010110
00111110100
10000110110
11110001111
00111001111
00110000011
11101010011
00110010000
01001001110
01100100110
01100011101
01000101111
10111100111
00111100100
11011010000
10101001001
10011010111
00011001111
11010001101
10111001110
01000000110
00010100100
01011110100
01100100011
11100111001
01100110000
01011010111
00101100011
11000110010
01100001101
01001011010
11110011101
11000100001
01110111011
11011001001
00111111100
00010011000
11110101001
00110000011
11110011111
11110110011
10000110000
10100000001
11110100111
10101111001
10010010000
10000100110
01001110010
00101110000
00110001011
01100111000
10100100011
10001011000
10001011110
01010001111
01001011111
01101100001
00010011011
01011100100
11111111011
01010110000
01010001000
10111111110
10111001100
01011000001
00100001001
10011010110
11011101011
01100011010
01111011001
01011011101
01001011000
00101010010
11110000001
00100010000
10100011010
00001110100
00101111100
11100011001
01001001111
01111101100
11000111001
01100111100
11000010100
00101110101
10100111101
11110101101
01000000101
01001010000
01011001011
10001100110
10101100000
11010000100
11001100000
10000110010
11000110110
10010011000
10000101010
00110100101
10100011110
00011011000
10100110100
11011101000
10110110100
00010100110
10001000111
00111101111
11101101000
01011111001
11010111110
11000111110
10110110100
01001111101
01011001111
00011010110
00100110010
01100011101
11010110001
11010000000
10101111111
11010101010
11001101011
01110011010
11100101101
11001100000
01000011100
11011100100
10101010101
01010100110
11100001010
10000110011
01100101011
00010100111
01100000110
10110110000
01101011000
00110101101
01111111011
00001010110
00011011110
01010001101
10111110001
10110101000
11100100100
10111100110
00101010010
10011011111
01101001011
10110011110
00011111110
01101110000
01111111011
00100011100
01010110110
10000000000
01011011100
10111100110
01101000100
01011001001
11011011111
10111001000
01000100001
10101001110
10011011100
00011111100
11000001110
10000001110
00011101011
00000001110
10001111011
01100000101
00110111001
00110001101
01011110000
10011110101
10011000000
10010000010
01111101111
10110001011
00011101111
01111011100
11011010011
11100011101
00110010010
01101101001
01001100000
01110010001
11001100100
01001100110
01000111110
01111000100
11011111101
11111010111
11000001010
01101110110
11100011010
10101101100
10000010110
00101011010
11000011010
10101111001
10111011111
10000101100
11010010000
01110100111
11100010001
00001010101
00111111010
00011110100
10010011111
10101000110
01000010110
10100110010
00000000110
11111001011
00010111100
11110011010
11110111111
01110101101
11010001000
01101110111
11111100111
11001101010
11011011011
10101101110
01111100111
00110111101
00101010100
11110000110
01100111010
10111101000
01010110000
00001000110
01111110101
10001101100
00111110111
01011111000
10101100111
00010011101
10100000110
01010001110
11100111111
00101000111
11000110110
10011100110
10000110111
10000110010
11111011011
10001000001
11101101100
00010001011
10011100100
00101110001
01011111001
10111101000
10110010010
00000111000
10011010010
10110100110
00011010010
10011000001
00110010000
11011010101
00110101100
11010100010
11001110111
01101101000
11111000011
01010011111
10101111011
11101000000
00000100111
00000011000
00100001101
11011000100
01110000111
01111001101
11000100001
01011110010
01110001010
01001001101
10001010100
10100011101
01011110101
10011011011
00010000110
10010011100
11010000011
11000000110
10011100101
00110101010
00111111011
01111110000
10100000111
01011110100
10000010010
10111011011
00010101001
11010110000
10101000100
10010010111
11110010100
11110111001
10100001101
00010100111
11100110001
10110110010
11001100100
01001100001
01110000011
11001000101
10110001100
11011010101
00010100010
10000000001
01010110110
01101010001
01110110001
01011101101
01110100110
01100011000
00011110011
00100110101
10011011110
10010000010
11000001001
11010100111
11000011001
10100100001
11010111000
01101110001
11000001101
00100100010
10101011101
01011011010
11110011011
10111111110
10000111001
01011011100
00011010000
01111001111
10001111111
11111010011
01000001111
10010110000
01110011100
11101101101
01010110111
01011000001
11110011111
01010110110
00010100000
00110000110
10000110000
11110101010
00110011000
01001001010
