00000010011
00110100110
11100110100
00011111111
10100001011
00111101101
00100111111
11111101010
01001111011
00010110110
01111000001
00100011100
01001101010
00000011111
10000101111
11000110010
01011110001
11001111100
11100001100
01000010101
10011001101
11110100110
10100011111
00011001101
01010010010
01110110110
00000110010
00110101011
00110011010
01001100111
10110011001
11001111010
11101000001
00110000011
10001001101
11010111000
00000001101
10010010111
00010100001
11011100010
00110001011
00000100100
00010110110
01100111001
10100110100
10011101111
01110011111
01100010101
00000000110
01001100010
10110111001
01001111111
00101101000
01000010110
00010000000
11100100000
11110011001
01110111101
00100111100
11110000000
01100101001
01011001011
10111000010
00101011001
00111000101
01111010101
10011001011
11011100100
11111101110
00100000110
10010110111
10000101010
01010011000
00001100100
10011000110
00000101011
01101011001
01010110101
00110010011
00110111011
10010010111
01010001100
11100010011
10000001101
01000101000
11101011001
01101000100
10100111010
01101000000
10100111110
01101011111
01011010111
00110011111
11111011110
00011001100
10011001110
11000101001
11000110111
11001110001
01001111001
11001001100
01100100110
00100110111
10011010100
10000000101
01111011011
01101111011
01101011100
01110001100
11000100010
11110100011
11100001000
00100111100
01011010010
00010110101
10111101000
10110101000
10011000000
11000001111
00100110100
00111001010
10100011101
11010011111
01011000101
01001101000
10111001110
10111011111
10000001100
01011011100
11010101000
00000001111
10111000111
00010100100
00110111000
11111011011
10001000011
00011011011
00101011111
10100001010
11111010101
10010100100
11110001011
10011101010
01001100110
11011101001
11010100111
11010000111
01111100000
01011001101
01011111011
10001100101
10001111101
00111110010
00010010001
01100000110
00101111011
11011011010
11011100001
11100111111
01000010101
11011111101
01111000111
00110001010
01000011011
01110100000
10100111111
00010010110
11010101000
10001011101
01111011010
01111001011
10000111011
10010101101
10111011000
01010100001
00001000111
10110001111
00011000110
01100000111
01100111101
11001000111
00101001110
01000001110
01000100001
00110011101
10100011011
10111010001
11110001001
11000101110
10101011010
10000111110
01000101111
00010001111
00101001011
11010010011
11001010011
10101110000
00001111011
00010001001
00111011000
01100000000
01010000011
10010110110
01000111111
01001001110
11001100110
11110100111
00010101010
00000110001
01001001101
01000000101
00101000000
10100101001
10100100110
11110110001
11011100100
01010100011
01111101101
01111110111
00001001000
11101001100
10001001001
11101111000
10011100000
01110101101
11111011100
00010111110
11101000110
11001101011
01000001011
10110011001
11100100101
11001001100
11111010000
01011011100
00010101001
10101010000
10001101100
10111100110
11010101110
10010010100
10000010001
01110100011
11111011101
01010010011
01100111011
11000100001
00100011100
11001010001
11101111111
11010100010
00110111010
00011101011
01111111000
11100111011
00101011001
01011100100
11011000011
00010011000
11010111011
00100111011
11111010101
11111111100
01010001111
00111111111
00001010100
01110001110
01001101111
10000101111
01011100000
10110110010
01001001011
10000010000
01010100101
11011001000
11010001100
01101000101
01010001111
11101000000
01001100101
01111000110
10001110101
11101010101
11001001000
11011111011
11010010010
11011100001
00010101011
01000011100
11011000111
10101110101
10100000101
00100010111
00000110001
01111100010
01001110100
11101101110
11001110100
00101100000
00111100111
10011001000
01011100100
11011110100
01011011000
01011000110
00010101010
01110010000
00011001101
01001110010
00100001100
11011000001
01011001110
00011001100
01101101000
00001111011
11101010110
11001100111
00110100011
11001000111
10111011011
11000110000
00001101101
11100000001
00100110100
00000111010
10101000001
01010110010
10011101000
11001000010
01110111100
00100110010
01101100111
00110011000
11001011010
01111101111
00110001101
11111101010
11010101111
01011111101
10001111100
11010101001
00010111100
11000110101
01001100111
01011110111
01001101100
00010001110
11101110101
00001111110
00100110010
10011000010
00000100111
11001001100
10010000100
11011101000
00110101111
00000011000
01110110111
00101111011
11001110011
11001111001
11010110111
10111101000
01100000011
00001000001
10111100100
01101100001
01100001101
10101101010
11011101000
11001010000
11010011000
10111011111
10011111110
11110000000
01000000011
11111010101
01101101000
10110111010
10001100010
10001100000
11010010011
11111001000
10111000010
10101100001
00101100000
10100011011
00110100011
01011011010
01001101011
01111001110
10110111110
11100110010
10110000101
01010001110
01111001001
00001100001
01110011111
10100011011
01010101011
00011100101
01011000100
11011001001
10101010100
01100001101
00010000000
01100101110
00011011110
00001001101
10011100101
00111100011
11011110101
11000000011
01111010110
00110101100
10101000000
00000011101
11010010111
00010001110
00101000000
10101001001
10100000101
10010010100
10010000011
01001111001
10110010110
01000000111
10111000000
11010100110
00111110101
10010100100
11001100111
01101100001
00100001000
10000110101
10100101111
01110101110
11001001101
11001000110
00001110001
10010000001
00011000100
10001001001
01000001110
11101001000
10101000001
01110001001
10111100110
11011011010
10010100100
01101101110
00110111110
00101101101
11010001111
10111100001
10100110101
00010011101
00000000010
10101100101
11010010100
00010111101
11111101000
10101110100
00010111010
10111011010
11110011100
01110010010
00001101101
11111001010
00110000001
10011101110
10000100111
10000110010
01110111001
01000010101
10101111011
10100100100
11011010011
11000011000
00111001001
10001010010
01111011000
10101011101
00011110101
10110011011
10111100000
00000000111
11000101010
00100001010
01100011001
01111010110
01000001101
10110111000
01100010100
10100110001
10100111000
00000110101
10010000101
11001011111
00000111000
11010100000
00100000000
01011011101
11111010010
11000101101
10110101111
11000111001
01101000110
00010000110
01010010001
00000111101
01011000110
00100000001
10101011010
11101011110
01001000110
00100010001
10100001001
00101110111
11010011111
01101101101
10110010100
11111001001
10011111110
01101100111
01110100010
10010011110
11000111010
00010011100
10000101110
10111001101
11101000111
01000110011
10110110110
10100000110
00010111100
01101100011
10100011111
11001100101
01011010110
01011100111
10100000111
10010001101
01100010011
10010100110
10100000001
00010111111
10011000101
00111101000
01001010100
00110010011
10101001110
11110101111
01011011100
10111000111
00001111111
00011010001
11101000110
11000100101
11101010111
01010110111
01110011101
11000001111
10110101011
10000100110
00011100100
11111011011
00111001100
10000011100
01111111111
11001110011
01111101110
10111011000
10000100000
11000000110
11110011101
10000111010
00010000110
01011100010
01100100111
00000001111
01110011001
11110011101
00100100001
01100100001
01101110101
11100101011
01011001000
11001111100
11001001001
11111010110
01011011100
01001110001
10101011011
10101000101
00000100100
00110111010
00100000111
00111100010
10101010101
01001001110
11111010001
01111000010
10111101001
00000010000
10110101100
11100101001
10011111011
00011110101
11110101100
01001010000
00100000000
00110101011
10010000001
10011011111
00110011111
11100001100
00011100101
10111101000
00101110111
11011111110
11001001111
10100110111
10011111100
10001010100
10011000110
10101101100
00100101000
10111001111
00100010110
00100101011
10010010001
10100000000
11111111001
00111001111
01100001100
10101001110
10000111111
10101000011
11011001110
00000101001
10010111110
00011100011
10110011111
00001111001
00111010110
00000110111
10110011010
10010000100
01010001100
10101011100
11111110101
01100110010
00110001111
00011010110
00011110000
11110101001
01101011110
11110001011
11111111001
10100011110
01000100100
11100100100
11011111110
11000111111
00101111011
10101111010
11101011111
01110100101
10111110110
11011000110
00010000100
11011011011
00110111001
10010100101
00110110011
11101000100
01100010100
00100000111
10001011110
00100010110
00000101011
10111101000
10001110111
01010011011
11111101100
00001110110
01100101010
00010100010
01000011000
00000111100
01100011100
11110011111
11100100001
00000101011
11101110000
00111010110
11010110010
00110001101
10100101000
11010010100
00011100110
10111101101
00111001111
10010110001
10111100110
10011000111
00001110000
01010111110
01100010111
01001110010
11000111100
00011001110
01101010111
00010011011
11111111110
11000000011
10001101000
01111000001
00101100011
11010101011
00000111000
11111100111
11001000100
11101011010
01011100001
11110100100
00001111001
00111111011
10111000010
10101101110
10101011100
11010100101
11100010101
10011111111
01011010101
11001110101
10101011101
10010001010
10000100011
11101011101
11101111100
10101111011
10110011001
01111010010
10000010100
00110000101
11110001010
10100110001
00100100101
01100110011
00110101001
00100110101
00100001100
00110100100
01011111001
00101010111
00111100111
00100101101
00011101011
01101010111
00010111101
11001010011
11100010000
01000000100
00000101101
11101110101
00000110100
10010110001
10100011001
10110000000
01110100010
01011110111
11001110111
01100011111
10110100011
01100100011
00111001000
10001111010
10010100010
11111111110
00111111010
01110000001
01010000100
01101000010
10111001111
00101101101
10101100010
10010001011
10100110001
00101101110
10111000001
11010001011
01110001101
00001111001
01110010001
00101101010
10000001110
00110000101
00111101000
10100101010
00111110001
01111110000
11010001011
10111001001
10011010000
10011000001
10100100100
10111110101
11110001110
11101001010
10011100000
00010001010
10010101100
10111011001
10001101000
11000011011
00000001000
11001101011
11101011110
01001001010
10101111100
10100100110
10011011110
00111101101
00011110011
10110010110
10011100100
01100011011
01110010001
10100100010
00011000111
01000011010
00101100001
01000110010
11101110111
00010111001
00000100011
11010101101
10111111110
11100110010
00100011010
10101010110
01100110110
01000111010
11000110010
10010010011
10010010010
01110100110
10011011000
11110100000
00000101110
00100100001
10100101110
01010000110
01110001001
00110000010
10111111110
00100101101
00110101100
00000111110
00000010011
11011100110
11101100000
00100011110
00001110010
11010100111
00100110010
01110110000
10001111100
11001101011
11011011110
10010001111
01110110110
10000100010
00001100110
11001101001
00011001111
00001011001
11000111111
00110010011
11100100011
01101011100
10101110111
10100110100
00011011111
01001011101
00100000110
00111111000
01111100010
10010010001
01100000000
00100111100
10011000100
11010001100
01110011101
01010100110
11101110000
01000100101
10111110011
01101101001
11000110000
00100110000
01110011010
11000000000
01000010000
00110101100
01000001011
01010110100
10111110011
11011001100
10011110010
10101010011
01000111010
01011111111
10001011101
11001000011
01100000000
01100011011
01000111010
00001010010
00011101010
10101000011
10100000010
00010101100
10011011000
11111011100
00111111110
11101111100
10101010101
01010111101
10111101010
11110000001
00010101110
01010110100
10000111001
00011110010
10000110101
00011101110
10100001101
11000101100
10010011100
11000001000
01010000011
00110000111
11011100101
00000000100
10010100010
10110111001
11111001011
10110110100
01101010001
11101110101
01111001110
11001101000
00000001110
01111000001
10111001000
10110010011
10101101100
11110011000
01100110011
00110010000
00011111011
11000101110
11110010001
11111000001
11011100101
11011000010
00000001010
00101101101
00100100010
10111010110
10011110010
10001010110
11110011101
11000110001
01110001110
01111101111
11111010010
10010011010
01111111000
11011001010
01100001001
10011110001
10101000101
01111001001
01000000000
00011101010
01001111101
11100000001
00110001010
11111001001
01011111101
10101111111
00010001000
11001010000
10100011010
01111101110
11011111000
11101010100
10011001000
11111011011
00000101100
10110100000
10010101101
00000110111
01110100001
01000001000
00000010101
11001001100
01111100010
00110001010
01101100011
10110101100
01010010000
01011001111
00111000100
11010010110
11101100111
01100110101
00111011001
11010011101
11101000111
10111110111
00001101110
10010011000
10010101110
10100001100
00101010100
01101000101
00110111001
10000011101
00110000101
11111101001
00000001010
01101000010
10100100110
11111101101
01101001111
10101111100
11111011110
00011101010
00111101000
00101110011
00100001010
11100110100
11111100010
10000001010
10011010101
00100001000
00110111011
00110000101
10111001010
00110110001
00011001001
01111101101
10111010111
01111010110
10111001001
01111000110
01010100000
01101010111
11010000100
10111101100
01110111100
01011001101
00000110000
01010000110
11010010011
01010101101
01000010001
00100000111
10000000110
00010010111
10010101001
01000101001
00110000101
10011010100
10000011100
01000100111
01000111000
11011010100
01111001110
00101010000
11111101010
10000101100
11000000101
01101100001
10011111010
10110100110
11011111111
10101001011
01011001100
00101111011
01101101111
00111111100
11011101001
00000011110
01111101001
10011011100
01010001100
00010010100
00100110011
11010010100
01010010000
00010100000
10111101111
00011001011
11010010111
11011001011
11010011001
01000110000
00010101111
11001111111
11011101100
01000100101
00110011010
01110100100
01001011001
11100110101
00101011110
11011000111
10001110011
01010000100
11100001111
01011100111
11000110101
11011110000
00000010101
01100101110
00100110010
10100101011
00101010001
11110101111
01010010010
01111101111
10100101100
11001101111
10010011011
11001101110
01000110111
10000010111
01001101100
11110100110
00001001110
01001010101
01010000011
00111111001
10101001001
11011010000
11011011010
11101100011
10011101101
10011110110
11011000100
10000110110
01111000101
01010000110
11110100001
00001001010
01110001101
01010010010
00101110110
10000010100
00101101110
01010100010
01101000101
11000111000
01001001001
00100110000
10101111010
01100001001
01100111001
00110100100
01001001001
00100011100
10101101011
11010100011
00101110100
11011110001
00000111100
01101101101
00000010101
01001111001
11011100100
11110100101
00110000010
10000001010
10000001001
10000001101
01100010110
10100001111
01000100011
11101111000
00110000010
10010011001
01001000100
00001110000
01110111011
11110101101
00010110001
01000110100
11001000001
00101111100
11101110110
10011101001
11010000111
11001110010
01100111010
00100001011
11111000111
00000110111
01101011101
01010110001
01000110010
01000110111
01011010111
00101010110
00000111001
10011000000
11000111101
00001100001
01101111000
10011000010
00100001001
10001111000
00010010000
11110100010
11010100010
00101011101
01000001010
01011010101
01100000100
11100110101
00101111001
10011110110
10000110010
01111000011
10100101001
01001001100
01100110010
10101001100
00010011010
01010111011
10001000111
00100111010
01010110110
00110001110
01110000011
11010000110
01111100101
01010010001
00110001101
01110000001
11101101011
11010011010
10110000111
01000100001
00000001011
00110111101
01000011000
00111000001
11101000100
11111101110
01010011110
01001101010
01101010011
01111000100
00011101111
00001001000
00001000101
11110110110
11110010000
01100110010
00001101101
11011011010
01000001100
01001100100
00101011111
10011110010
10111011000
00010110011
11000110000
11001110000
01100000111
00101111101
01111001110
11100011111
01000100110
01101100100
11010100110
01000000110
11100001001
11010000111
10011100110
01110101110
11100000110
11111010101
10111111100
01101111110
00010010011
01011010011
01100111100
01011110100
10100011010
11111010110
10000100010
10001101111
11000011111
00111010100
01110001001
11100011111
01000101011
10100101111
00111110111
10101110100
10110001101
11000111100
01001010001
01101110000
00101111100
00100001011
01001111010
00111000000
10110100100
01011000011
00101010111
01010011000
00111111110
01110110100
01110110001
00011100101
01010110011
11000100001
10010100001
10010010010
10101011111
01000010100
00010000110
10110000100
00011000001
11000100111
00000111111
10100010000
00001000010
00011010011
10001001000
01000111011
01011110001
11000101110
00110100011
00101100011
00000001101
10101011100
11010100110
10010110110
11000110101
00010010011
10000100011
11110011010
11111110000
11111001110
10111101110
00000110001
00111100110
01110100111
10111010000
01101110110
01111101111
11000100010
10011011111
11001010011
10111101100
11011001101
01110111001
10000100000
11000001110
10010110101
10001111001
11100010010
00010110010
11001101001
00000110000
10100110111
01001101000
11110000101
10000111000
01001000001
11110100011
11100111000
10001101111
10010000001
10001110001
00010001001
00110101110
01001100111
00100010001
10110100110
01010111111
11111100100
10111100001
00110110111
00111110010
00011110100
00011010011
10101011110
01100000100
01000011010
01010100101
01100111011
00001111000
11010111101
10001010101
00010110010
01110111010
00010100101
00110101111
10100110010
00011110101
11000100110
10001010110
00110100010
10110110010
01001111110
10111110111
11100100011
11110000011
00101110100
11000001101
01001011110
11101011110
11011110010
00100111101
11001101101
10011011100
00111011001
00001001111
01000000000
01110110000
11010001111
10110011000
10110010100
11010100011
00100010111
00001111001
11011110101
11011010000
10111100101
10111001011
10101000000
11000110000
11110010110
00101001111
11011001000
00101000110
11010011101
00011000111
11111110110
10000010010
10100000010
01010100010
00001000000
10010111010
10100011000
10101111011
11101100001
01011100010
10001111000
11000010101
00010001010
11111011111
10111011100
01110111101
10111010100
10101110001
01011001011
01111101010
00100110001
10001101111
01100100000
10100001101
11100110111
00000011011
01011001100
00001100110
11001010110
00111111100
11000001101
11100000010
10011110010
00101100111
01000000011
11111100100
00100000111
00101011100
00100111111
10101100000
10001000110
11001001001
10101100011
00011100101
00101110000
11011010011
10001001110
11110000010
11010011110
10111010110
10000000000
01111111100
01011000010
10010010011
11000001011
10100001010
01000101011
10100101010
01101111000
11100001001
11100101001
01010000010
10011101001
11001011011
10000000101
11111010011
11010010010
11010100000
00101100011
10000001101
01101100110
00010000010
00111011110
10101011010
10100000100
01010101111
00111111100
10000001110
01000111001
01001111011
10011001100
10110011000
11011100110
00100010010
00011000100
01011001010
00011100111
11010010100
10011101100
01001101011
11001010101
01000111110
11110101010
00110101101
10100010111
00101100000
01010101001
11010111011
11110001001
01100000110
10001011100
11110011000
00100000000
11000110011
00001001111
01111011001
10111101101
10110111000
00111100011
00000110101
00111101111
10001110110
00110111101
00010000110
10011100010
11001001100
01011010111
11100001010
01111010001
01111101100
10000100111
00100010010
00001100000
00110111001
01100111000
00100010100
01100110011
11110110010
11011101001
10001100010
11000101101
00011011010
10101001011
01100110001
00010011111
01000010101
00101010100
01111010011
01000110111
10111111111
01001001000
11000010101
11110001010
11000001001
11101011101
00010011110
11010011111
01000010101
10001000110
11110101100
01100111001
10111010011
01001111010
01010101001
00011110111
10011100000
01001101010
11101110111
01011100011
11010001001
11101111100
01011000110
00001000100
10011101110
01011000110
00000001111
11010000100
00111100101
00111101101
11111001100
11110011011
00000001111
01111011000
11101110011
01100101111
11100001011
11000010111
01111111001
01111001011
10011011111
11101101010
11111101001
01001111011
00000100110
01010000000
11100001000
11110100000
00110110101
10011011101
11000100111
11100011110
01000111100
10000011001
11101101011
10111001011
10011100111
11011111001
10110101111
11000000101
11001111000
10100100110
01101100111
10001000011
10100010101
01101110110
00010000011
01101011001
10100011010
10110010010
01010000011
11000000011
10010110100
11110101000
00010100100
10010010110
11001100110
10111101001
10010111111
00011001111
10100010110
10101001001
11010111011
10111011001
01011110000
00001011001
00011110000
00011101101
00100111011
01101000000
01000011010
01010111000
00110100001
10000110000
10100100110
10001011110
10100000011
11010100010
01010011000
00010111011
00010110110
10001000111
01011010101
10000010010
10000011011
10011111010
01011100001
01101110110
00100101001
01000110101
10101100111
00101110000
01001001010
11110000010
10010001110
01111001010
10111111011
00001000010
01010110000
11101011100
10100101010
11110111101
01111011110
10111000001
01001111000
11010111101
10100110111
01001110010
01011011010
01001001010
11101001110
01001010010
10011011111
10101100101
11010100111
11100100010
01101011010
01111010110
10111011010
01101010111
11011010010
00100011001
10111000101
11110011011
11101110100
01001010111
10101011111
10001100010
10011101111
10101110001
11111000110
01011010101
10011101101
00101011110
11111001011
10000100110
01011010011
01010110010
00011001101
01001010101
11001110101
11100110111
00111101110
11011001011
01101100100
01110010010
11010101001
00000100011
11101110111
01011001011
11110110110
10001101011
00100010010
10110010000
01010010111
10101011000
11100000110
11100100000
00111011010
00000110101
01000010100
01111000000
10010010011
01010000110
00000100000
01000011110
11011001101
00010011010
10000100011
00000111100
01111101001
11001101100
11010101111
10101010010
10010000011
00101010101
01000110100
00110001000
00011010101
10101000011
01110001111
00010110010
10001101100
11001110010
01001011010
11100100000
10011101010
11010011100
11110111110
11000010011
10100101100
00011000100
01110111000
11110001101
10100001100
11101001110
10001011100
00110111001
10010100111
01001110000
01010111011
11100110111
11110000010
10101010011
00101110110
00000001110
00110001100
10111111100
00000010101
01111101000
00100000010
10011011110
10100000101
01000110111
01000111111
01001011111
00110010000
11111100010
00000010000
10000100100
10010010010
10001100110
00011000010
01110100001
11010000101
11100100111
10000100101
00110110110
11011000110
00010100010
10000010001
01110100010
01001110010
01111110111
00011101010
10101101010
00011011101
10011101101
00110011101
00110010100
00000011101
00001110001
10111111000
11011101100
11011100000
00110110011
01100100100
01110001010
01010001111
00101101010
11001111111
10100000101
00110100101
11110011110
01110010000
01111000010
10101110101
00100000010
11001011001
10010111110
11100110100
01010101010
11111000110
10110000101
01100011010
10111011001
11110000101
10110111001
01001010001
11010111100
01001010100
11111110000
11110111101
00100010101
00110001110
00111100000
11110100011
00100110011
11001101011
11101110011
11111100111
01111001101
10001011001
11110011011
01011110111
10000101110
00010010011
10001001111
00111101010
01000100011
00110010111
11100001100
11011010111
01001010001
00011100010
00010101101
00000011011
01011100010
11000001011
01110110011
10100001101
10100000101
10011000111
10101000010
01011000111
01001001101
00111110001
11011100010
11111011000
10000000011
00100010001
00001101101
01001000101
00000011001
00011100001
11011111110
10110011001
10111100101
01011111101
11100100001
01100001000
10000010100
10101101110
00101001000
00100011011
00010110100
10110011100
00111011010
00001101010
00010101110
00011100001
10011000011
00011011100
10011001100
10111101101
01010100001
01000010000
10001101101
01000000110
00110111110
00000110100
01110100011
01101100101
00111111000
01110010101
00000010101
11110001000
00011100100
10101101000
01110001000
11010111011
11011101010
10001001000
11110010011
11111100100
10001101110
00000001001
00111101110
00011111110
01100101111
10111010111
10000001101
01000101001
10010011001
00111001000
00000111101
10110101011
01111011110
01111110111
11010001010
00010100100
11101000101
00000110010
10110010010
00110010111
10111011101
00001010111
11001100110
10001010101
00101101111
01100100010
10000010110
10011101100
