00101111000
11101001111
01000011010
11101011100
01101101000
11100100011
11110000101
10111101001
00011111100
01010101101
11000100110
01011111101
11011010010
01011011000
01110001100
11111001100
00010100010
11110110101
11001011110
11110111011
01000110110
00011101111
11110011111
00101100101
10111000000
11101110110
10111000011
01011011110
01010110000
01111101010
01101011010
10011010110
01000100001
00101101011
00110010000
01001001111
10101110111
00000010011
00111111001
01011110110
10101111011
00100000010
01000100010
11000000001
10010101010
11111101000
10000111110
10110101011
10000111001
11000111101
11111001111
11011101111
00010101100
01101100111
11001100001
01001100000
10101110110
00111011011
00011010011
00010001001
10111001001
00110100000
01100111110
10000100011
11111011011
11010001010
01111100110
11110111010
10011000111
00110110011
11010010100
01111000001
11101001000
10110010011
10010101101
01100001110
10001110011
10111111010
10111001010
11101000011
11111101110
11000111001
00011011100
01010011011
01010010000
00101110000
11000000001
00110001001
10110100010
00011011100
00101100111
10010101000
10011010011
00000110100
01000111010
10001010111
01100001111
00100101100
10001100101
11111001100
11101001110
10100101100
00110110000
11011011001
01010011110
10110001001
00101101100
01111000110
00100101100
00001111001
11110111101
11110010101
10100101001
01100001010
10101010111
11011110010
00011000111
01011100011
11000111100
00010111100
11101110101
11010101010
01011000111
00101101101
10111011111
10101001111
01001000110
00111110001
01001010100
11000011111
00011000000
00010110101
10010101000
00001010010
11100100001
10010001100
01010010000
01001000100
10100110010
11110101100
11101010110
01110110111
01010101101
00110011001
00011110010
11010101100
01011100100
00010100100
00110000011
10110110010
11100101110
00001001110
01011111111
10001110001
11010100001
11111011011
01101111001
11100110110
10001100001
10000011000
01101111110
01001010111
01110010000
01111010100
01110011101
01111111011
11110101001
00010101001
00010000010
00010011111
01110000110
11101111010
00101100001
10100110111
00011101010
00001110011
00010110101
01000010110
00110100110
11001101100
10000010001
10011011001
00111011100
10101010001
10010011001
10110111011
00110000010
00110001111
10110001001
10111000011
11100110110
10111100001
01111010011
01000101011
11001111111
00000000001
11101100111
01010101010
10011011101
10001001101
00000110001
01100100101
00001001100
11010111000
10110111011
00111011110
11001100101
11111110110
00100000011
01000101110
10011110010
00000100101
01000000100
10000010000
00101101111
01001110100
11010011000
10010100101
10100110000
00001011100
10110101001
01001010001
00111010100
10010000000
00100110100
01001100011
00110011001
10100000001
00111101110
11011000000
10011000011
11011100011
11010111000
11001101000
10010001000
11111001110
00111111011
11001110010
10111001001
00100110000
01111000100
00011001100
01100001110
00100010000
01101000101
10100111001
10100101001
11110100011
11100011110
10000111101
00001110011
10011101100
10111111011
10001001011
10001011000
01111100110
00111111111
01000100100
11101100100
01000101011
01110010001
10000011101
10100000000
00100101010
01001011010
10011010111
00000100101
10101101111
10000110101
10000001000
01110100011
10001110000
10100011101
01111001100
11011101110
10100000010
11101100100
01000011011
11011110000
01101110000
01111111011
10111010111
10111111001
01001100101
01010011001
10100011101
10000010100
10101010011
00110000101
01110001101
11000100101
11111100010
11011110001
01100110110
00111111001
01011011000
10111110011
10101010001
01111100110
11110011101
10010100101
01101010011
10011010011
01001110000
10001011000
10101101001
00011000000
00000101111
11011101011
11100011100
01111010111
01100101110
10100011111
10101100101
01111101101
01011010111
01111010100
01010111110
01111011000
00011001001
01000001110
10111000101
00100110000
11000100001
01011100010
11101011101
11101001010
01010110101
00000001011
11101100101
00001101001
00111010111
10011111110
00101011010
01101010000
11110101111
11011101100
11111101011
00100111101
10000010001
11001001100
10011010101
10010100011
01001101000
01001000001
11100010100
11111010100
00101010010
10000111100
10101010100
10101111011
10110100011
10110100111
00100010110
00111101000
11111010011
10000000101
11011010100
10110011010
00001011011
11100100010
01011011001
10011000111
01001110111
11010000010
11011011111
10101001100
00010010101
00111101111
01111000011
00011011011
01100001000
10011001111
01000101010
10011010001
10101000001
11111000111
11101101001
11101101000
01111100100
11001101000
00011001111
11001010010
11111011010
00110101010
11110111010
01010011000
00010100011
01000000110
01111010010
01010010010
01101000011
00000001111
11110010011
01010101010
11011010100
11001010101
10011011100
10011011010
10101001100
10010100101
01111110111
10100011000
11110101110
10111010101
00011101010
00001001100
11000101100
01011000111
10110111111
00111111010
00111010111
11000100111
10110100011
11011100001
10100001011
00100101011
00111001101
10000000100
10010010101
00001111010
00100001011
10010000101
11111100111
01111101110
00101000110
11011010110
01000010000
10110101000
01111111111
01001100001
11001111001
00100000101
10101110111
00100011011
10110100010
00101100111
11110011001
11001010010
00000001111
10110110000
00110110110
01101100110
10100011111
01011011101
00110010000
10101010101
01100010100
11000101010
01011101101
01111000101
10010000101
01010111011
01011000011
01000011011
10011110001
10101111100
01101000011
11011100001
10101101001
01010101100
11101110101
11111011001
00111101011
01100111010
11001000110
11100110000
10011101000
11110000000
00110100001
10010111001
00101101000
00000001100
10100110001
00101111100
01100111110
11010110101
10010000010
10110101100
10001010101
00000101000
01001111001
01011000000
11000101010
11000001101
10010010000
00101100000
01001010001
11100000110
00000101001
11000100111
10001111001
00000101101
10101010011
01000100100
00010111110
11100011001
10011101101
11101110110
01001000101
00000011100
11001010000
10001010100
10101011010
11010111101
01101010101
11110110010
01000101111
10110101011
11001000001
01011000000
10011110010
11101001110
11111010011
00010110111
00011000000
00101011010
10001001001
10001000011
01101011110
01100010010
11010110001
10000011101
11001110000
00101111000
00000100010
11001111101
00100101000
11100100000
11001101100
00101001111
11111110010
10101011011
10000000001
11010101001
00010010101
00100110111
11100101000
00001110001
01000010010
10100111001
00101001011
10001010011
01010100111
00000100110
01000001000
00100000111
00101001011
01111110100
10111010011
00101001100
10010101111
11111011101
10010110110
10100001101
00101000111
11000010101
10101000011
01110011011
10101010000
11010011001
00011010011
01110101111
11110000000
10000101010
01100100010
00010110011
01010100101
01101101100
11001111001
01010001100
01111010011
10001010001
00000111101
11010001101
10011101000
01001010111
10011100001
11110000000
00011000110
11010011011
01000000010
00010000011
11001101101
10000000010
10001101110
10111011010
10100000010
01101101000
11011000111
11100011110
10000010001
00111101110
00000101011
11100011110
00110011001
01100001001
00110010110
00010111011
00000101011
00101101010
00111110001
10010100110
00001100010
10010100100
01100101110
11101001001
10011111011
10110101110
10111000100
10100000100
01011000010
00001010100
01000101110
00110101110
10010011000
00001101100
01111001011
00001000111
00100100100
00001000110
00101001111
11111000100
00100000101
11101011110
01101101011
00101111111
10001000100
01101111001
10001001101
11111111001
01000011010
11101010001
10101110000
10101101101
00111111010
00010000100
10100100000
01000001100
10001010101
10010110010
00001000101
00001101011
10010000011
10101000100
11101001010
10101001101
10001011110
11001001001
00001001101
01011101110
10100000101
11100011110
10010001111
10100001100
01000100000
10110011001
11100011111
10011010001
00011101010
10001000010
11101100011
01000110101
10101000011
00111001111
11110101000
10111111011
11011010011
01110011111
10001101111
10110100111
01001100101
01000100101
10110011101
01001010010
01101001101
11001010101
00110111101
00000101100
00011110011
10111011100
01101100010
00010110110
00100111111
00000100011
11101000010
10111101110
11001111101
00100110000
10110111010
10000100111
00100111011
01011011011
10101011000
01101110000
00100000011
00010100011
10001101000
11000100011
10110100000
10001100011
01100111100
11101011010
00110011110
11000100101
01001101000
11111111011
11101000011
01010011011
11111100110
01010010000
01101100111
10101100111
01111100001
11001111000
01100111011
00010110011
00100000100
00101101001
11100011100
11011101000
00000001110
01101000100
00001010110
00101101101
00001101111
00010100011
00111110110
10000000101
11100000000
00000100000
11010001011
01011010100
00111000101
01100101110
01101000001
11010111100
11001000110
11111111001
10010011010
11011110111
01010000010
11000100100
01100011011
10111111111
00101100110
10111101110
00110000100
10011011110
00001000000
11001001101
11100111001
01101100000
10101101110
01100010001
01000100011
10111101101
10111100101
01000101111
11100100000
01010111100
10100110000
00001001001
11011011110
11101001010
10001100111
11110110001
01101000000
01010011101
01011110111
11001100101
11011000101
01001100011
10010010000
01100000010
11111111001
01100011110
10101110101
10011010101
01001011010
01101111001
01110110010
00101101111
00111011010
00011110100
01000100101
00111111011
00000000110
10110011100
10111100001
10100010001
10111000110
11011011001
11000011111
10001001101
00111100100
10000001100
11011100100
00111010001
11111001001
00110111000
00111000001
00101011110
11000100001
10011110001
10111110010
11000100100
11001100000
00101100100
11010011011
01011011101
00001001110
10001001110
01001001110
11101010111
01000011101
11010101010
10111011110
10010101011
01110000010
10111010010
10001011110
00111100111
01110000111
10100100101
10101011000
00001111100
00010110111
11110110011
00001000101
01011111001
01001110111
01110111110
01001111101
11110000111
11010011011
10111000100
10110110110
01011011100
01101011101
10100000100
10111101011
00000110100
00100111001
00011001001
10110010000
11001110100
11101110011
10001010000
10111110001
01011110010
10110110110
00110001010
00001011101
01110111001
11100110100
00111000001
11001101011
01110110010
01000111001
00110011011
11001111010
00101000111
00111110111
10011111100
11100001001
00100110010
10111000000
00000010001
11001011100
01001101110
10001010111
10010000110
10000101100
10001110111
01000001011
01101100011
00110110011
10110100111
01110001010
00101001111
10011011101
11111101011
00011001001
00111110010
01110111010
10111010101
10001101101
11000011100
11111101001
11000110100
00000010100
10111111111
01000010001
11111001010
11101101101
11111101001
11111101010
01001001101
10110101110
10011110110
00001110110
00101001000
11011001111
10011010001
10011001111
10101111111
10101011101
10001110000
00000100111
00011010111
00101110110
01111001111
11100100001
00101010101
10111100101
11001011110
10101111101
01110111110
11110101010
10110101110
10001111010
11001100000
10011111000
01110111001
01100110101
00010010010
11111110100
00001010111
00110100011
01111111110
00111000110
11011010110
10011101001
11111110110
00000011001
01001010011
01001110101
11010001001
11000110111
10000010110
10011011001
01110010100
01000000000
01111011011
00110011100
10010101100
00101011110
01101101111
01100100100
10001101100
11111000101
10011000011
11001111000
10101010110
10101101000
01000001010
11011001110
01111000110
10011010111
00101000100
00010110101
01100111100
00101101001
01101110011
00000000100
11101010101
00101100001
00101001110
01001010101
01000010101
00100000110
10110000110
00111100101
00100001111
10011000110
01101100111
11110010010
10110010001
11000011001
01001100010
00000101111
11110011101
00110001011
11010010111
11000110101
00100110110
01110010001
11101011001
11100011001
00101011101
11100101110
11101001111
01100110001
10111010011
01010001111
11101101100
11101001101
10110000011
10010111011
00011011001
10011101010
01101111001
11101110000
00101101111
10100011011
01000010110
00110101001
00111011110
01010000100
00110000101
11010110100
00000011101
01111101010
11001001010
01000101011
10110100010
00111011001
01001010110
00101111001
10001000010
11110001011
10000010100
11010110100
00111001111
10101000100
11000001010
10000011001
00001110000
10101110111
10100110111
00000011100
00101001111
10000010001
11001111110
11011110110
00011001111
01000001110
11000010011
11011001001
11011111110
01011100100
11011100101
11110100110
01110110111
11010010100
00111011011
01001110100
11111011010
11011001111
11110101101
00011110001
00011001111
11001001010
11010010110
11001110000
01010001000
10000011001
11110011110
00100111100
11000101011
10101111111
00010011100
10110110111
11000111001
11100110001
01010101011
11011000111
00110001101
11110100110
11001010101
10011000110
11101111101
00111101011
10000101100
01100010100
11100011001
00110111010
11111101101
10111001000
11011101110
01000010100
11111110111
11101001000
11100001100
11000101011
00000100100
00001110001
11101000011
01110110111
01001110010
11011111000
01011010101
00000111111
00011111001
00010110010
10000111111
00010011111
01000110010
10110011110
01110010001
00100101011
01100000100
11001111101
11101100101
01010110110
11010011110
00000000101
01000011110
01110111100
01001110101
11101000110
00100110101
11010101111
10100000011
00110011010
10100000010
11111101000
11011001011
00101011001
01001001100
10100110010
00101001000
11110010110
11000111110
01010101010
01111000111
11011101101
01110000111
11001111001
00000010110
11110011011
11001010111
01011110000
01100110001
01111111111
10001101001
01111111010
01100010111
00101001011
01010101010
10101110011
00110111001
00010100010
00110010101
00110100100
11011010111
11111011000
01110000000
01111000111
00110000011
11011111110
00011101000
01011011110
00010111010
01110111010
01101011001
01011111110
10011000110
00011011100
10001111110
01011010010
00001000011
00111001000
10110011101
00001000101
11011111011
01100001011
11011010001
00110110010
11010101101
10110110100
10000111110
00001110011
01001011001
01100001101
10110101101
00010100101
11001100011
00111101010
01111000101
00110110111
10111101111
11100100100
01100111110
01011011100
10100010011
01111100011
10010100001
11001010011
00010001100
01111010010
10101111100
10111111011
11111011011
00111110101
01000110001
10101001011
00000100111
11100110001
01010011111
01011010111
01111101111
10001100101
01001100100
00011110111
00101100111
00000011010
10000010011
11110110011
00100011010
00111101100
10110000101
00101001010
00001001101
01010011100
10101111101
00001111000
00011110101
00111001001
01110110101
01010100001
00111001100
10011000110
01111000000
11101010110
10000010110
00001000111
00101001011
00110110111
01001000011
00111010001
01010001101
01001100001
00010111110
11110101100
01111111100
11100110101
01110011111
10110011000
01100110010
00101000011
01000111111
11000000111
11100010111
00001010011
10011011011
01111110001
10111110011
00110111110
11010111110
10110100010
01001000110
11010111001
11100001010
01011100001
01100000101
10100001100
10111010110
11000010011
11111011011
10110110011
11000111101
10001111010
11010110111
11111010011
10000100110
01110111101
00100000110
10010110010
00001110111
11011001000
11101111110
11011111010
00010101010
00010111100
11110010110
01111100101
10011111001
10101010000
11111001000
00000101101
00010111000
11011101101
01100100011
10000011110
11001110000
11100100001
01110001011
11110001110
10001101001
00010001101
10001010111
01101001111
01010011100
10100100010
00011011001
01100000011
00010111100
01100001100
00101011100
00000011001
00100001000
00011010100
01000011001
10100011111
01010101010
11101011111
01110110110
11000101110
10000001011
11010010000
01100011110
10110111011
01100010100
01010110001
00011111000
10101011110
01011110011
10100101001
11011110101
10000011011
11101001111
01010010001
11001000001
00011100000
01010011010
11110111010
01001110111
10011010101
01010100001
00000011001
11100001011
10100011001
00001010001
01010100011
01010111001
01000000000
00000010101
10111000111
11011110110
11000000110
11101100011
00111011101
11110010001
11101010000
00011011110
10001110110
00011010000
11001011011
00101101100
00111011000
11100110110
01101111000
11110000100
00000111111
00110001010
00000010111
11110100000
11001000011
00110100011
00111111001
10000010110
11110111011
00010101110
00110000000
01011111011
01110100010
01010111100
11111000110
11000010110
11010010011
10111100011
01100001110
10111001011
11001111110
11111101001
00100010011
11010010011
10101010001
00001011011
10011110001
10100101000
01111111100
01000100010
10000011110
01111010000
10111110010
00110101000
00111001100
10100100000
11000111100
11101101110
10101111110
01110101011
00101110010
10000001011
11111101100
01101010101
00100111111
11100100100
01001001101
01100001010
01100001001
00111011111
10010001010
01011001000
10000000000
01000001011
00101101110
11101010100
00011101000
11000100100
10000101010
10011111100
00010000101
00010011101
11000110111
11101110000
01010101000
00000010100
01010011110
01001110100
11111011000
11000010111
01101111001
00101111100
10000100011
00111110010
00110001110
10000011010
11011101111
00001001000
01000101010
11110010100
10101011001
01101011001
01011100001
11100010011
10000001101
10001001100
11101101100
11010010111
01110011111
00011110101
00101000011
11110110001
00111011000
11011001011
11000001101
11000110001
10101011010
11000101110
10000101010
11101011011
01010011111
11100111100
10100000011
10100010011
10001001101
01111110100
01100100110
01110101011
10010011011
11011011010
01001001000
00110000010
00011101110
00110001010
01000110111
10101011011
00100110100
01100101000
11010001010
01100110100
10010000101
01110001000
01111111110
00011011101
01100011010
00000011110
10110001011
10010111101
00100000010
00111000111
00100010000
01100010001
11100111110
01001011001
10100001110
00011110101
01110110010
00000110110
00110011100
01001101101
11100100110
11101000010
00101001010
11110010111
00101000010
11111100011
10001011100
01101111001
00010100110
00110111010
10100100100
01110001100
01111101010
11011101111
01100010010
00110010110
11010001000
00110011110
00010010110
00100100110
11100001110
00101111001
10000001010
01101011001
00001100110
10111100111
00011110100
00001100010
10101001101
11100001111
00111010000
10000010110
11101101110
10111010101
01110101101
11010010000
01011010011
01000110100
01101000010
01011010101
01101000101
01100110011
10110110011
01001101001
10011101100
01001000111
01000000101
10011011110
11010000011
01110110001
10111001011
11010010100
00010010111
00111011111
10111110000
01100111110
01001110001
00001000011
11111111101
10100101011
00000001001
10010011001
00111001010
01110010010
01011011101
10011100010
00011101111
01001001001
10010010011
00000111101
01101001010
01101000101
01100011000
10101100111
11000011000
01110010101
01101111101
01010111001
00011000011
11111001100
01010101010
01100111100
11011010101
11001011101
00100100011
11010110000
11000101001
01101110111
00111110000
01110101011
11001010101
00101000000
01101010101
11110000000
11110101010
10111101010
00010110000
11011100010
10100111101
01010011101
10101011010
00100111101
10100111101
00100000011
11000110100
00010111110
11100000101
00100110010
01101001111
11011100111
01010001000
11100111000
11000001010
00000011110
10000010111
10111101100
10011010100
01010010111
11010010111
01100100000
01110011000
01010101000
00110011001
11000110001
00011001000
01100111011
00111010100
11101010010
10001001101
11110111101
11001010000
11000001110
11011011011
10101100110
10111101111
01000010110
01000101001
10100101110
10111110111
01111100111
11011000001
00110101110
00001011000
10111000110
00010000110
00111010111
10010100011
01011011010
01001110010
10100111011
10001110111
01101010001
10111100000
00100010100
00100001011
11011101101
00001101011
11101011100
00000101110
00001000110
11111110110
10010100100
11111111011
01111110000
10111100100
10110101110
00111111010
11101100110
00101111010
11100011111
01000010101
11011101011
10100010101
00111110011
01100110001
01101110011
11011110000
11011110110
01000111111
10110110011
10001010011
01101010001
00011000000
11110000001
10111101101
01000101100
10000110011
01001000001
11010111100
11011010011
01010001011
11100001011
01001000111
10111000110
11100110000
11101010110
00000100111
00110000011
00100111101
01001110010
10000000111
01101110011
10010011001
01001111000
01110111010
00000101011
11101010111
11001000001
00001110001
01111001101
00000101111
11000000010
10000000010
10101110010
11101011010
00100101110
11000100101
00010110010
11101111001
10110010011
00011111101
11011111110
01111101011
11100000110
10011110110
01000100001
01101100011
01111101001
01100001000
11001000001
00011111111
00100101011
10111011001
00110011111
00100010011
00000001011
01001000001
00010100000
11000100011
01010101001
10111110000
10111000000
01100000100
11100110110
10010110110
00111011100
00101111011
11100010011
10101000110
00101100001
10111100001
01010100001
10000110011
01011111100
11010110101
11001100011
00001110000
00111111110
01111010000
00001000101
00101110011
10001100000
00101000111
00010100111
00110001110
10001111100
01011111001
00110000001
01111111010
11110000000
01011000110
01000101111
00110010010
01101010110
00100001011
01010010000
01010010111
00011111110
11000000100
00100100111
10000111000
01100011100
10100010110
00110000111
11001010001
11011001100
10100001101
01101100010
10110011101
01011111001
11011010010
10000011111
00111100111
10101110101
01011101011
01101011111
01011000100
11111001100
01110000110
00011111110
11111011100
10001101010
11011110011
00001011001
00100001000
01111101001
11101000010
00101111001
10100010110
00010011010
10001110111
00111111100
00100100111
11101101111
01010111101
10000110100
11101011000
01111111101
01110111000
11010101000
11011101000
10101010111
01000100010
10010011010
00000010101
11111101011
11111100011
01110011010
10000001011
11110110100
00110100110
10000100110
00001110110
10011100101
00111101100
10100100111
00011011110
10111110000
01010100101
10001011011
10000000011
11100111001
00111101100
00011010000
10110111101
10100100001
11111001111
00101011100
11010111111
00111111111
10101111011
10010010010
10010111110
10111011111
11100011011
00011011001
11001101111
00011011010
10010001110
10101111110
11110011010
00000101111
00000101100
10010001111
00000000011
10010000101
01101111001
11011111000
10100100001
10110011001
10001100111
10111111000
10011111100
00101000111
00101111001
11110001000
00111101001
10111111011
10100010101
11101011100
11011100010
01011110111
01000100110
11111110101
00001100000
10000100100
10110110101
00011101011
01111000111
11101111110
10010111001
01011100011
01000000110
10010010001
01100110010
01110111001
11110000111
00101001001
10010101110
00011010110
00011111110
01110010110
11111010010
10101001111
10111111010
01111010000
10001110101
11011010010
11100000010
01101101010
00010000101
01001010000
11011100101
00101001010
00010101111
10110100000
10010100111
10101001011
10100110101
11100100001
01101000101
00100000101
10000101011
00011101100
11100010111
00111111001
00010011111
00101011111
10011011000
00100110011
00111110000
00110000111
10111001100
01111101010
01010000101
01100101100
00011010011
00010111001
10000011011
01001100011
01010001110
01011111100
11101100101
01101001010
10110101111
11111100101
11011100101
11000010001
10100111101
11000101011
01111101101
01101011101
00001000001
11010011111
00000100111
11011001011
11100010001
11011010001
00011110010
10001110110
10110001100
10000110011
01000110100
00110110011
10101111000
11010111011
10100101010
00001001010
11101100110
01000111101
00100100101
00100111010
10101011010
10111010000
11111000001
10010010101
01010010001
11111000110
10101001100
00110101110
01101001110
11010000000
11000000101
00110010001
01011111111
01010011001
10001111110
00011001000
01011010000
11101111010
01000111001
00010100010
01001101100
11000101110
11101001100
01101101010
00100010000
01100010100
00011100111
10011111001
10001101011
01101001010
11001000011
11001001101
10100111010
