11001110110
00011101111
10011111101
00101010010
00010100001
10101001001
01110110011
01001011011
11110001110
01000001010
11000101010
11101110110
10111010011
01100110010
10101010101
00000011001
01000100110
10100110001
10110100100
01111001010
10100101110
10000111001
11011000111
01100100000
01000010110
10100100110
01100101111
01101111101
10000101000
00001101010
01110010000
10101100001
11111111111
00010100011
11101000100
00000001100
01111100011
00101010010
10111000001
00000001100
00101101111
10010110101
10001010101
01011011010
00000011111
10000101111
01101101111
00001001010
01110011111
11011111111
01101011110
00110101011
10001001010
00101101000
10100001110
01111011011
10100110010
10101011010
11101111000
10000100101
00100011101
10010001100
01010110001
01000101101
00100001100
11111101011
11000101101
00100100011
10001101001
10001101001
01110011011
00001000010
10000011010
00001010100
11001110110
11010110010
01100010010
11010000010
01100000111
10010100101
00001110100
10111011110
11100000100
10010000101
11010111111
10010110010
11100110100
01110101100
00111110110
01011010010
01011100110
11110010011
00000011111
00001011101
11000000101
01010100001
11001100001
00110010011
11000111111
11111100110
01000010001
01000000110
10111101000
11101111011
00111100010
00110100111
01111011011
11010011100
10100011100
00110100111
00110101010
10101101010
11111101101
11000111011
11111101000
01110110111
10101110101
00100010100
11110001111
01101101001
10111001011
11101001100
11010011111
01100101001
01101110111
11011110111
11001010100
01011011011
10100111100
10001111101
00100000111
01110111111
01101100001
00101000100
01010000111
01101011010
01100000000
00011001000
01010011011
10011011111
11111011001
01010000010
11001001110
11001011101
01000100001
11111010100
00101100010
00000001000
11000001010
00110111111
11111010100
11111001010
11011101110
11011111101
10010001111
01110110011
10001010101
11110011000
01010000111
10011000100
01011100111
00110000001
01101000001
00011111000
10110011010
00011011101
10010001001
11000100101
11110101011
00001010100
10100011010
01010000011
10010100100
00100001000
10100111100
11000011101
10110110011
00011110110
11010011011
01110110110
01110100000
11011010000
10111001111
11010001010
01011000010
01110000010
00010110010
01110101001
10000011001
00100010110
10001101000
00100101001
10010110111
00001011011
11011101110
00101100111
10001000100
11100111110
00011101010
10000100010
11110000011
11110000011
11011000000
11010101110
00000110001
01001111001
00110101011
11001110010
01110100111
01110100100
10011000011
01010100001
00010100100
01000110000
00011000001
10010011000
00000011001
00110010111
01101011011
10100110000
00101010010
11101011011
01100010101
01001110101
10111110100
10111011011
01110111011
00100100101
00001010001
00100001011
10111100010
10111100001
10000010111
11010110001
01110010011
01101110111
11000011011
11000011100
01110010111
10000011101
11111100101
11011001110
01001000110
00000010101
01001001110
00110111000
00010111101
00000010111
01010111101
00110000101
11001000000
11000011110
00111110010
00101000001
11100111110
10101011011
10111111101
10001110101
10110010010
10010100100
01001111100
00011101000
00000101100
10000010101
01101101000
10011100010
00010000001
00110111000
11110001100
01101011100
00111000010
01111100110
10011101111
00011110100
01100100011
00101000100
11001010010
11110011110
00010010101
00111111111
01111111001
10101000010
10010110010
10001101011
00000101010
10110111100
00101010100
11001111111
11000011110
01011011110
10010111110
01111010111
10010001110
01110111010
11010010011
10110100100
01111000110
11100000111
11000011001
11000111101
00001010110
00110010011
10101100100
00010000011
11100110101
10010110110
10101001101
10111100110
01101101101
01010011010
10001010011
01000001110
11010000010
00001111111
11101100111
01011011101
11110001000
11111000000
10111011101
11110010100
00000000000
01001110001
01001010111
01111001001
11110011101
01010000011
01001011111
11011110111
10101100011
01111011100
11000010100
10001111000
01100100111
00111101111
11010101101
01010010101
01001010010
01101010101
10101011100
00000111001
11100100101
01011111100
11000010100
11101100001
10101011100
01010001011
00000110011
01011001110
11001100011
10111101101
00100001000
00010011001
10110001100
10011010010
01011101111
10100100000
00001110010
11110111111
11010010111
10111100110
10101000110
00100010101
11111010000
00011100100
01110100011
11010010101
01001110010
11011010110
00111111000
00000111111
11010011010
10000110011
00000101100
00000111010
11101110000
01111100000
00110001100
00001010001
10101100010
11010111101
00010111100
11011101000
00010011100
01000110110
11101001000
00001011101
00100001110
01010100011
01100011011
10010000000
10010011100
01110011010
01011110010
11011000001
10000110101
00001001000
00110100110
00001010011
00100111000
10011011001
10000011101
00101110110
00011100100
10011100010
10111011111
00110001101
01100110110
10111110000
01010000101
10010110110
00011010001
00111101010
10111000011
00011000001
01011000101
00010011101
11100000111
01110100100
11100000010
01010111010
11111010100
10100100100
00000110110
11111011111
01101010110
00001100011
10000100000
10000000001
00010000111
10010011111
01000111110
10111100101
10101101000
01010100001
11001100001
10101111010
01100001110
00110010111
00010111001
01111001111
10101101110
10000100001
10000100110
00000001100
10011101011
00001100101
10000111001
10101100001
11110000001
00001000001
10101110000
00100101011
10011011001
00111101011
00101110110
10000111101
01110000101
11011000010
10011110001
00101011010
11011101011
10110001010
10101110100
00110111011
10000000011
01010111011
01010100110
10110101110
01001000111
11011100101
11010111010
00101110100
01000101010
11011111110
10111010100
00010010101
01000010011
01011111100
01010010001
00000100101
01110000100
00000001100
11001111010
10011101100
01101011011
10000110101
10101001001
10000100010
00100000101
01101101011
10100001011
11110110110
11011011000
10000000100
01010110111
11100011011
00010110111
10110011010
10001010100
10101011101
11101111010
00110010101
01100000001
00000010101
11101101000
00111100101
01010111111
11100110110
11110000010
10011011001
11111101101
00111011110
00110001001
00010010011
10101100011
00010110010
00111010010
10110001110
01001100110
01010010010
10101010111
00011111101
11110010110
01110110010
01101010001
00100110011
00110111010
01010110000
11101111100
10001011100
01010001110
11011101100
11111100010
11000101100
01111100100
11111111100
01011011001
00001010001
00011010010
00110101101
11111011101
10100100000
10010000010
11100110110
10010001000
00001011101
00000111011
01010111011
10010100000
01101111110
01111111101
11111110010
10111110111
01010011101
10111001101
00000100110
00000100001
11011001001
11001011101
10000011010
01010010110
01000001111
11101110110
01100000111
00011000110
11100110111
10101101110
10001011111
00011110101
10001001001
01101111100
01110111000
00001110111
01010001010
01000000001
00000010001
01010100110
10011011101
11011011010
01011100011
11010000001
00000011110
10001011101
11000010011
00100011010
11011010110
11011110111
00100111101
10100101001
11000000100
00110001010
10011001011
11011101111
01101110000
00111010010
10001101110
00100111101
10010000110
11011100110
01000011111
00101010110
11011110111
11110000100
01101110110
10010100110
00001010110
10100001100
01110100101
11111001110
01011011000
01000000000
00001001100
01000011001
11011111011
10101011001
11100010001
10001110100
10110101011
00100010000
00010010111
01011110000
01000000000
11101011001
10010000010
11110000110
00010111111
10010001010
10000101000
01011111000
10101001110
01011010010
11011000000
00110010100
11011110001
01101001100
11110111111
10110011111
10110111001
11011011111
00011010011
01100011010
11110010110
11111000110
00010001101
10011000110
10000111000
00011111011
00110000101
01100000001
11011100111
00100000100
10000000110
01110000011
10100100010
11101100000
01111100001
00010101011
10011010100
01110110110
11011111101
10100000101
01100110100
11011111011
01000011110
11010101001
10101000011
11010000000
00101101111
01000111110
00111000001
00011000000
10010011000
01001001001
00011011101
11000111000
01101110111
10110001001
00011110000
10000100011
10000000010
11010101111
10010011101
01011101100
11001000000
01101110010
00101010100
01001101111
01011001010
00010000011
11001100001
00111100101
00010010010
01101110011
00010011011
10001011011
10110110100
01101011111
00010100011
10110101000
10111001100
10000101101
10100010011
11110001111
00010110000
00001000000
10110011000
10100000000
01110101101
00000000001
01101110001
10101111100
11110011101
11001011000
00110110111
01001000010
01100001001
00111001000
00000100100
10101001010
10010101010
00000110001
00000010101
11001100111
11011100111
01111000111
01100111011
10011101010
10010000001
11000100100
11001010010
11111101101
10010101101
01100101101
10000110010
00111000110
10111001111
11100001010
11010101101
11111011100
10010101110
11011100100
01101011100
11100000001
00101001001
10110000001
00011001110
00000101000
10111110101
10001010011
11011110101
10110001000
10011011011
01100011001
10011101110
01100101101
11010010111
01000101001
00111100001
00110111000
01101111011
10111011010
01110101001
11100010110
11111100101
10100000110
11001100011
11001000010
10000001010
10001101100
00110001110
01110010111
10110110110
01111101000
11000111001
11101100101
10000000111
00110011010
01001001111
00110101000
01100110101
10101111000
01111100000
11000000000
00101001000
01000101001
00100101010
11111001011
00110010011
01101001111
00011101010
00110101011
00100101110
01000011001
01001011011
00100110000
10000100111
00111011000
10111000110
10000110001
10000110000
10010011100
00101011101
10110111110
10000101100
00110110011
11010010101
00000101110
10001010100
11100000100
00001011011
10001110000
01010110000
10001110001
11101010110
10011110110
00000111111
10101110010
01001010101
11011100101
11001001101
01100001100
10111000111
00111011011
11111000011
00110000111
11110110101
00000000101
10111001110
10011010011
10110001100
01011111011
00010010111
01000110111
10010110110
10010111100
11001011011
00001111111
00101111011
01110111001
10011100010
11001110100
10111000011
01001000011
00000111111
01010001101
00011111101
00001000000
11101110011
01011011001
10011011000
10110001100
11101111100
01100001011
00000100010
10100001010
11101000001
00101011111
11101000001
00001000011
01110100100
10111011100
10111000100
10001011111
11101011010
10100001000
10100100100
11011111110
10111110101
00000100011
10100011000
01010000010
10101101001
00000100111
11010001100
10010000010
01111000101
01000000111
11000101110
01101110111
01001010001
11110011010
11111011001
01110111000
11111001000
10010100110
10001101111
10000100101
00110111101
11111010110
10111000000
11000110110
10100000101
11101111011
01101011010
00011000010
01001001011
01011110101
00000001010
11000011101
01010111111
00100011010
01110010101
00001011110
00010001000
10011110001
01111100001
00101110001
11010111000
00011111101
11100101001
01100110110
01011011111
10100111001
11001111111
01111011010
00000000000
00000101100
00110011011
00110000011
01101101101
01100110100
10110110011
10110111001
01001111110
00011101110
00101001101
10101111110
00111101111
11110000000
00111111011
11011000100
11010110000
11111100100
10011111010
10001010110
01101110110
00110000001
10011110110
00011001100
11111100010
11001011110
01100110100
01100110100
00101011101
10111011111
10000011101
00101000100
11001000111
11110011100
10011110001
10101001000
11101011010
10010011101
10100000111
11111110110
01111101111
00111101000
01101101011
10100000000
00000000000
01111000110
00001000010
00100000011
10011101011
00010000001
11111000001
10100110110
01111000001
01110110000
11100111000
11001011100
11101010000
10000010010
11111101100
11011011100
10010100001
01110000000
00001000010
11011000010
01000100010
11100101110
11110111101
10001110110
01111000101
00101100001
01110000011
10001001001
11111001001
00010111010
10010111000
00110110101
10110011100
10011101000
11110101011
00100011101
00001010011
00111011111
10011011011
10101010101
01011110101
11011111111
00010011111
01010111101
10000000110
11110010100
10000001101
01100001000
10111110100
01101100000
01100100101
11101000100
00101001100
00111100011
01001111100
01010100100
10010010110
10110010100
00100000111
00011111111
11000100100
11011011011
00111110010
01011101101
00010101011
11011001011
01001111011
00101111001
00011100001
00111011010
10010010100
01110001111
10000111000
10001101111
00011010001
10001100001
11100010011
01011010101
01100000111
11101111101
00100000011
00100100100
10010110100
01111100011
00101001101
00110110000
01101101110
00110001001
00111010111
11100000000
01110001011
10011110010
01000100100
11100011111
10010111100
00001011110
10000000111
00000110000
01110000010
11110110111
00100010011
00010100000
10010001000
01101011110
11111010101
11111010001
11100011011
10000101010
01001001111
00010000010
01011101001
00101111100
11111100111
10011001101
01101010001
11000101001
10101001111
00100100101
01010001001
01110110011
00011100010
11011110100
01000110111
01011001101
00110111011
01000000101
11011000000
10111101110
11000011101
10111011001
11000010110
10110010000
01000110001
11100101111
10110111001
01111010101
00111111110
00111011110
11011010011
10001110011
11001100001
00001110001
00100010101
10001110111
00100100100
00110000111
11111101101
10000011111
01110000011
10001000010
01110111111
10000110011
10010110011
11110110111
01010100111
10111100011
00111011011
00011111100
10100110100
11110101001
00111000101
11000011001
10010010010
00001111111
11001000010
00001100100
00000011100
11000011010
01001011110
00111111101
11110111110
11001110010
00110000000
11110011000
10111010100
11011000001
11001101001
10111010011
11110001110
00001101111
00111011111
00010101011
11100001110
01100111110
01000110000
11100101110
00001101010
00101101001
11111100000
10111010011
01100110111
10101110000
01011110000
01001000100
00000101111
11001111100
11110010011
01011001001
01011000001
01000101111
10000111110
10111100000
01100000110
10010000101
11100001110
11000101100
11001101111
01111111001
00001111100
00000001011
01011010101
11111000101
11001001001
10101011111
00100100101
10011010000
01100101000
11110011101
10110110011
00010110111
11110010110
00101101001
00001011111
00001100010
00000111011
01010000110
10110000100
00000100011
11000011001
01100010110
00001010001
10100101110
10000111111
10111010001
11111110010
00110100101
11000010101
00100011110
11111110011
00011100000
10001101110
01101110010
01101110001
01101110100
10000111011
01110101001
00000010010
00101110101
11101001100
01010101110
00011100111
00101001100
11111101100
01111110010
01101000110
10000000000
00010101001
01100001100
10110101101
11100111010
11111000001
10101001010
11110110111
00011111101
11000111010
10111110000
10000110110
10110011011
10010011101
11011111100
00000111000
10010011110
01100011111
10100111001
11010001100
01100100110
10101110100
11010011101
01010010010
01011011010
01000000011
10000001101
00001101110
00001010111
11101100100
00010000110
10111011001
11110110001
00000010010
00101111000
10011011000
10100001110
11010100001
01001010001
00100111010
11010011100
11000000011
01010001001
00101000110
11111111111
11001011011
11001110011
00011111011
10110101100
00010110000
11011110111
11110000011
00010110110
10011010011
11111010111
11101011111
00111001110
10100010011
01100100111
01011001001
10010100110
00000101010
11001010100
10101100010
10100101000
01100101111
11100010000
11011110101
00000111011
11010011010
01111111011
00001111001
11001100111
10111010110
00011010010
00011010111
01111010000
10000000111
10011101011
10001101111
00101010010
01111010111
10010010000
11100011101
01110111000
11111110111
11000111001
10110001101
11000010010
01110000010
10110111000
00110010101
10110010011
11011100110
10111010000
10110111100
10101110000
10110010111
11011111010
01000001010
10010000111
00110011000
11010100110
10000000100
10110110001
01010000110
00011011010
00110000101
11100100101
11101011011
10111100101
11101100110
11111000011
00100111110
10111010010
00010011010
00110001010
11111111101
00001010010
11011010100
10010000101
11001100011
10011001011
01010110000
10010001011
01100101111
11011110110
01101010001
00001011001
11000011101
10101001001
11110001111
10001011100
11110011010
00110001010
10000100000
10001100100
10111001000
00100011000
01001101001
01110010000
01000101100
11100000001
00001110111
00101001100
11000001010
00010000011
01110011000
01100010100
00110011000
11101101010
10101111011
00001011000
11101011100
01001110001
00010111111
00110010111
01111110110
11100000010
01010101111
01110011101
11001101011
10000000100
10110101011
01011011001
00001000010
00000001110
00001010000
00000111111
00100001000
10101100100
01010111100
01011010011
01110100101
01001111011
01111010011
10010010010
00010000110
11010110110
10111011111
00101000111
11100010101
01001101000
00101010110
10111000101
01111010100
00110010110
10100101011
11011010011
11100000111
10001010101
00011010101
10011101101
00010110110
01110101100
10100100101
10111000001
01110100101
10011011001
11011001011
00110100001
11011011010
00011010111
01110111100
01101100001
11011001001
11011010000
10110000110
01110001101
11000001010
00000101010
11000100110
00010100110
01110100000
11101110010
11110111110
10000101001
00001111011
00001110011
10101000010
11101011001
10010010001
01100011110
11011011010
10010110010
10010001011
00100000000
01010011010
11111110011
10100000101
10001101001
00100001100
11101001010
01000011011
00001100001
01110011101
11110010000
00010001000
10001110100
11100111110
11000010110
10011111011
00011101100
10101100111
01101110000
11100110101
00001100111
00011101110
00010000101
01000001011
11111001000
01010101011
00000001100
00011100110
00101101100
11100010010
00100000000
10010110011
11100100111
01100011110
00001011001
01111101101
10010010111
11000101001
10100100111
00100110110
10011101000
11111010010
01011001110
10011010000
00010110101
01001010111
11111001011
10010010000
11111101011
00010110001
10000100101
10111000110
10011111100
01010000001
00001000111
01010011001
11010000110
11110101101
00001001110
00101100101
11110110011
00110100000
00101010001
00000010011
11110110100
01010111110
10000000110
11000001000
00011110111
11010111101
00111000111
00101101010
10000101011
10110110001
01000010010
11010001111
00101100010
11111010111
11011110000
01001111110
10011000001
10001000100
01010010000
00011111100
10110000000
10110101001
00000010011
10111000000
10111110000
10111011011
11101110100
11011010001
01001101010
10110101000
00010001111
11110101011
00110010110
01111111101
01011110000
00111101011
01001101010
10000001100
11101010000
01011110110
01011110010
11101101111
00000110101
11100111101
00111001011
11011010100
01111001101
01111101000
11101110000
10000000011
00101010000
01101100110
11100111101
10111110011
11001100001
10101011111
01110111111
10110101001
10000111100
10110101101
11010101001
10001011000
11111101010
01000010011
10110111110
10110010000
01011100001
10110100111
10001011001
11101111110
01100001101
10011001001
01010100111
01110101101
00010110101
11011101111
01001100111
10111101101
10001111110
01110001100
11100001000
10011100111
11100000011
11110111111
10011101111
00001110000
01101101010
10011011000
01101100101
11001011010
11010100101
00001011101
01101001101
01110100110
00001110011
01000010100
11000100001
10111111010
00110111111
01110011011
00110110110
00011001010
00001111000
11110000111
00111000001
10110110110
01101111101
10101110101
10010111101
10100010001
00100111001
01111101111
00001010011
11010001010
00111000010
00010101110
00011111001
11010001001
01110101011
11001100011
10011000100
11001111101
00111011011
01000001001
11101100100
01111101110
10110001000
00011000101
11111110011
10101111011
00101010111
11100011111
10101001001
10011111101
01001111011
01100001001
01110100010
01101110011
10100011101
01000111110
01101111010
10110011100
11110000111
11110110110
01010100011
01101010001
00000110110
10100010100
01101101011
11001100111
00001010110
00100110100
00111000111
10111100001
00001000101
00100000110
01110100011
11111100010
10000000011
11100111010
11001101100
11001010001
11111010001
01100011011
11100001101
10010001011
00101111010
11001100010
00111010001
10101110111
10000001100
10110100000
10110100110
01001001101
00011011100
11011010111
00011010011
10100101111
11000011110
01001011110
00011000000
10110000100
11011001000
11100110010
00001111001
00110000110
11111101000
00110010101
01111011101
00111111101
00111000101
11110111001
01111011110
01101111111
01101101000
10111011011
11111001111
00011100110
11101100110
00000001011
01101101011
11001101100
11010000011
11100011011
11011001001
10010101101
00110010101
11010011000
00010001011
11100110000
11010000111
10000001000
10100101010
11101011111
11110101111
10001111010
00100001111
10000100100
11001100000
11001111001
10110110011
10110010011
11111111110
10111001011
10110110100
11110011110
01101010000
00001011110
10110000011
11000110011
00101111011
10000101110
10100101100
01111110000
10100001111
00111011010
11001011010
10001101010
01101101001
11001010101
11111110001
01101000100
11101000011
00011111110
10100011101
11111101110
10110110111
01110101111
01100111111
01000000001
10001100000
10010011010
01010000100
11000010101
01001110000
10111110001
01101000101
11110001101
11001000000
01000100011
00010011110
00100010111
11000000101
01111111001
00001111101
01111100101
00000001001
01110001011
11111101011
10011100010
10000110001
11111110100
10001001001
11110011100
10010111111
10011011011
01111011101
00000111101
00100001001
01101111010
01110010011
00011010001
01101000111
10001010000
11011011101
01111001100
01101010010
01100010100
00111000011
01010001100
11010100010
00110110010
10100101001
01100011111
00111100101
10111110001
11110100111
01000000101
01000100101
01110110001
11101100111
10111100011
00001000101
11101100110
10110011011
10110000100
10100010110
11100010110
01101001100
00000010110
00110101110
10011101001
00111111011
11110101100
00111100000
01111111011
01100001001
11010011010
00110111011
01000001110
11001100101
00111110011
00111000100
01001110101
11101010011
01001101011
10001111100
01100111000
11110110010
00101110100
01110001111
10010101010
11010000110
01101011111
11100101000
10011101110
11011111000
11111010010
10101010111
01000111011
00100101010
11011100111
10010001000
11010001010
00110111101
01110110011
01001011010
00011001110
11101110110
00011010001
11010001010
11101101110
01101110100
01110111011
10110111101
10000111001
10100110010
11100001111
11110001001
11001001110
11111111001
11110011101
10000010010
00000001011
01001010111
01101101000
10111011000
10100100010
00110010011
00001110011
11100110111
10011110111
11010110011
00110111001
10101101011
01011010001
00011110010
11010100111
11011001000
00010101100
01111110001
00111101111
11011011001
00011100100
10100011001
00001010001
11100111000
00000110010
01000010101
11001010001
00100111001
10100111011
11001101010
11110100101
01001110100
00100011110
11011111100
10101111110
00000100110
01001011011
00100110111
10111110000
10100111100
00110000110
10010010110
10010010111
00011000101
01001111010
00000001000
10000100011
10011101101
11101000100
10110011000
10110011101
10111010001
10011110010
01100000000
11001000010
01001000010
01000110001
01101100101
11010001100
10110110110
10000001010
11000010000
00010110010
00001100001
11011010010
11001101000
10111010111
11011001011
01011100000
10100110010
01111011100
00100000110
00001010001
11011100000
01110111001
11000011101
11111110111
01101111101
11110111001
00100110110
01000100101
10010101001
00111111001
00010001111
00010100000
01100001001
00100111110
01010110101
10111100101
10111010110
01001101010
00010000100
00010001011
11111100110
10101011111
01100010011
10011101101
01110001011
10101101101
11110101101
00100100110
10000110011
10110110000
11100011000
11110111101
00010110010
11000100010
00011000100
11110010110
01100110111
10110100000
00101100001
01011100101
11010000101
00111101001
11100100100
01001111011
01001111100
11000000010
10100010011
01101111001
01111101110
00111111010
11010101000
00011110011
10101111101
01111110010
01000001000
10111001110
10000011011
00111101111
00100100110
00100011100
