10011000000
10001111000
11010100000
00101011000
10111010110
10011100010
11000111110
00001100000
00101011010
10100000010
00011100000
11001111000
10100001110
11111001100
11011011110
00101110100
01111011000
10101001100
00101000100
01110011010
11100100110
00001011110
01011010010
11110000100
11000100100
00101000100
01111111000
00011101000
11010010100
11110011000
10100000000
11100100010
11110111110
01011010110
11101010000
10010110110
10100101100
10101010110
01110100100
11011110000
11110111110
11111101100
00111110000
10000111000
11111100010
00010000100
10001011110
11001001100
01100011000
00000010010
11011010110
10011111110
01001111010
01111101000
11100010010
00101101000
10011101110
01011011010
00011010000
10101101010
10110010100
01011111000
11101010000
00111000000
10111101100
11011010110
10101110100
01111000000
01001101010
01010101100
01010111000
00011001010
10010000110
10010010110
10110000000
00000110110
10110101010
11010010110
01010001110
00110000010
01100000000
01111000110
00011110110
10010110110
10000001100
11100111100
10001011110
01011011010
11000110010
00110011010
01101110100
11110101010
11100001100
11011111110
10001101110
00111111000
11000011100
10010110100
01101110100
10100001010
00101110100
01100110100
11101101000
00001110110
00010110110
11000111100
00101001010
10101111110
01001011010
11111101010
00010000110
00101000110
10101111100
01011010100
11011111000
01010100010
01010100000
11010111100
10011010110
10111000000
10110000000
11011000000
00010011100
00100010010
00101110000
01111101100
01111010110
00001010100
00111010110
00100010100
10011100110
11000110010
11011110010
00110011100
10110001010
10100101110
11110010010
11101101010
01101100000
11011110000
01000001110
10111111000
11101111100
11010110110
10000101000
00101110010
11101001100
11001011110
10110011010
00111000010
01110110110
01000111010
00001001000
10011010010
10000000010
11110001110
11011111000
00011111100
11101111000
10100101110
01001010110
00100100100
00001101010
10001011100
10011111000
11101011000
10101000100
00011100000
00000100100
11111001010
10010000010
00100000010
11000110000
01110001000
11011011110
01011011010
10100011100
11000001010
11111110110
10011010010
10110101100
00101110010
00011010100
11110100110
11001110010
10101011100
10101100000
10101000100
11000010100
10001011000
11110001010
00011110000
00100011000
11100011000
01111011000
00111111110
00100001010
10110000010
10010010110
10011000110
01110100000
10011111000
00111001000
01010111110
10110110110
00100100000
00010000010
10110000100
00010000110
10101111010
00011000010
00011100010
10101001010
10100111000
10000011000
01000110100
01011001100
01010000000
00111010100
11111100000
11010011100
00100110100
10000010010
11001010110
01010111000
10010101000
00101010010
00010110010
01010101100
11001010110
11010010110
10110001000
10101010010
00100001000
10010000000
01001000000
10001100100
11101100000
00111111100
01010001000
10000110100
10101010100
11011101000
10111110100
11111001100
11000000100
01111010010
11010000010
10011110000
00101011000
01000110110
01011100000
00101000110
00000001110
10100100010
00100010100
00110001110
11000100010
11010110110
01111000000
01001011110
11011011000
10100101100
11010010000
11101000100
11101011010
10011111000
10011100010
00100101010
11100001000
01110101100
10011111010
10101011010
01111101100
00100001100
10111101010
10001000100
11010010000
00111011010
11000001000
10001010100
10101101010
11010110000
11100101100
01100011010
00110000100
00001101100
00000101100
01010111010
01100101010
01001011100
11111001000
10001101010
00011110010
00010100110
11010010100
00100011100
11000101110
11110011010
10110101000
11110101110
00010010010
00000000010
00110010110
10010001000
01100000000
11100111000
11011100000
01000001010
10110000110
10111111000
10011010000
00001100000
10111001110
01001000000
00101000010
00011011010
10000101000
11110111100
10111101110
01111110110
11100001100
01111010100
00011100010
10101010110
00101111010
00001110000
00110011100
11110101000
00100011000
11011101110
00101100110
11010011100
00010101010
01001000010
11011101100
00110111010
10100011000
11101111100
10111000110
00100001110
01111110010
00000111010
10001011110
11100110010
10111011100
00110100100
10100111100
01101110010
01011110100
11001100110
11000110000
00100010100
01100010110
00101011000
00010010100
11101100100
00001101010
11110111110
00110100110
01100010000
10010110000
11000101110
00000111100
01111110110
00011010010
10000011000
10111011010
11000101000
11001001110
10100110110
01001011100
00001101000
10111101000
10011101010
11000010000
01011101100
01100001000
01101011000
11011110110
00001010010
11000101110
10111101110
10110011110
11000000010
00101110100
11001111110
01010100110
01110000010
11000111100
11100100100
11011100010
00111010110
11011011010
10101010010
00011111100
01010011100
10000010110
11000101110
01001110000
01011011000
11000011000
10110001000
00000010110
00101100000
00101111000
01100100010
01100011000
10110010110
00011101000
01011000010
01111000000
01110111000
11111001100
11010110110
11000101010
10000110010
11111001100
10110110100
10110010000
01101010010
01010011000
00011110000
11000001100
01101011100
11110100010
11111101010
11000001100
01011000100
01101110110
00100011010
01100111110
00011111110
01011110100
11100010010
01000101000
01101111100
10001011110
10101111010
11100010110
11010011000
10001001000
01011101100
01110010110
01111111000
00110100010
10101101000
01000011110
00101011010
11011010100
01100000100
00000101010
00011000110
01010001110
11111001110
01010100010
01100001000
10000100100
01000111110
01111000100
01000010000
10100001000
01111100100
10110101110
11111110000
00001101110
10111111110
10001001110
11011010000
00010110110
11011110100
11110100000
11100111110
00000010110
00100000010
10011111000
01101101010
10001100110
11111010000
10100011100
00000101000
00011100010
10011101110
00100110100
00010110110
01011000110
10110010100
10110111010
11011100110
01011110110
11000110100
00000010100
01111010010
11001101010
10001011010
10111100110
10111010100
00001010110
01110110010
00110000100
00010111110
11010101110
10111011010
01001110100
00000100100
11100001000
00011101000
01111100000
00000001000
01011111000
01110101000
10011101000
11101100100
11001000010
11100101010
11001001110
10101111100
01101011010
01101100010
01110111110
10001101010
00110111000
10011000000
01000111110
00001011000
10011101110
00001001110
00111011010
01011000010
00010011110
10001011010
01111110010
00000111000
00101101010
11000010100
10111101010
00100011100
00100100010
10110111110
10010100010
10010000100
11101100110
00110111110
00010000000
10111101010
00001010010
00001000110
11001111100
10101100010
01011011010
11101101010
01001001100
01001011010
01010100100
10011110000
01011000000
10101011100
11101111100
00000110010
00011100100
10101000110
00101000010
01100011110
11100001100
11001001000
11110101110
10101101110
11111010100
10010100100
01010011000
01010100000
11010010000
11000010010
01100110000
00001010110
01001001100
00111100100
00110011100
01001110100
10111100100
11110000000
01111001010
10100001100
10011100100
10010001100
00001111010
01001001000
01111101000
00010101110
00000100000
00110001010
00101101110
01001101100
10001111000
01100011100
01001011110
10110000010
01101111110
00100101000
10111111100
00110100110
11011010000
11010101000
01001111000
01010000010
00011110110
00010011010
10001011000
00111111110
11011111110
10010100110
00011101100
01011010000
01111101010
11001011010
01011010010
00101100000
11001010010
10111001100
00001111100
00110111000
10010010000
00110001000
00111010010
00011010100
11011001110
00010001110
01101000110
10111100100
10010011000
01011111010
01101010110
00000011000
00011001110
10101011110
01000110010
10011101100
11000011010
10010110100
11111001010
00001000110
00110001110
11010110000
01011101100
00001111100
11111001110
10011001100
01111011000
00110000100
10111010010
00101010100
10011011110
00111110110
10100010100
00011011100
11011110000
10011001100
11110000010
00001000000
11000001000
11011001010
11110000100
10010010000
11001101000
01110100110
11101111000
10011001100
01111010110
00111001000
01001110110
01010011000
10000110010
11100011100
00101010100
10010110010
11111011100
00011000010
11101001100
10100110110
10100000110
11100110010
10101000100
00011001100
00010110110
11010100000
11110011110
01001001000
11111101000
10110110000
10011010010
01101101010
11101011100
00111100010
01100001110
01110011010
00110100100
10000011100
00000101110
10110000000
10111010010
01001010110
10001100000
00110101110
01010110010
00101111000
00111110000
10111101110
10010010110
01010001110
00110111010
00001000000
10000111110
10101001010
11100110110
11100110000
10110011100
01101010110
10111100010
10001001110
01011001010
11000101100
10101000000
01000010100
01001111010
11110100000
11011000100
10110100000
00100001100
10000011010
00100111100
11010010100
01100001010
10111101000
11110011110
11011010000
01111100100
10000001100
00010000110
10100010010
10010000110
11100101100
00111101010
01100101000
10011100110
11110101110
11111000110
01110111000
11110110110
10100100000
00101001100
10100001010
01100110010
01010111000
10111101010
10111010100
10111100110
11010000010
10110000110
00110011010
00000100010
01100111000
11011001010
11011100010
11000110110
10011000100
01010001100
11100000010
01001001000
01100011100
10111000100
00010011110
01111101010
10000101100
01110010110
00000001110
10111110110
01011111010
11001110010
00000101110
00011101110
01000001000
00110010000
10000000010
00001100100
00010101100
00011000000
01111000000
00110000010
11111110000
01111001110
10011011100
00111100010
10101001110
11111111110
11000000100
01101001100
01100011100
01011101100
00111010000
00110100110
01111101100
11000010100
10001110110
01110011010
10000101010
01101110100
11001000100
01010100010
10101010110
01100111110
01101110010
00000111010
01100010000
11000101010
01000100010
01000011010
00000100010
11110100000
10110001010
11011101000
00010011100
11000101010
11101110010
01100110010
00010100100
00010001110
10011010110
11111110000
00001101100
11010111100
01011100000
00101110010
11001111000
01001100010
01101010000
11100010100
01111100000
00110010000
10101100010
10001011100
10111100100
01011101100
10111110000
11010100000
10011000000
00001011000
00010010010
01101011010
01111110000
01100100000
00111011000
11001100110
01100010000
01100010010
01101110100
11010100100
01001111110
10100110100
00110100110
00111110110
11110110010
01100110010
00000110010
00100000110
11001101000
00011010100
10001111110
10011000010
00001000000
10111011110
00011000100
10100001010
00101110110
01111101010
10000000000
01111010100
01001001100
10100111100
10011011010
11111000010
00000011010
11110111010
11001011100
00100110100
00001110000
10010000100
01100011110
00100001100
00100011100
00101110000
01001010100
01010111100
10110100100
11000000000
11011101100
10100001000
00100100100
00010111110
11001001000
00011110110
10000000100
01001100100
10111100000
01000001000
10000100110
00000000110
01011000110
11011011110
01101011110
11001100110
10111011110
11011100010
01110001110
11011100110
10011001100
00100010000
01000101110
00101001100
01011000100
01011101110
01111101100
01001011010
10111101100
01011100010
00000000000
01110111010
10111011110
01100111010
01011111000
10100100010
01000011000
11001100010
10011111100
01101000110
11110001000
01101011110
01001110010
10111011010
11010111000
01110110110
01100100110
10100001110
00000101100
10011011010
11111100100
00011100110
00001011110
01010001010
11111101110
00001010000
11101000000
10111111000
01000011100
00010110110
11011000100
01111101010
10010011010
01011101000
01101000010
01010111100
10000000010
11011110000
00000001000
10000111100
00011000000
10001111100
00110010010
01101000110
01100010000
01101010000
10100000000
00110001110
11110010110
10000000100
00001011000
01000001000
01100000010
10001101110
11101111000
11101100110
10111111110
10000101000
11001100000
10110111110
00010000100
00001001100
11000001010
00111110110
00100000000
10001110100
00011111010
10110001000
11001110110
11010110100
01011011000
01101100110
01100101000
10101010010
01011001110
11100011110
10011010000
00010111000
10000001010
01000100010
01101100000
10101111110
10011100100
00010110000
11111101100
10101111100
10100010110
10110111000
01010000110
00010011010
01010111010
11000100000
00111000000
11101111100
10110001000
00110100100
01101001000
01110100000
01110110110
00010010010
11001010010
00000000100
10001010100
01111001010
10110110010
01111011000
00000101100
11101000110
01100001110
10101010110
10010110110
11110100010
10111011000
00110010110
00001110000
00100111010
10011100010
00011000010
11000000010
00001110000
10111100100
01110100010
01001001100
11011101100
11100011110
11010111000
11101110110
10000101000
10010101000
00110110110
10010001000
01001001010
10101101010
11010011100
10001111000
11111101010
01100111010
01010010000
00001001100
01001101110
01110111100
01111101010
01101000100
01101111000
10001111100
01100101110
01001110000
10010000010
01010010100
01001011010
01001010000
01010101100
10001001100
10110101100
01001100000
11011010010
11101111000
10100100100
10000000010
11110100110
11111011000
11111000100
00011011000
11010010000
11011111000
11101011100
10110001110
00110001100
00111011100
11101100110
11101010110
00001011010
11110100000
11111111010
01100011000
00100011110
01101000100
00111100000
01111110010
11011101010
01110001010
10001111000
01100110000
10101000110
00100011000
01011010010
11010110110
10001001100
10110100100
11100111110
01011000110
00100110000
00001011100
00000010110
00100101000
11111110000
10001001110
00111000010
11110110100
00000110110
10001001000
10010010000
00111010100
11001110010
11000000000
00100010010
01100011110
01010101110
11001111000
10110111000
00100100010
00100001000
11100110000
00010000110
01010010010
10101101010
01101001100
11010101010
01010001110
10010011100
01011010100
00010010000
01000111010
10100110000
11010000000
00010100010
10101100100
01101100010
10110001010
00000100000
01111000010
10000100100
01100000100
01101011100
10111101110
11101101000
01010110010
10100011110
00101001100
00111110010
01100101100
00100111000
00101010100
10111111110
11101101010
10101010000
11010001010
01100010110
11100000010
01101110010
01011101010
10000010110
10000111110
10011011110
11010000010
01001000100
10100111000
00100101100
00101010000
00100010010
00100000010
01100100010
01101010010
10101111100
01100101010
01000001100
10100110000
10000110000
11101101000
11011010100
01111000100
01101101000
11001001100
01101111010
10011100100
10111101000
01111010010
10100111100
10000010000
01000011010
10001001010
11000100010
11001000100
01101000010
10110011010
00011100010
01101101100
00101111100
01111000100
10101101000
00011000010
11010011100
00110001100
11000100110
10010110100
00000000000
10010011100
10000110110
00000011100
01100010010
00101111100
11110100110
01110001100
01100111010
11101011000
01000110000
01000011010
10101001100
01110101100
11101010000
00001111010
00010100110
10110101000
11001001110
10001001010
00101010000
00011001010
00001000110
01000000000
11001110100
00000010000
10011111010
00101011100
11010010110
00100010100
00101110010
11001011000
01100101100
00110000000
11001010100
10110111000
01111111100
11100101100
01101001110
00110100110
11110110100
01000100010
01101011000
10000011100
10110100100
00111001100
00010010000
10101101110
01011101100
00100000110
00100110000
11001111000
01011011000
10111010100
10000001100
01101010100
01010000010
11101010000
00101010000
11010010000
11000100000
01100111100
11000111100
11010001100
00000110110
11100001010
11111000000
00001110000
01100010110
01011001110
01111100010
00001011110
00010010000
11110110010
01100010000
11110011000
11101101000
11011100000
10010011100
00000100010
10101010000
00110100010
10100000000
00011001100
11100101100
10011001110
01000011110
01001101110
00001000000
00111000000
10100100000
00001111010
10011000110
01101011010
00100011000
01101000110
10000111000
01010110110
01011000100
01001111010
11000010100
01111100000
00001110100
10011010110
00101101110
11101001000
00111000000
11000000100
10110110010
00011100100
01100011110
01110001000
01110001110
00011010000
00011101110
11000001010
11011000110
01110111110
00010000100
00111110110
01011111100
10011100000
10011010100
11001011010
00000100010
11110011100
00000101000
00011101100
01010111000
01100101000
00010110010
10001111010
10110000110
01001011010
01011100100
00111000010
00100111110
01100001010
10100111100
00011000000
01110011100
01000010010
10101011000
10011001110
11111100110
01110001010
11011111010
11110110100
10011011000
00111111010
11101100000
11101100100
10000111000
00110111010
01100101100
11100001010
01000000110
01110101100
00000010000
11000000000
00110100010
01101111010
00010011100
00111110010
01101111000
00111110110
11001011100
01100011110
00010010000
10001001110
00000111110
11010001110
11010110110
10111100000
01101100010
00100000110
11001101100
11011010010
01111110100
11100010000
00011100100
01010101100
10111000000
11111100100
10111011000
00011100000
01100101100
00111000000
11010010010
10011100000
10001011100
00001001100
10010010100
00111000010
11010111100
10010110000
11000011100
01011000100
11001001100
10110100100
00111001110
00110100000
01001011100
11110101110
11001000100
10001110100
00111001010
01100101000
01010011000
10011011110
11010011000
10110011100
11100001110
00101100110
01100000000
10111011100
11010011100
01100001010
00111111010
11010010010
10010001110
01000001100
00001100010
11011010000
10000100110
01111000100
11011110100
10110011010
00101101010
01101111100
10110010100
10111110100
01001011000
10110010100
10111010010
10000010100
00100011010
00101010110
00011111110
11111110110
10011100100
10010010110
01000110100
00110110010
10110110010
01111110000
11011111010
01111110000
01011110000
10001100110
00111011000
11001101110
10011001110
10010110010
10110110010
01000001110
11010000100
11111000100
10010111000
11010011010
10011110000
00001011000
11001111100
01001010010
10111010100
11111100010
11001110100
01001100100
00000101010
00000101010
11011001010
10001101110
10010101110
10011110110
01110011110
00101001100
10001001000
10000011000
10010110000
10001111100
11110111110
01100000110
01111100110
10101100110
11011100000
10010011010
10100111110
11100110110
00000110010
01010010110
10101001110
01100101110
01001101100
11001110110
01010010100
01001001000
11111111100
10100100010
11011101010
01011011100
10101011110
11110011000
00101111000
01010000100
01101001110
11010111010
00110000000
11100000000
10001100100
10111000110
00110001010
01010111000
10000101100
11111010100
11111110000
01110111010
11110100100
10010010110
00110110100
01011100100
00011101010
11101011100
01011001100
10010111000
11111000000
10110100000
00010011000
11101010100
11011110000
01000100110
00101101000
00110101100
00011000110
10101000100
01100110010
10101010100
01001111100
11000001010
01011011100
01111100110
01110110010
10101001100
00110010100
11100010010
00000011100
01110100110
11100110010
10000000010
01101010110
11010000100
01100111100
11100101000
11010000110
11011011100
10111110100
01011111100
11011100110
00011101110
11000110100
01110110110
10000110000
01011101010
00101010010
00010101000
11101100110
01011101100
00001011000
10100010000
11010011100
11010111000
00001010010
10100000000
01101010010
10011101010
01101111000
11001001110
01010111110
00010000010
11011101000
11001001100
10011110110
00010001000
00011111010
01011010000
10111101010
01010100100
11011000110
00101111100
01110001100
01100101000
01011100100
00001111110
10011101000
01100110010
01001101110
11001001100
00000110100
00110111100
10010011100
10110111110
10100011010
11001010000
11100111100
10011111100
01000001110
10001011000
10111101000
01001000100
01010101100
10000100110
00000001100
10101001110
11001001110
10010001000
01100110110
11001111000
01110101010
10001010110
10011101100
01110100010
10011001000
11100011000
01010010110
00101011000
01111100010
01010101100
00010110100
01110111010
01101001000
00000111000
00000111110
00101001010
10010101110
11110111000
00101100000
11101011110
10011110010
01001000110
01010000000
10100011010
01111101010
10111000110
11010110110
01001010000
10000011110
01010001100
10111111000
00110111110
11010010110
10110001000
01100100110
01011001000
01011111010
00011010000
01101100000
01111001000
00000001010
10001001100
10100100110
00110110100
00011000000
10011111010
01011010010
10001110000
11100011010
01110101010
10001001100
01011101110
01100000000
10000110110
10100010100
00110111110
00010010100
11101010100
10011010000
00111101000
01111100010
11100000010
10111011100
10000101110
10001100100
11010000000
00100001100
11100001010
11100111010
01101101110
00001011100
11100110110
01110010010
10000110100
11000001010
11110010110
00000000010
10000001000
10111001000
00111001110
01011110100
10100010110
01111111110
11100010100
00111001110
11110010000
10111010000
11010011010
00001010010
11010111010
11100101010
11101010100
01111111110
11111011010
00000000000
10100101110
10110100100
11001000110
11100001110
11100100010
00100010010
01111010000
00001010110
10110110100
00011010100
01101101100
01001010000
00001011100
11011011000
11100111000
10110000100
00001001110
01011101000
00010100110
11111100100
01111001100
00100111110
00000111100
11110100100
01001001110
10011000000
10100011010
10101010010
10110011100
11101001000
01100010000
11111010010
00110111000
00000111010
11101111000
01111010110
01011111110
10000011010
11100000010
11010110000
01100101000
10010100100
00101111110
11110101010
11101100010
01100110110
01001100010
00111000000
11000001100
10000110000
11000001010
11011000100
01100001110
11111110110
01100101000
01011010110
01100010010
11010001010
01100010100
00001001000
10111100000
00010000100
11010011110
11110011000
11001010010
00111110110
01100111110
10101000110
11101001100
00011011100
00100111000
01110100100
10100000000
00010000100
00100100000
10100111110
00110100000
00101001000
10110101000
11000000000
11001001010
10110110100
10001101100
11101111000
00011000110
00100101010
00100011010
01101111010
11100010110
10001001000
11101011000
00000000000
01011100010
01010000110
11001101010
11010101110
11011100100
01100111010
00000111000
11000010010
11111100110
01100100110
10101111100
00100101110
00011010110
00111111010
01111001000
00110001010
10000001100
00000010000
01000001100
11111010010
11111101110
10010110000
01011010110
01110111000
01000010010
00110001000
01011100100
00111010010
11101100110
00100001100
11101101000
01011101010
00111001100
01110011010
01011001110
00110010100
01000011010
10110110000
10110111010
01100010000
01100110110
01101111000
00110001000
10011010000
10001010110
00011010110
10010000110
11011011100
01110111000
10011011100
10110100100
10100111000
00001100000
11000100010
00010110000
10111000000
01101111100
11111001010
10101101110
00101001110
10011001010
11101110110
11110011100
11000010010
01100100110
11001001000
00101101010
11000000010
00010111000
00100111100
00011110110
01110111010
01011100010
10111111000
00010000010
00011010000
00011011100
00001101000
11000110000
10010001010
01111110010
10110111000
11100000010
00100001110
00000000000
00001010000
11101101010
11101010010
11010010110
10011001000
01011111010
10101100110
00000001000
00001011000
10001101100
10101101000
10011100110
11111010110
01111001100
01101000010
01011101000
10001001010
00110010010
10101001100
11110111110
00110101010
10001111110
10111001010
00110111000
00010000100
01111111110
11011110110
01110011110
01110101010
00001111100
11110110100
11011011100
10100110010
01101111100
11011000100
11111100110
10100101000
10011010000
11011111100
11100011000
01010111100
10011101000
01011001100
00001011000
01000101010
11000001100
11101110110
00101011000
10110111010
11011010000
10101011110
11101001010
00110011110
10001000000
00011011000
01000001100
11001111100
00010101010
00011000010
00000011110
11011110110
10010010110
10101011110
01011000000
10010011100
10100000110
01100010100
10101011000
01110101110
00111011110
11101100100
01101101100
11110001100
10110111010
11010110100
10001011010
11100000110
10111100010
00110111110
01010111110
10000101110
00001100000
10101000000
01000101110
01101100110
10101110010
11101111110
10000010000
00010111100
00011100000
00010100000
10101110010
11000110110
