01000001010
10100000001
00010110111
00010101100
00110111110
11000001011
01110000000
01001101000
01010100110
00110001110
10100001011
01011000010
10111101111
00011011010
01010110110
11100101101
11101000000
10010111000
10000111001
01110110010
10010001111
10011110101
11010011101
11100011101
00101110011
10101101101
00100101101
00011000101
00111011101
10101100000
10101101100
01110000110
11011000111
11101000000
11100000101
00110100111
11000001000
11111111110
11010100100
10010111100
01001110111
10111011101
10100110010
11000011101
01101111111
00000111010
10011101010
11111010100
10110111011
10011110010
11001110110
00110110101
01010000101
01111010001
00100010100
11110010001
10100010101
11110100010
10100011100
00100001101
11001000101
00101011110
01110111010
00101000010
11011010110
11110100101
00000110101
10001011011
01110100111
11000011001
00001111001
10110100110
10000111000
00110011001
10100010011
11110011011
10110110100
01010101011
10000111001
11111110110
00001000010
00010110010
10110100110
01010110000
01100111101
01010010110
10110110001
00101001111
11010000011
11010101011
00111000010
10010111101
10010110001
11010001100
10001011000
01100000101
00000010101
00111000011
10110000010
11110010100
00111101000
11001000110
00010011111
01010101001
11111100001
11001010000
01011101001
00000000011
10000011101
00010011111
10000101000
00101000011
00000100110
10011111010
11010110110
01010011011
11001011110
00000100110
00101111100
00111010101
10000101011
01101110100
11111111000
01110010010
11001010000
01000011101
01100110010
00110100101
01000010011
11010111100
10100011000
11000010101
00010111111
01000110000
00100010010
01101111000
01111101011
10011100100
11001011001
10100110000
01100011110
10000001100
11010001101
01101010010
10110010010
11110100110
00011110000
01010011001
00010100110
11110110110
11000110001
11111010100
10011101100
11011010101
11101010100
11010110011
10000101101
00110010100
01011011000
11101011110
11110100011
11011010110
00010110111
01111101010
10100110000
10000000100
01001110101
10000001111
00011010100
11101011001
00100001010
00001110100
00000101101
11001010101
10001000000
11101011101
10000100001
01101110010
11111001010
11111111001
00011011110
01011101101
00001110001
10110111010
10011011010
00110110110
00010001011
01101101111
10110000001
11000010100
10111101110
11001110001
11101000100
00101101001
11001011111
11001100000
11000100000
01111110011
01110101000
10001010101
01101111000
10010000000
11110001111
10000011000
01111100101
10101010110
11101011101
00101101011
10000100010
01011011101
01010000001
01100110110
11111001010
11110100110
10101101110
00110000110
01110000110
01111111100
10101110101
10001011000
11101110110
01011111011
01110110101
00101010001
00100100111
00000001100
10000101111
11011110101
11111000101
11101010010
10100011000
00111111110
10111000100
11111001000
10101111011
01111010010
10010111100
10110110101
00010011011
00010010100
01011000010
00000011010
11000011000
00101100011
00001100100
01010100000
11111010110
00011110011
11001010010
10100001100
10110111100
01100010100
00110000000
11010110011
00010100101
00101010101
11101011111
10001101110
10100110010
10100100010
00111010000
10100110000
01111110111
00110000110
11111011000
10010010000
00110011011
10011111100
01010101110
11100101010
10011000111
10000111001
01010100010
00001100010
11111000110
10110111010
00100110110
11101000011
00011011011
01110111100
10100011110
10000011001
11000110010
01101110010
11011100000
01111001101
11111010000
01111100110
01010000011
01011011011
00110100000
10101011100
01010111011
11011111011
00000111111
11100101110
00000110101
01010100111
00010011000
11001110110
10111111001
01011011110
01001110010
00110110100
10111000010
01100010100
01010111111
11000110010
00000100000
00010010010
10111111101
10000111110
00000000110
10110000000
10000011100
10001011100
11101000100
10111100000
10101111000
00111111011
10110100000
11100111010
00110001100
10101001101
00100001000
01101010101
10110010100
10000010100
00101011011
00101111011
00101010111
01110010100
10111000101
10100101101
11001100100
11010111001
11100100000
01011000010
11100001011
00000111100
00111111110
00000001011
01011010110
01000011100
11011110101
10111110100
10001000101
10101110111
01010010111
01001101101
00011110110
10101001011
00100100010
11000111110
01011011100
10010000001
10001100111
01100000000
01000111001
10011100010
01110110101
01100111111
10110100000
00101010001
01001011000
00100110111
01000000101
00101101111
10000111110
10100110000
11011010100
01110011110
01010100011
11111111110
11100111110
00001001001
11111000001
11111001010
00101111000
11011001111
00000110001
01111110011
01110010000
00101000010
11111110011
10111101100
11011100010
10100101100
11001000001
10011000100
10010111110
10100001010
10000100110
10011110101
01111001000
11111111011
10010001110
10001111111
00111101010
00011000011
11000111000
10100100111
10000000100
10110010100
00101100000
00001110011
01000010000
10111010010
11000000110
11010010011
11011111111
11101001001
10001111100
10110011011
10011111010
11001100100
01011010101
11110011001
01011101100
10111001111
01011000101
11000000101
10010011101
11001111011
00010010011
10100000101
01101010101
00100000001
11100001000
00111001010
00111010110
11111100111
11011100110
00000100001
11100111111
00110100011
11100000101
00001000001
01010101111
10101110111
10001101010
00111111100
01001100001
01110100000
10000100010
01100011011
11100000110
10111101100
01000011000
11110000101
11011101111
10011110011
01111101101
01001100101
10100111001
01011100110
11010101000
01000001111
10011011100
10110110000
00000000110
10000100001
00011101000
00001110011
00100100100
10101011000
00110010110
11011110010
00111111111
01001111101
00001110101
00111111100
01111100111
00100001100
10001000110
01001000000
11110010100
11111100010
01101001000
00100010010
10000011010
01111111111
11111000101
10010111100
01011100001
00000000111
00010011110
11101101010
01111100011
00011010011
01100110001
11011100010
10001110000
00010111011
10110011000
10000101011
10110100110
01101000001
11101111111
01101100010
01010000101
01110011101
10111000100
00100100010
01101101100
11111000100
01000111101
10010000100
00111010001
11011101000
11111010001
00100010111
11000010111
00111001101
11001100101
11100101100
11110010000
10100110000
01001011010
11010111011
10011111100
10011011110
00101110100
10011011001
10101011000
00110001000
00110001001
00110001010
00001000111
11010001001
01011011011
01011010100
00001000000
01010111011
11000100010
10101110110
00101010111
01110010100
00001011010
11111000111
01010011100
01111111011
01001010110
11101001011
00101111000
11001110011
00100000011
10100100000
11111101101
10011100101
01001010011
00010111011
11110001101
10111110110
10001110111
00101101100
01100101000
10001000110
00111000011
11010000100
00110010101
01011111111
01010010010
01001101010
01101001101
11100110111
00110110010
11010011011
00011010111
10010110011
01101100111
00110111111
00000111001
01001101011
11111101111
11110010100
10111101010
11100111010
10110111111
01110000001
11000001100
10101110010
11111110001
11101100000
10111010010
10001100000
11110101100
01010010001
11100101011
10100100000
00111011010
00001011001
01010110100
00101011010
00011111011
00111111000
01001110000
10110001101
11111101101
01110111110
00101101111
11101110100
01100011100
10011111001
01110110101
00101000011
01000011010
00110100111
10010100001
00011101100
11010110101
10110111100
11000010111
01100011111
11100110111
10010101001
10000110000
10001001011
11011010100
01010100011
10010001110
00110011010
01010101001
10010111011
10100101110
00100001010
10100101110
00101010000
10101100011
11101111010
01100101001
01001101011
11000001010
10111001011
10011100001
10001100100
11010111110
11010001100
10110011101
11001010111
01000010001
11111101011
01011010010
11111011111
00101001011
01100110101
01000101011
01000010000
11101111000
01010100111
10100000000
11101011111
00100000110
10001011110
01000001001
00000010111
11101001101
10110101101
01010100110
01010111000
11111001110
00010011101
00010010100
00101111110
10011001101
11100110110
11100000110
00100000110
00010111011
11001001110
11111110001
10100000000
01100101011
01111010100
01101101101
10111100010
11111101000
10010110000
00101100010
10001001001
01101010000
10000001110
10000100011
00110000100
11101010001
11000101011
11110111000
01000001001
01100000111
01011110110
10011111110
00001101000
00010100010
11000101001
00110010010
11110110110
10001101011
10100010010
00100111010
01001011000
00011001000
01110001100
00111000111
11001111010
01110000101
11010110110
01001011101
00101001110
11001100100
01111011011
00010011000
01111110000
01011010100
10010100110
10001011010
11010011010
11100101010
10110001011
01110110011
10000010001
11011001000
10110000011
10101000011
11100000010
00001011000
10111100101
11000001001
10100000010
11000000011
11010101000
11101111011
11111010110
00101101110
00101011011
00110101111
01100011011
00000001101
00001111100
10111110110
00111010011
10000111011
01011001110
11101011011
00001101010
01010010010
10001101111
10111000110
11000010010
10110100010
11101011110
11001001000
11100001010
10100001110
01101000110
01100011110
11001101000
11000001010
10011001001
10011011110
00100110010
11100000000
00101111100
10001011011
11111100101
00100010110
11111100000
10110000010
01010111000
11001010010
10011110011
01010111110
01000101000
00001101100
10101011100
00100000000
00010110111
00010011011
11010100101
01011101111
00000011110
00001001011
01110101110
00010110010
01111010110
01000011010
11000000101
11111101001
11001110000
10000011101
01010110010
01100111111
00010110110
11101010010
11111010110
10011110110
11011001011
11100001001
11001001000
01011010011
10110000000
00100111001
10101111011
11010110111
11001100000
00111100011
11011001010
00011000101
11111011010
11110100100
01001111011
01100100111
00101101110
11100010100
11001001001
10011000101
01000111000
11110001111
01101101000
11001010100
11011100010
01110000001
00100011011
00010001111
10111110111
11100110101
00101010111
01110010000
01001100011
01100110000
11000001000
10010100010
10010001000
00111010000
01100111001
00101111111
10011001010
00010011011
01101111100
11110001110
10110100111
10111101110
11011110110
11101111111
11111101111
00011111101
00110101001
11001111010
00110001010
01110010011
01011100010
11000010110
01101011111
01010010011
11100001000
00111011001
10101110101
00011010110
10101010111
01000000000
11011010011
11011111000
10111101100
01001101010
11010010010
00011101100
01110110100
10010110111
01011101100
01100101111
00001010011
01010111110
11111100011
00010000010
10100001101
00011001000
10111110000
00000001010
01000111011
01110000111
01000010101
11111100111
11011101011
10000010000
11101011011
00010110110
10011100111
11100111000
11111110000
01110001000
00011001010
10110010101
10100011011
10110101110
10000101111
11110110111
01101100111
10000011101
10110111011
10100001111
01111101011
11000010111
10100111100
11111010100
00010001101
00110111111
01111100001
11001011011
00000011110
01100011111
00100100101
00110100010
10000101100
00010010011
01011000000
00100000000
11110110011
10000101000
01100010001
10011110001
01101000101
10100011111
01010000111
10110010100
11110000100
11110000101
01111001000
01010010010
10100010001
01011011111
00111001101
01001010110
11001100111
10101001001
11101011001
00000000111
01110111010
00000100000
00011111000
01001001100
00011011100
10010100011
00011100000
00101011010
10111111001
11001000101
00010101101
10001011111
01111110110
11001111100
10011010110
00000110000
10001010110
10110001000
11111010010
01000101011
01111101111
00011101001
00010111010
10100001010
11101110101
00001001000
01100001111
11011101010
00110101111
11111110001
10101000001
10001001111
01100011001
00001000011
11101101000
01011101001
01110101110
11011001101
00000101000
10111101001
11011111100
11111010100
00010011010
11001111001
00010111100
01001110001
11000011001
11010011010
01010110110
00100110100
10111011111
11101011110
11101010000
00101110010
01111111011
10011100000
10011001000
01110000011
11010001101
01100011010
11011011000
11101100111
11000011010
11111100011
10110111100
10011100011
01100001111
11100000011
00001011000
10110111110
00011110011
11110100011
00001110110
00000001111
11110010000
10011011011
00101010111
00100100101
01000110010
00111000100
11111101000
10100111110
11000000000
11001111110
10110011001
10111000011
01100100010
10000100111
01101111010
10010001101
10011101110
11010111101
01001100001
00000011000
11110110101
01110110110
10100000101
11100100111
11000101000
01011011001
01101001101
00111000010
01101111111
11000111101
01010001101
11100110110
10010000111
10100110111
01101000000
11001011001
00011000111
11101110101
11100110101
10110111100
00111010110
00000011101
11000001101
11001000001
10111101101
10110001100
11000110011
11001111000
11101111001
11110011111
10111100111
10111101110
11101111011
10010001011
10101110010
11001001001
11101011010
11010110001
10001010111
01100110101
10000101001
00001111000
11101000111
11111000100
10011100111
10000111111
00001110011
01000101100
00011101101
00101110111
00100000010
11101101001
01111011000
11101111001
00111100100
10001110001
11111111000
10001001010
11010101001
00011111110
10111001101
01011110001
01111100111
00101110011
11000010000
00010011000
11011001111
11000011010
11011011100
00111010110
11000100000
00110111100
00001110111
00101011111
00101000010
10010011001
10110111010
10001011011
01001100110
11010101011
00011111101
01111110010
10001100001
11101110100
11110000000
11100110011
01011110101
10111110011
01010010011
01001010110
00010111001
10010001101
11110010100
01000100111
10100000000
00111110110
00010011011
10000101110
01101101001
10110111000
01010111011
01000001011
01001000101
11000101101
11100101001
01000111111
11000110110
11111111100
11111101101
10101010110
11001011010
10110111010
10110100110
00001000101
11011000100
01000001100
01001011110
11100100001
01110010110
10001110111
01100111000
01000101000
01111000010
01010111011
11001001111
00100111010
10101001100
11000101100
10111111010
10110100101
10011000100
01000111010
10111101110
01011111011
00100010110
11010010111
10000100110
10111010010
11011110010
01010110010
00110111111
01000011101
10100101100
01111100111
10101111011
00111100110
11100010101
11111001101
11110000111
01011111011
00111111001
10010110100
00100100011
11000010110
00010110011
00011010100
10011001110
00100110011
10011101011
00101011010
01100011100
00000100100
01110100100
01000111000
10100100111
11001100100
11001000000
01011011110
00001010100
01111001110
10011010101
11011001001
11001001000
00100000100
10101111110
10111010010
01100101000
00001111011
11000000110
00100101111
11000010001
01110000010
00111111110
01100101010
01101000011
11001110000
10100100001
11110111100
11010010111
01110010100
11010001011
01001001101
01000100001
11111110000
11110001010
01101111110
11001001100
11101101100
01111000101
00001101100
10001110010
11000101101
00010010001
10110000111
10111000100
10101100100
10010010001
00001011000
11110101110
00011011000
11011011111
00001111011
10100001000
01101111001
10111000011
10010010110
00001101101
01001110010
11111110100
11111011011
00110011001
00001101101
10110001111
11000001111
11100110011
00010111101
11001110100
10111010100
10001110000
01011000011
00111011110
01111110100
10000010001
11110100001
11011100110
11000010011
11010110100
10001101111
01111010001
11101011111
01010000010
11011101110
01001001110
10110110111
10101010111
01111011001
00101110100
10001010011
11010010100
10111010111
11111111001
01111111111
11111000010
10101010111
01101101111
10011011110
01110101101
11010101011
10010001101
01000100000
11110011011
11110110111
11100001110
00000111101
11110111110
11001111000
00111110111
10100011001
00110000111
11110011011
00010111011
11111101111
01011111101
00110011000
11011100100
01001000101
11011010011
10010010111
00100111100
11111011101
01001111101
10010010000
11100110101
11011100100
01010011001
01110101000
11100001000
01111001111
10011110001
00001101100
00001110100
01000101101
11000010001
00001110010
11011111111
11111001111
10111000001
11011110001
00110011011
01010010001
11000111001
10010000101
01001100100
01110010010
11001110001
01011100101
00010010000
01101011111
00000110000
11100000000
11110000100
01001111010
01000101000
11011010010
00010000010
11011010110
00111101010
11110000010
00110011100
00001100101
00100011001
11110011101
10100001110
01010111011
11111001100
00001001011
10001101110
00101110000
11101110101
01011100000
01110101010
10110000011
10110001010
11101101101
01110111101
10001110010
01101000100
10011011011
01110011110
10011110101
00101011010
10011111011
11100101111
01110000001
01010011001
01011111010
10101001111
01000100101
11011110010
01100101101
11110010010
10110001100
10011101111
01011000111
00110000101
00010000000
00110011101
00001101010
00111011111
00110101010
10111100110
10011111011
00000111101
00100110110
11111001100
11111110000
00101101110
00100001101
00001010111
11100100110
01111111001
01010010101
10010001010
11100001010
11111011010
10000010001
01010001101
01110001100
10111101100
10100101101
11010000011
00011011010
00010101100
00110001001
11110100011
10110110001
11000111011
10011010110
11110000100
01110100111
10011111101
01100011100
00000110010
11100000001
11000011110
10000010010
10010111000
11010011100
01100010001
11101101100
10101010010
00000101000
11000100111
00010101110
01110100000
01001110001
11001100110
11110100001
10110010111
11000111000
11100100111
10100000001
01100011001
01111111101
10111000110
01010100110
10000111010
01101101001
01000001111
00011110111
00011000001
00101001110
11000010010
11010100001
10100000000
01111011010
11001010011
11111100001
10010111011
11111101000
01111111000
11000111110
11101010010
10001111011
00100110100
11011010010
00100001101
10010011110
00010100111
11101011100
10100010000
10100001011
01110101111
01100100011
01101011010
11000101101
01001011101
10000000001
11000101001
01000111011
10010001000
00101111011
11101010101
00010001101
01110100101
01011101000
00010100000
01111100010
11101010101
00111010001
01110111101
10001100100
10001100010
11011110100
11111101000
10101010011
01101111001
00000011100
00000010100
11101001100
01101111001
01100110101
01111010101
01110010000
00010110110
00110010000
00000001101
00000100101
00001000000
00101110001
10111111111
01111110110
10110000000
01000110110
10111001001
00011010110
00101011010
11111101001
10001100000
00000001100
11001101110
10000001000
10011111010
10010001101
01010111111
11100101101
01101011010
10010010101
10100000011
11110100010
10001111010
11111000000
10101111101
11100001001
10011100010
00001111111
01000011111
10111010110
10101100111
10111111101
01010010101
11101111110
00010000101
10110010100
10100101001
11001011001
10110111111
10011011010
10111111001
01011011100
01100101011
01100111101
00001001011
10111000110
10111110111
10110011101
10000011001
10100001001
01010111111
11000010011
01101110001
01101011110
11110001001
00000010000
01100100110
11001110100
11000101000
11010000111
00100001110
11110011110
11001001011
10101101110
10001110001
10010010000
10000000101
01010110010
01001111011
00110010111
10011101110
10010011100
00000001000
01101011111
00001011001
01010010110
10001010110
01011101001
01101110011
11011010101
00111010000
00011111010
11111010111
01110011010
00101110111
01011001110
01000111000
01110111011
00110010000
11001111011
11001101111
01101101110
01000110011
11100100101
01001110000
11001010110
10101101000
00110111001
11001011010
11001100000
01010000010
11001101001
10000111111
01101111000
10001000010
01110010111
01000100000
11101010011
10110001010
00000001100
10011111010
01101111110
00011100101
11010111110
10010011010
11110110001
01111010111
00011101101
10000100000
10101101110
01110101000
01011110010
00011100111
10011110001
00100001000
00001001111
01001001010
10101011100
01011010110
00100101011
00100010110
00010101011
10101100110
10001110111
01000111001
11001011111
00010011001
11101111011
01100100001
00001001001
10000011111
01011011011
11111001001
10101111101
01101011100
00100000000
01010001000
10101000111
10101001101
11011100010
00101100111
00011110001
00111100111
11011101101
10111111110
11110010110
11001100001
11100011111
00111000101
01000011000
11100110010
10100011110
01101101101
11011010010
11101010000
11000011111
01100101110
01101011110
01110100011
01100111100
10011110101
11011110010
11000111001
01100111011
01111111110
01110001000
11001100110
11100110111
10000111011
00100000110
01011101111
01000110000
00010000111
10100111000
10000001100
10001101011
00011101101
00011010101
10110001000
00011101011
11010100111
11100001010
00100011100
11001100001
10110111001
10011101000
00000110111
01100100000
10111011011
10010000001
10011111100
11110010111
10110100110
00110000001
11100011011
11111101010
01000110101
00100101111
01111110101
00010101101
10110110110
00100111010
00010111000
11001101011
00001010010
01010010100
11000001110
11111101011
00001101001
01001101000
00111100111
00011101110
00000101000
11011101110
00111100100
11001001001
01011011001
01000001111
11100001010
01000000011
11011011101
00011011101
01110100000
00100100101
00111100111
10101001000
00010111000
10000110100
10010010001
11101000110
01001011001
00111010101
00101000010
00100001000
01001110110
00000011110
11011000011
00100111111
00100111111
01001011001
10110111001
11101110000
01000011101
00101101111
10101110101
11100000101
11010010110
00111011011
01100110010
10011111101
01111100111
00101011110
00101100101
00001000010
11001111011
00110101100
01110010111
01000111101
11001101001
00001100000
11111101011
01100000110
11101111000
00100100101
00110010011
11110011100
10110110000
01000111101
10101100101
10101100110
11110001011
11001100110
10001001100
11111000101
10110010101
01000010111
11011000110
11101100000
10010110111
10000011011
00001000110
01110001011
01101101110
11011011011
01011100001
00010011100
01101100110
00110010100
01100011111
10000100010
11001110011
10001110100
11000101101
11101001110
11100001101
00001001111
11101110111
01100010010
00100100101
00000000000
10000101101
00000000101
10111101100
00010101010
11001111011
10110101011
01100101101
01110001110
01111111110
10110111101
11111100110
00000101001
01010011110
10010111111
11110011001
00101011010
00000110100
10010110100
10111011001
10010000100
00110010100
11110110001
00101001110
11110011010
10110110110
11000010000
10000111000
00011001010
00100101100
00011110100
00010011000
01000100010
01101100100
11010011101
01101011011
00010001110
00001100101
01100011100
01010010100
00001011111
01010000110
10110010101
00001110011
00101110010
01000000000
10001000110
01111101011
01001000111
01110001101
11111111111
01100110001
00000110110
01110111111
10101111000
11111101001
11111111001
10000110011
01001011011
11101110110
10001110010
10001111010
10001011001
11110000001
01101000000
10000110110
01101111100
11110100100
10101101110
11101111010
00101010110
11100101111
11110111011
10100000001
01110101111
10100001110
11011000011
00111111100
11111110011
00011001011
01100111111
10111010101
10100000100
00110100101
00010001000
11101110110
00101010000
11001100011
10100101101
10101110111
11101111010
10100110110
11010001010
11100100101
00001000111
11010011111
00101011100
10011111011
01011100100
10011000000
11010011011
10101101000
10111100010
01111110101
11001111101
10001110110
10101001010
00100000100
10100100111
11111101011
11010110000
00100110011
11110010011
01001100010
11101101001
01100101101
10100110001
00110100100
11110001011
10111101000
01111100110
10101010111
00111111100
11100101011
01110000011
11011011010
10011111011
11011101000
11111000010
10111010111
01100011001
00101010100
10111000100
10011000000
11011110100
11100110001
11101100001
01001110011
00001111110
10001111000
01000111010
01010111101
10110000001
01101100011
11010111000
10111001001
00011111011
10111110111
10101101001
01001011100
10111001100
01010111001
11100000011
00110010011
00101110010
11110011010
10110110010
10010011011
00111000000
11110011001
00111011110
01111100010
00100110001
11010101111
11100000110
11001000001
00110010011
11101000111
00101101110
00010101011
00000010011
00010101000
01001000000
10010001101
01111110111
10011101001
10100100010
10100111000
00011111010
01010100101
01100101111
00010111011
00110000011
11101110110
