11111011011
10011110000
10011100011
01001010100
01101001111
11101110100
00101010011
01111001001
00100000101
10111110100
01001011010
10101000010
01101111001
01110100001
00111001011
11110110100
00111101001
01010111101
01100101010
01011001000
11010110111
01101010010
01111000001
00011110111
10000010011
00111111111
00111101011
01000010000
11011011111
00010000100
00001100101
11001110101
01100111000
01110011010
11000000010
10011011100
00110011010
01001001001
01011010111
11001001011
11110000010
11010011100
10110100111
00101101110
01100111101
11111101111
11110101000
10000111111
11110101101
11111111110
01010000001
00111110100
00101101101
11100000111
00010101000
11001110010
01011100010
01111111100
10000101000
00110001100
00001100001
10011010110
01010011100
01110011110
01110000101
01001110001
11111101010
01011001011
11000010000
10001100101
10110110110
00100101010
11000011110
01011000000
01100111110
00100000100
10101111000
10011111110
11101100110
00100101101
00111010011
11101101101
10110001110
11010100110
11001110000
10110011101
10001101101
10110100101
01001001101
01001110010
00001010101
01010010110
11111101110
01111000010
11001110100
00011011011
11110111000
10001110001
01001001010
10101101010
00100000101
00101111000
01100111001
01000100100
10011001111
01110011010
01100100100
10011100000
01001110001
00011100100
01001100101
10101100000
01101001010
10000111111
01101011110
00100011111
00001001010
01001111110
11100111110
10010001111
11100101011
01101101010
01000100011
10010010000
01011000001
00011100110
01101100001
11001010100
00010110001
11110101001
11110101000
00100011000
01100001000
00101001000
10100111110
11010001011
10100110110
01110000101
01011010110
01100011110
01010100001
10010000100
01100000110
01010001101
01011110101
01110010100
11100101001
10110000101
11110111001
10001110011
01010100011
11110010000
11010001011
10001010011
10011011111
11010100001
11000010000
10000101100
10000001010
11001011010
11010000110
01001000111
11011000101
10111000010
00000101000
01010000000
00010110111
11100110101
01100101000
10000100111
10110000110
00100011001
01111100001
11101100001
01110110100
00111001110
01101010010
10101100011
01111111110
11111011011
01101101010
01101000000
11001000010
01000001111
01110000001
00110101011
10110011001
10000010011
11001111101
11001010110
00101000011
01111111111
00100101110
11100100111
10110101100
10111100010
11011110001
11000000110
00110100101
10110101011
11001000111
01100100010
01010011101
10101110110
10011111010
10011011001
00111000111
11110011000
10111101010
01101101000
00100010010
10111100010
00010101110
00001111111
01100101001
10101110100
01101100010
01110101010
11101110100
10011011100
11010100110
00010100110
10100110100
10111011101
01110110000
01100001111
11100000001
11110100001
11100000110
00100011010
11100100011
00101001100
01000100010
10110011001
00111110010
01110001101
10100000000
01001111011
10011101011
01001010000
11100101001
11110110010
10000101001
11010001100
11111110000
10111011010
10000111011
11011011101
01111110111
00001101010
01011111111
11110101110
10000000010
10100001101
00011110000
00100010001
00010110101
01100111100
00111001100
11001001101
01010010010
00101100001
11111111100
00110000110
11110100110
00111111010
10100001010
11001110000
11110110011
11000000101
01001100001
11100001100
10010011011
11110100000
00010100001
00011010101
11010110011
01101010000
10110011001
01001001000
11101110000
01010010010
11000010000
01101100011
01111000100
00010000101
11111010110
11110011111
11010010110
10000101000
00001001001
10001101110
01001011010
01111100101
00010111000
11100001111
11101000000
10001100001
01101010100
10111011001
01011110010
10000111010
10001110111
11001110011
01111011010
00011011000
01011101010
00101100011
11000001000
11001110000
01001110001
11101010010
11101001100
01101000000
00010101100
00100100001
11011010011
11010000000
00010100110
00100010101
10111110101
01001111000
10011101001
01100101101
10001101110
01000101111
11001111010
00111111111
00000110000
10010110001
00010010000
01101101011
01111001010
00011000011
01110001100
11001110110
00110100001
10000000111
01011011001
01010101000
01100100001
10100100101
00011001111
11001100000
11100011001
00110011111
11010100011
10111011000
11001001101
10110101001
11111110111
10001100010
01101111111
00101110100
01010100010
10111111000
01010111100
00000011011
01011000000
10110010100
01000010001
11011101101
01101111101
00010111110
01111000110
00001010110
10111101010
01101101000
11011011000
01110010110
00000110110
01010000001
10101101101
00011101000
11101001100
10110010111
11001000100
10100000001
10001111011
11001011100
11101100110
00111010101
01101100000
10110101110
00110110010
00011100101
00101111111
01001100011
00000011011
00001011111
10100011111
10101010101
00111010110
01111100000
00010011110
00011011000
00001011000
00010111011
01010001010
10100011011
10001101001
10110100011
01010010010
00111110000
10110001111
01100100011
00011100100
11110100100
00001100110
11010111110
10010001100
10010001100
11001000001
10101001100
10000110011
11010100111
01111011110
10000001111
00110110011
10010100010
00111011101
01100001100
11110001001
01000101111
10101100101
10100001100
11000000011
10110000111
00110000000
10010000100
10011000010
01110111111
01110010100
10100001111
01110101110
10000000110
00000010000
00111000001
11000110100
10110100110
01001111000
11000100110
10111110101
00100101111
01110000101
10101001000
00111010100
10001110100
00101101001
00001101001
11101111110
00101001011
00111011100
00001101101
10101010011
10001101000
01101010100
00010101110
11110100100
01011000110
01001001111
01101111010
01101011010
10011110011
01001100101
00000101001
00110100101
11101011100
00011010011
11001011000
01011101011
00011001011
10111011110
01110111100
01100011101
11010001000
01010000000
00011110001
11111010101
01000010001
01110101100
10011000010
01101010010
00011100001
11110000001
00011011010
11100101000
01001111011
01101000011
00100011011
10001100101
00000001111
01110001101
10101000001
11111100001
11111101011
01111110011
11111011010
10100010111
10111101010
01111100001
10110101101
00011000100
00101010110
01011010011
01011011010
01100101110
01100000111
11101110010
10100000110
00011100101
01000011000
00100100000
11010101001
11010111110
01010000110
11001111010
01111111100
00100100001
11101010001
11001100100
11110011001
11000101001
00100000010
11010100111
00010100010
00000110101
10101101100
10011111110
00101100011
00001100001
00111100001
00001000000
11101001101
10110111110
01110101110
11000000000
10000001111
10001000000
00000000101
00000111110
11100101000
01100111011
01110101000
10001110001
11100111010
00011000010
00101010000
01010110111
11010011111
11011001101
01101001011
00001101000
00111001110
10111100101
01010111101
00111100000
10011100011
00011000001
01011111000
01111011001
11110101010
00011101000
01011010100
01000010011
01111110011
10000111010
10010011111
11101111111
10111100100
10011110101
00011100100
00100101001
11110000110
00000101000
01111100100
11001010111
00011111000
00000011001
00111001110
10100000101
10111100100
11111101010
01000101011
00101100100
01111001110
11001100010
10001100100
10001001101
10101110000
00010000001
10010001111
10011110110
10000110110
00100101011
01010011000
10100100100
10001100100
00101101010
10110011001
00001110011
11101100011
11111010111
11100100111
11010111001
01101111110
10101010000
10011100011
01000000100
00110001000
01110111111
00010110101
11101001111
01100100101
00010010110
11101001011
11100011110
00010110011
10100000000
00010111001
10101001111
10100000111
00001101011
01001011100
00110101011
00111010100
10100111100
01000101110
11111100101
11110000101
00101111110
01100001010
00011111010
01010101100
00111001111
10000000100
01011000100
01101100100
01001110111
00101010101
01110100010
10101001100
00111011101
10010010111
10111001000
01010010111
10110110011
11010011010
10111110100
11010011100
11011010001
10010100000
11010111100
00100100110
00100001111
10101010101
00001101101
01000001001
01111101010
10110011110
10110010110
10101011000
01001111110
01101011101
11000001100
01111010101
11001000101
01110100001
01110001101
10100101110
11111010110
10011011010
11100010011
10011011010
10001110001
11011000110
11011101001
10110100000
10010101110
11110010100
01111001100
01111010001
11000010111
00011100011
00101010111
00100100101
10011001111
01110000101
00001101011
10100010011
10100100100
10011010001
10010011100
01101101101
10010111010
01111001010
00110000110
10111111100
01000101000
11101001100
01000010111
11100001001
11011111111
10000011101
01110011110
11101111101
10001011000
00010011011
11010001010
10111001100
00001000110
10001101000
10110010001
11111110011
00001010111
00101001010
10111011101
11001101001
00001101101
00100110110
00111001111
01001011100
10101011110
00100110100
00101111000
11000001101
00001011010
11111000011
11011011101
11100001010
00000110010
00100010011
10001011000
10000000001
11100011101
01001011110
00010001100
10001101111
00010011001
01011111011
10000001110
01000010110
00000010010
01000111101
00101101110
00101000111
00111000001
01001111001
11010000110
10001010111
01110111000
00100011101
10001010011
11110010110
10110110111
10101010010
01001000101
11100010010
01100101001
01111001001
10111100011
11010110100
11011000101
01011011010
01101110100
10000110111
01101111110
01101010001
11101010011
11010001100
00000101100
11111010001
11010100000
01110011001
10111101100
00010111011
00011100110
11010100011
01010011011
11100001000
11010010000
10000010001
01010101101
11110010101
11110000011
00001100110
10100000011
00101101001
10110011110
10011000110
11001010011
01010011010
11111101001
01111111010
11110011100
00011011010
01100001110
10011110111
10110010011
01101000110
10010101111
10011001011
11101000101
11001110001
00000110110
11111010101
11000000110
11000011000
00111001110
11101111000
00110100100
10010001100
00010001100
10101111010
10010000001
11011000011
00101010010
00110101001
01001110100
10001011101
10011111000
11101001110
00011000001
00111100100
01001010110
11100011010
00101111111
10111101100
01011110010
00001110110
01010000101
10101110110
00001000111
11011101000
10010111100
11111011011
01000000000
01010001000
10001111011
10011100010
10000010101
01101111000
00101011110
11100111101
10100001011
10101010111
11110001110
01110000111
00100010000
00010011000
00100001001
00101111100
11101010101
10111011000
00110010001
01111111011
01011101101
11010001100
01111110100
00000101100
00100010100
10111100000
10100011111
01101001111
11110010000
10100010100
11010001111
00100001101
01010010110
10110110111
00000110111
11110000011
10101010110
01110001111
01100111000
11110011011
10001101101
11011010010
01101100110
01001101110
00001110110
10100101000
01001100111
01000010101
01000100100
11000010011
10111000000
10001100101
00100110111
00001111101
01001000110
00110000101
11110001101
01101010110
01010111011
10100011010
11010110000
01000111110
00000011011
00111110111
11111010011
11011010001
10000101101
01101011100
00011111111
00000110000
00110110010
01010001100
10101010010
10111000110
11101001010
00110001100
01101111110
00001111001
11101011010
00111110111
00111011011
11110111001
11111111011
01110101101
00010001010
01000100100
11010011011
01100010000
11110110110
11100001010
10011001101
10001010010
00001111101
01011001000
00010110101
01001010110
01110101011
10110001010
11100111100
01010000100
01001110100
00000011001
10100001010
10111101001
01101001100
00110010000
01100011111
00011111100
00011000010
00011000111
11100111111
01111011000
11010101110
11110110000
01100110101
00001010001
11000110011
11111110011
00110001000
01011101101
01011001100
11100111001
11100100011
01111111100
01000001000
01001011011
10000011000
01101101101
11101110110
01001100111
10001001001
10001100000
01101011101
11000100100
00110001001
10010111110
00011011001
01011101100
00100000011
10011001000
00001100001
10100011000
00010001010
01001001000
01000010010
01010110001
01001000110
00110010010
11110101011
00001010111
00001100011
10101001100
01111101010
10110110110
11101101000
10100100111
01111011111
10111001111
01101000101
11100110111
00001000111
00101111101
00001001011
00100100100
01111100010
11001101001
00010101101
00000100000
00101000110
01001110110
00010001010
01010111101
11001001000
10100111000
10000101101
01001101011
01110010011
10000101010
10000010011
11101101111
11101001110
01010000011
01010000101
01100001100
00011100001
10110100000
00000000001
11010001001
11111101000
11101000100
00001101001
10111101000
10100101101
11000001100
11010000101
00100011100
00000011111
00111110001
11011010010
01001011000
10110001110
11101100110
10100011001
11101000111
00000100110
10100100101
10011000000
10111001000
11011100001
00111011101
00101110101
00010100001
00110111101
10010001111
00001001101
10010100000
10100110011
00000100001
00110101010
00011110101
00110001111
10100111100
00010101101
10110011010
10110000001
10001101111
11010110011
11000010100
01101100010
01110110101
10011111101
10101100101
11011000011
00111111000
01011101001
00001001001
11001100110
01001001011
01011101000
10001010011
10000011111
01000101010
10001011010
01011001110
01101001100
01001101011
11001010000
00110010110
00010001100
10101100011
00100001011
10100011000
00101100000
00111010100
01110001101
11001000001
00010100110
10010011111
00110001011
10101101100
11101011010
00110000010
00111001110
01101000101
00000111010
10110001011
11000111110
01000100111
00001010111
00100001111
11001100011
11100110000
10001101010
00110000100
10001111101
11101101000
01011101000
10100100111
00010101011
01111011010
01010111010
00110100101
01110000110
01100011100
01100001101
00010010110
11101100000
01100010100
01001100110
00010010111
10010010101
00001110111
00000101000
10110110101
10011101100
00011110101
00110100001
11100011001
00010100111
11010101111
00010101000
10110101110
00100111101
00010100101
11000110111
00000111100
01010101010
11001111001
01000100111
01100000101
10001000100
01110101010
01101110000
11010010111
10011010100
00101001000
11110110010
01111101111
01100001101
00010101000
10000110101
10011011100
00101110110
10111011101
10111101100
00011001001
01000001101
10011111000
10010011001
10111011110
11000110000
00101000111
01100000010
10011111110
01100010011
00100101011
10011000100
10001000110
00001000010
00010101111
01011101111
00010111111
10100111001
11011010000
00001110101
11001001101
11000011111
00000011001
11100000001
00000111001
11010110000
11011000001
11001010100
10001101010
00011000101
00000100101
01110010101
01101000111
00100001010
11010011000
01111101001
01110000011
11101110100
00001000010
10001000011
10011110001
01111100111
01100010010
01111100010
10111011011
00111011010
01010010111
00000110110
00010111101
11110000101
10011011100
00101111110
01100010000
10110001100
00001110001
01111011011
11001100010
10011010001
01010000101
00100000000
11010100010
00111011000
11001010110
00110011101
11100101000
00011011100
10001000101
00110101000
11101100101
01000101100
10011111100
11001110111
01011101101
00011100101
10111000011
00011011111
00011001010
10001100100
00000001000
01001000011
10100011111
10001000010
00110010100
11011001110
11011100011
00001100100
01000110001
10110101101
10010000100
10000011110
01010010011
10000111101
11011110100
01001010010
01011011001
10100101011
10110111110
10011000011
01110010010
00010000011
01000111100
11001011010
10001111000
11110010000
11111100011
10111001011
10000111000
10111010101
10100011100
11011111100
01110010001
01101011001
00100011101
10000000110
11100101101
10100101100
10111110100
01010001001
00010100111
11000100111
00111010101
11000110001
10110001011
10110101000
00011110111
00111100111
10111001110
11000101101
10101011111
01111001011
10101110100
11001010111
00011001101
11100100011
11010011100
00110111011
01011010111
10110101010
00000000000
00101110000
10011001110
11111001011
11101011110
00111100000
01011110000
01111101000
00011000001
11001110000
00110110010
11100110101
11010000000
00000100111
10000100111
10000011101
10011111101
10000101001
11111110010
00011110000
00110111100
10100011111
00000111010
10111010010
01100000011
00010000101
00001111010
11100001010
00101111100
01000011010
10101011001
00001111110
01001100001
10111111110
10010001111
11010001000
00011001010
00011110000
01001011110
01110001111
00011001011
10101001011
10000111001
11101110011
10000111011
10100100101
10011010110
11001110101
01001100011
00110011101
00011011000
10011110111
00001100111
01110111010
00100110000
00110101000
10111111010
10011001110
11111110100
11100110001
01000011001
01111101111
00000000100
00101000110
10010101000
11001011011
01001010001
11010100010
10101111111
11100000000
10001111011
11010010011
00101101110
10101110111
00101101010
10110110110
01110101000
10100010111
10110111111
00001101111
01010101110
11110110100
00001101010
10001100100
01000000100
10111001011
01010011101
00110011000
11010000001
01110011011
10001011001
01101001101
00000001011
00010011000
10001010110
01001110010
10100100100
01011010110
00001111010
00101100111
01000000010
01101100010
00000111100
00100011101
10110011100
11101101111
01001101010
01000111111
00011000111
11010111110
11110101010
01010001101
00011101101
11100011010
10010101100
00100111000
11110101001
10100110101
01010110001
10101010100
00101110000
00110001101
01110010100
01111000011
01011010101
01110000101
10001101001
01110100011
11011001001
10001101010
01000100010
01000110100
01110111110
10101111111
01010011000
10000100111
11010010101
00010111110
01001010101
11111011101
11000111000
10101000101
11111011110
01101111111
10111010001
01011111100
10110101110
00110001111
11011101001
01111100011
11101110111
10101111111
00001000100
11011110001
00001011111
11100011000
00001101010
11010010001
00000111011
10111001011
10101000110
10000001010
00000001001
11000111110
01101100110
10100101000
10100101000
11100001011
01101001001
11001011000
00100111100
00000101100
11010110111
01101110101
10001011000
10011000010
01000111101
01100111100
11010100001
11001101001
01111100011
01101011110
00100100100
11000001001
10110101111
11001001010
11111011100
11110010010
01101100001
10101010010
10110110001
00010010101
11101011000
00101000001
10001110001
01011001000
01101000110
00011000010
00000010100
01011001110
00111011000
11111001011
10101111111
00011000101
10110010111
01000110110
11100110110
11010001010
00111100100
11010111001
10110100000
01010000000
01111100110
10111110100
01000111110
10011000000
01000100111
11001011100
10010000111
00010110001
10110011101
00100111101
10010100011
01000000110
00101000011
00000011111
00111011001
10001101001
00011001111
11111001000
00111100011
10000101011
10111111111
00010000110
00001001111
01100011010
11000001111
11100111010
10111011001
00011101010
10010011010
11001101101
01101011000
11101101010
10101111001
10110011010
01101101000
10000100000
01110001110
11111001110
11011001100
00000111000
10000110010
01010111100
10111110111
00010110110
11001001101
00000000101
01111001001
00001010001
01110011001
10011100010
11110110011
00111001111
01010110100
11110011101
01111101000
10011000111
01001111001
01000000010
00011011011
10011110000
11001010100
00010001111
11110110001
00110000100
00001100111
11010110001
01111010000
01111111000
11011111101
11110100100
10111101101
00110011010
00001000000
11010101111
10110111001
01010111110
10101010000
11011101011
01010111110
11110000101
01010110001
11001111110
01000011001
10101010011
01010100011
00101001100
10100010111
10111010110
01101111010
01001100111
10101110010
10011101100
01100101001
01101010000
11010101111
01010100111
11011001101
10110100110
11111100100
00101111001
10101111111
11101110010
10111011101
00011100000
10000000011
10100000000
11000001000
11110101000
00101101111
00101011000
11110100011
11011001011
10101100101
01000011111
00101101011
10100000111
01011010001
01100000011
01101000100
10000001000
00001010101
00000000111
00011110000
11111111101
01011111101
10110100111
01100100010
00100111111
10000101010
11011010110
10001101111
01111111111
11101111010
11010000101
00110010111
10011000101
00101000011
10011000110
01011101000
10110011001
00111001110
00100110011
10111111000
10000100011
01100011110
11011110101
00011111111
11111110101
10011101000
11010110010
11111000101
11010010111
10011010001
00010000001
01101011101
10001101010
01111101011
00111010011
10010010101
11111100011
11101100000
00111011101
11100000010
11000001000
01011011111
10010100010
00100000110
00110000001
11100001011
10110100001
01100010000
11111011111
00010010000
00101011011
01000010110
10100110010
01110100011
11011100011
01010110110
10101000011
01111110100
10011111110
00110111111
00100111111
00101111111
11011000011
10100100101
10101110011
00011101011
10101100100
10101010111
10000000101
00110111000
10010111000
00111000001
11011101010
00010001100
10011000100
01111110101
01111111000
10011100010
00100101111
11101110001
00111000001
01010001100
11110110010
01101110000
00110101010
00010111011
11011000111
11011110111
11000101000
00010101110
00000011100
01111001111
11111101111
00010011011
11101111111
01011001101
01011101111
11110001101
10011100010
11111101010
01010111000
00001110101
10110011011
10100011000
01101001011
10100100100
11110101011
00001001010
01100001001
00001101001
00111011001
10111100100
00111111110
11101111000
10001111100
01001001000
00011101101
10011010011
00010101010
10001011110
01010110001
10011011011
10000001100
00100110011
01101000100
10110001001
00100000011
11100101011
01000100001
11111100110
00000010000
00000000001
11001101111
00111001101
10010000101
01110101110
00010011100
11100100011
11011101001
01000000110
10000110010
11001100011
01100111111
01010110001
11111011010
11000001101
00100111110
11001110000
00111110000
01101101101
11011000101
00100110111
00100110111
00110101111
00000000011
01100110101
11001100100
10011101111
00110001011
00100110111
00111100010
00001011011
01100001011
01000101011
10000001011
10111101001
00110010111
10010001011
10111010111
00110010010
00011001010
10011010111
10011001001
01000001010
10110010111
01100010111
11111011101
01111111100
10110111100
11100100100
10011110001
00010100101
11010100011
11011011100
11100111000
00110111000
00111000100
10011110010
00110000100
10100110110
11100001000
11111000000
10001101110
10010111010
01011101000
00000101000
00011011110
11000101100
00001111010
11100011101
00111101101
00101001110
01100100110
01011101111
10011010010
00100001100
01110000101
11010111111
00100110101
10110101010
01010110000
00100010101
10111101001
01100011001
11101001101
11101010000
10100111110
01100101001
01010010001
01000011001
11010100111
01100010100
00010101001
01100010100
01001011011
00110001101
11011001011
01111011111
00101001010
11011101000
11111000110
01111010010
11001000011
11110000001
10011110001
10010010011
10000101010
01110000001
10011010100
10001100000
00100001011
01010100001
01000001010
11010011010
10011000000
10110001010
10101101000
01110011000
10111011100
00110011101
10001110001
00100100110
11000001000
01110010000
01011110101
11110101100
11110111010
01100111011
11100111101
01000101110
00001101000
10111111110
11100000100
01110011110
01001000001
11001011011
10111000011
01001101101
01001111011
00001011100
01101111101
00101001111
10100010001
11001000111
00011100110
11111011100
01111110000
10010000101
10111100101
10100101011
01000011000
11111101101
11111000000
10000110101
01000101100
10111010010
01011111000
10101011010
11011101010
11000111010
00001100000
00010111001
11101000100
01111011111
10011110101
00010000010
00011001101
10011011100
11000010000
01010011101
01100000111
01011101001
00101001000
10110000000
11100101000
11010000000
11111011000
01010111011
11000111111
10100011011
01111100100
01010100111
01100001101
10111111111
01111001000
11101010110
11001100111
11011010010
00000000110
11101011110
10111100010
11111001111
11010101000
01101001100
10111011101
00111001101
01100110011
01100010001
11000001110
10010111000
11110001001
10101110101
11001001101
10001010100
10110111010
11000100101
10110001100
10110110000
00101110101
01001001100
10011110000
01100111110
00000110001
00001000010
10110000111
11111010110
01001101001
11010111000
10100011111
11101010011
11000111111
11111110011
10111011001
10000101101
10010111001
10111010101
01110011110
11110100010
11110111111
11011101111
01111001111
00111101011
11001011101
11100111110
00000110101
01000011001
