10010010101
01110000101
00101101011
11010010110
01000101011
10001101111
01001000010
01111000011
01010111101
10110011110
11000110001
00100100101
10100111000
10101010111
11011010100
00011100011
01000010101
10110101000
11001110000
10010010010
11001010000
00100100111
11001100111
01101010111
10011110001
11111110110
01001010011
11101001111
01101000011
00101000011
01011100011
11101110010
10100110001
00010100011
11111110101
10100111010
00110000010
10011110010
10101111111
10101100101
10010110010
01001010010
01001001101
11001110001
01101011000
01101011010
01001100001
01010101100
11011010001
10100001100
10011111100
00100111000
01110111101
10111111010
01000101110
01101110001
00101001110
10000101100
00011001011
11100011010
01111101010
01100001100
00101111110
01100010101
00011000100
01101100010
11110000110
10011001000
00100110110
10010001000
11010110110
01010101110
11001001000
10011110000
10001111011
00101100010
11000110000
00101111010
01101111111
11001101110
10100100001
00111001110
10001010111
00011000000
11101000100
11001000101
11000101110
01110001110
10111010000
10110101101
10110101010
10100011001
01101000110
01101110110
10000111110
11001110010
10010001101
00100111001
11110111100
10101001011
11111001001
01011010100
01111010010
11101111110
10011101101
11011011101
01000100000
11010001000
00000011001
01001110011
10011010111
00101100001
01100001101
10110000011
01001001000
10100010100
11011100000
01011010001
01000010011
11101011110
10001100101
01111010100
10111100100
00011001110
11001101001
01111101100
00010100111
00101101100
01101110100
01111000100
00111101100
01011100100
10101000101
00001100111
10010000001
01100111100
11101000101
01011110110
10111000011
01100010100
10111001010
00110011010
11100111000
11010010001
01100010011
11101111011
00001100011
00100010111
00101101110
11000010010
01110010001
01101000011
11101000000
01101110000
00101001100
01001110100
00100000101
00111100110
11111011000
11101111001
10011000110
01011100001
11101100010
01111101111
11111100000
10111101110
00110011101
11001111010
11011101011
01011001010
10001000001
00011100010
11100000111
01011011001
10100011110
10100100111
10001001101
10110000001
01000111111
10001100011
01001101101
10101000101
10000101010
00100000000
11101000101
00010010000
11011110101
11000100001
00100000010
01100011110
01100001001
10110101010
01101011011
11111101101
01010111111
01000100101
11001000110
11001101111
01110000000
11011100011
11101101101
10000010011
10000111000
11010101011
11100001010
00011010100
00011100100
11000101000
10010101111
10010000100
10101100010
01011100101
01000010010
10011111010
10010110010
01110011111
01000111001
01101110001
10101010010
01110101111
11100010000
01110000010
00100111111
11011000000
01110111001
00100000111
00011111100
10101000111
10000001010
10010110101
11110111010
00111011100
01110001100
01111111111
11010010110
01110101111
01101100011
01010011111
11100111001
10000001001
11100111101
00110111110
00100111101
01100001101
01011101110
01100011111
10010101000
00011111001
01010011010
11111101010
11111111010
00100110100
11011110101
11101001101
00100011111
10001000100
10100101111
10101110001
01101010111
01111011011
11101001010
01101000100
11111000000
00100101001
01100100011
10101100100
01000111000
01111100101
00001000010
00100000100
10010111010
01000101011
01100011101
10110010111
10110010100
01111111000
10111111110
10001011011
01111111010
11100101011
01111000101
10011000001
01001010101
00110000000
11111101011
00001110101
01111001111
01001111011
10111011110
01010000001
01001010110
10110011010
10010001011
01111011100
00111000001
00111110101
10011100110
11100101111
11101000010
11100111001
00100111110
11010011110
11100110110
10111111110
00001010001
01101010000
01000100110
01101100111
01000001010
11101001000
10011110110
00010101001
11111000010
10001101111
11010011100
00111100010
01110100001
00001010001
11001101010
00110110101
11111010101
11110110010
10010110101
11011110101
01110010110
01111001001
01001100110
10011011000
10101010000
10101010010
00110111100
00010100100
00011100111
10101111000
10101110110
00100011011
01100010010
00010101001
10111110011
01000011001
00011111010
01100001000
11100011010
10101111101
00011101000
01010111101
00100111000
01101011100
01100111100
00011100111
10000110001
11010110010
11010110011
11101010110
00110000000
01100001011
11101010111
01011110100
01000101101
00111101101
00111101000
10001001010
01000111110
00110000110
01010110110
10001111001
00000101111
01001101100
11101111001
11100000001
11000011101
01000111111
00111011000
00001000111
01010100111
01110110000
00011100100
01000111111
01101111111
10010010010
11001101000
10101000001
11101100001
01101111001
11110111101
10011010100
01001110101
00100110011
10110000100
00011111100
01010111101
00000111001
11101000110
11110011010
10101010111
11011000011
01110001001
00001001101
00101010001
10100001111
00000101111
11001111011
00100011111
00100101110
01101111100
10101001111
11010100101
01100011101
01001000011
01000110010
10010010100
11110010001
00001100011
11000011010
00101101001
10010010011
01110101100
11000011010
10000100110
11110000110
00010010111
01100000000
01001011101
01011110010
00011111111
10100010001
10100110000
00110011101
11110100010
00011111101
11001001000
01110110110
11110111000
01111000011
10101101000
00100100001
11000011111
11100000111
01010100101
01010001010
11111011000
10101110000
01101000010
01100010001
01000100100
01101000001
11101100000
00011100110
01000100100
01100010111
10011000101
10000001100
10001011110
01100111110
10010111010
00001001110
10110011101
00011010000
01011011111
00101000100
00000110000
01101011011
01101110010
11100010111
01010111011
01100011111
11101111110
01000000011
11111110011
11011011100
01111111011
01000111001
00101101101
00100111111
10100100001
10000010011
11101100100
10100111000
01111001010
00011100110
11000101110
01111110000
11111111100
00001010110
11100110011
00001011000
00001010111
11000010011
10001001011
10111011100
10000100111
11001001101
01111010111
00010100101
00001101000
11110011001
11011000110
10010011110
00100000001
01001000001
10110000010
10011110011
10001001101
01011011110
10111001111
11001010011
01000110111
01000011110
01110101110
00000111100
01100111011
01000110110
01011001110
11011100111
10010100100
00001101111
10011000011
11111001101
01000110110
00100100101
01011000110
11100011011
10100101010
01101000111
11110111110
00001111001
01011001110
11010011100
11111011001
01100000001
11010001111
11100111010
10000111001
10110111001
00011000101
10001110111
01001000000
01101001100
11010100110
11100111000
11100001010
10110011110
11010110110
11101111000
11011011010
00001111010
01110100001
11010110101
10110101110
01001110000
11111100111
01110100110
00111111001
01110110001
01010101100
11011001011
01100010001
01111001100
01110111001
01000000111
10011001111
10100100000
11000010001
01011011110
01000100000
00001100101
11000001011
11000101111
11010101100
01010111111
01010010011
01000110100
00000111100
00110011000
11000101101
01111011110
10101101101
01011100010
01001100000
01010111001
11011110011
10101100011
11001011111
10111101010
11100011001
10100000111
11010001010
01100000011
10001100011
10000001001
11111110001
00110111100
00111000000
10100100011
11011100110
10100111111
10011111011
11000010111
10111001101
10010110011
10001000010
00100000101
01011110110
10110011110
11001111001
11000010001
10111011110
00010001011
11101111010
11010000110
01001111000
10101100100
01001011101
00010111001
10011111000
10111011010
00000001101
11101001101
00000000101
01111000001
00010011011
01010100000
01010000100
01001010011
00100100101
11001110000
01000010101
11100110000
00111100101
11000001001
01100011010
00111001101
11101110011
11000111101
01001001101
01110110001
01001111100
00011101100
00110101010
01111101001
11000100011
10101110000
01001101100
00010101111
00100111100
10101110111
01100010011
10110000100
11000010000
01001010111
01101100000
01001111000
11111011000
00010111110
01001101111
10001001001
00101011111
01111100101
01010110111
10101011110
00010001101
10111010011
01000010001
01110100100
00111011001
01111111011
01010101001
01100111000
10010110000
10001110101
11100110010
10001100111
00010000111
00111101010
11101011010
11011001100
10001100011
10001011011
10011111110
01111110101
00000011101
11011111001
00100101001
10001010011
10011011111
11110001010
01011111100
01100111011
11101100000
10110011101
00000100111
01111101100
00111000101
01001111000
11111111000
11110110110
10011101100
01010100001
01100011010
01010111100
11100110101
01100110010
00000000000
01100100101
11110100110
11011101100
10100111001
01100000111
10101010001
00100010101
11001010010
00100111110
00011110100
11011000010
01011000101
11010110111
10001001010
01110110100
10111000010
10110111010
00100110000
00011000010
01110011101
01110101100
10110100111
11001110101
00111100101
11110011100
11010111000
11000100101
10110001100
01000110010
01101011111
00010101111
10010110100
10110000100
11001010001
00010010010
10101110001
00000100111
10100000110
00000100111
01100111001
01010111010
00001110100
00110011010
01010101000
10101100110
11111001001
00111011010
11110011110
00101100000
11010101000
01101101011
10001011101
10100010110
00001110100
11101100101
00101110001
10001111100
10110101101
11110100111
11101000110
00011101000
11011010111
00101011000
10110110100
01101001001
11010110110
11001011110
01101011110
11110010110
00000000101
11110010010
10101001111
00110010100
11011000111
10010101000
01011000111
00011110000
01111110110
00110010000
00100001101
01000001111
01100000101
00100111110
00001000100
10110010010
00110010000
00000100110
00100100011
01101000101
11101001001
11110000110
10001010011
01011001111
01100100000
01010010001
01000101100
11111011101
00100100111
01001010001
11100111011
00011110000
10000110100
10110110001
01000111101
11111001110
00010011111
11111001010
00011111100
00010011111
00100000110
11011100011
00110101001
10111111100
00110011000
10111001110
01100001110
00101010100
11101010010
01110010100
01010111110
01001000001
01001011001
01101111000
00110001001
00011111101
01000000111
00101110010
00101111111
01101000110
10110111000
01110101111
11110011000
00000101010
01111011001
10001100101
00010101110
01101001010
11101111010
11100111110
01000000010
01011000010
01111010011
00001001100
10110011101
11010101111
00110001111
11001110101
00000100011
01001111001
10010101001
10110111110
00100101001
00111100010
00000001110
01101110110
01011100001
00001111111
11100101011
10011101000
11010010100
10011000101
11010000011
10110001011
01010010110
00100011111
01101111111
01110110100
00111000101
00010011001
10010011101
10111000001
11000001101
01001010010
01000100101
01011010000
00011100010
00110111100
01100101010
11010001101
00110111010
01100011110
11101001011
01011111010
10111000101
11100000101
11010111011
10011111000
00000001100
11011111001
01100110001
00011111100
00010000110
00011100110
01100010101
11101110101
01010001010
10011100011
10100100111
11111111000
10100110111
10011001101
00010011001
11001010000
00010000000
10000100011
11110111110
10011111000
10100010111
00100110111
11000110000
11101010110
10000011110
11010010101
10111100000
11000000101
11010110010
11011001101
10001101001
00101010011
00110110010
00011000010
01111000000
10100111110
01101011010
01101001000
10001011110
00001101100
11111110110
10010111101
10010010101
10111000111
10101111010
10010100110
10111101001
01010000111
10000011010
01001010011
10101111111
10010100000
00011101010
01101111101
00011110111
01100100011
11111101101
00100100011
01111111011
01000100000
10001110000
01010110001
01110001110
01011110101
00011000010
01011000011
00101101111
01010010101
01000101111
11000111010
10001011101
00111011111
00101111110
01100001000
00100111011
10110000111
11001000111
01111110010
10001000010
00110101000
01000110100
01001111000
01100100011
01000010110
11010011101
10000110111
01110100111
11000111001
00110001011
01000000000
00110110100
10101010001
10000011111
00110010111
00010001110
10010011010
00111011111
01011011101
11101110100
10001110001
00010000010
00110101110
11111110000
00011100010
00000100101
00010111101
00111011010
00011110111
10110111011
10101110101
10111001010
10011100110
11001111111
10110011011
11111101001
01000110010
00101011111
11000111110
01000111110
11010011110
00011010101
11110110000
00100010011
01001001111
00010100011
00111111111
01001000001
10011011010
11111100011
11010101001
10100111001
00011010100
11101001000
00110101111
00101011111
11100101011
11010001011
00101010001
10011011111
11111110100
11001111010
00000101000
01101101101
10111101000
10101001000
01011010101
01111101101
01111001110
11100100010
01110100001
10001011001
11101100101
00101001110
11111100100
10111000110
11000111110
01001010111
11011100011
00000000111
01110100110
01101001011
11100010010
01011111011
11001011010
00001010001
00110000000
00110001010
10100110000
11111111001
11001001110
11011100111
10010100000
10010101001
10000010101
01010010101
10110001010
11001100011
00010100110
01011010101
00101110011
01010010100
10010010011
10111001001
01100001110
01110111111
00110000010
01000101100
11100010000
10111010110
10101101111
01011111010
11011011000
10000001101
10011000011
10111001011
10011110100
11001000111
00110010010
01111110010
11100000011
11001111101
00111101010
11000111010
11011101010
01111000100
01111011110
00111010001
01010111011
11110111100
01001011001
11010111110
11011100111
11000110100
10001111110
00000001011
11000000010
11100011100
11101011010
00010010001
01111000111
10100010101
10010100010
10011001100
00010100000
11000100110
11011010011
11101100111
11100011011
01011010001
01010111110
00011110001
10101010101
00011110111
00110100100
00110011010
01011100001
11010011101
00110000101
10110010000
01100010000
10110000001
00110111001
01011100101
11110000110
11111011110
01000011010
11001001001
10001100110
00010010000
00010000100
00110110100
11101100111
01010100011
00101000100
10110111111
00111001110
00111000011
00010101100
00111111010
00011100011
11011000111
01110110000
10001001101
10100110100
11101010101
00010011011
00101011100
00110101011
11010011111
11010101010
01101100001
11110000000
10101001101
10000010110
00111100111
11101101011
10001000101
10010000111
00100111100
00010110100
00010001100
00000001110
11110001111
00100101111
11000110011
10100000110
00001000111
00010001010
00100110001
10101111111
11101001000
11101001001
00010100100
11000000001
01000000100
00100111011
11001111111
10100111101
00110111011
01100100000
01111010010
11011111011
10111001111
00011100001
11101101111
01011111111
10111011001
10110001100
01101010111
11000100111
00110001111
11001011100
11101011000
01011101010
00111011001
01101111101
00010100011
10001101101
01011001101
00101110101
01001110110
00000010001
10001000100
10010101010
11000111011
11010010110
10000001110
00110111000
10001110010
00111001101
10101101000
00001000101
10110010001
11101010111
11011001010
10101100010
00101000111
10010110000
01000100000
01101000011
01011101111
10100110100
10011001000
00110001110
10101000011
01001010001
11001101101
10100110000
00111001000
10010000010
11000101101
00110101001
10011010100
00000000101
10101011110
00011010110
00010010100
11100011111
11001101011
10010101111
10000000101
00011111000
01101001011
01101000101
10110001011
01111010100
01000000100
10011111101
01100011010
11001101101
11001010001
00010001100
01011010011
11001001001
11110000100
00110001010
01000110011
11010111000
01111000111
00101110001
10100000011
00011111101
01100010100
10010010101
11010111111
01111010110
10110001111
11100011101
11010110111
11001001100
00110001010
11010100101
10000100001
11111000100
11100010100
10001001110
11100000101
00000101100
01001000011
11100100000
00011000010
11011001001
00000101100
11111010010
01110001101
00110111100
01001011010
00001110011
00110110101
01000101111
01011100101
10110100000
11110011110
11001000100
00011010001
11101100011
01101001101
10101111100
10010100110
10100111011
01011101110
11111110011
00110110110
10011100111
10100000100
11110100111
11111010000
01110011010
11000100001
10101100101
00110110111
11010110001
11101101110
11001011010
01010101100
11010111111
11000010101
01101110010
00010010110
10010101101
11100101100
10000001011
11110101111
11011001111
00110101101
00010001011
00011000101
00010101001
00100110000
11011110010
00101000000
10001100000
00110010100
11110000101
00111011011
10100011011
10000000011
11111101101
11100001011
00011010100
01111001001
01001001000
00000001000
00010011011
00010010110
11011100001
00011110011
00000100010
01101001011
01010010010
10100000100
11101011111
01000101001
00111111110
11111101101
10100101110
11111001100
00100011011
11011101001
00111111111
11001001000
01100010010
11101101011
00011010000
10010100110
00010100001
00111100101
11110111101
11000010100
10011101100
01110101101
10000001011
00111011010
10001011101
10100010110
01101011001
10000100000
01110000111
00011101111
01111110001
11100001101
11100000110
10000111100
10010000001
00101110100
01010110101
01110010110
00101100000
11001101100
10101010101
00111000110
00110010001
00101000111
11111110111
01010110111
01111100000
11110111110
11011011100
10110010011
01010001000
00110000100
11110111010
10101101100
11101000010
10011100101
00100010100
00111111110
10100000001
11010100010
00100101111
01001011100
10011110000
00011000101
01111110000
01111100000
11000011111
01101100110
00001011100
01101001111
11001101101
10100111001
11110011101
00101010101
01110001000
01001111011
11101011110
01101000001
11101111110
10010001110
10110100111
00111101011
00001110110
10001011111
11110010100
11110111000
01011010010
11001010101
00011010000
00010101000
11011011100
11001000110
01101010110
11010010010
01100101110
00101110111
01010111100
00010111001
11011111101
11010001111
00110100101
01011001010
11110001010
11100011110
01010101110
11000101000
11010010011
00000101110
11101110111
01010111101
01110110110
11110000100
00011100010
01111011001
11011000110
01011000010
00000001111
00001101001
00000101111
11100100000
01011001111
01000100010
01011100100
10100110011
00010111000
00011111110
01101000010
10011000010
00011010101
00110010000
10110010110
11000001111
00101010100
00101010110
10010101010
11110011101
01010100000
10000001001
10000010101
10101111101
01110010111
10100110011
01101110000
00110111111
00001000110
11101010101
00110111101
11100110110
01000100100
00011011010
11101101110
10001110011
10100011001
01110110101
10010011000
11101001000
11111000101
11001010110
01011101110
10100100100
10110011000
11111001101
01010011111
11111001111
01011001101
01000001010
11101110110
10110100010
11011001001
01101111110
00110011011
11001000011
01111101000
10011110101
00011110111
11100101000
11101111100
11110111101
10110100001
11001110011
01111100110
10100001110
10100010011
00111001111
00010000110
01010011011
01010110111
00100100101
00001001101
10110001011
00010111110
10111110111
11100010110
00110101110
10001001000
11100001100
10100001001
00011010100
11001001110
10010011100
01001001001
00011111000
00111011111
01100000010
01110010010
10100001010
00011110110
01110010110
01110011010
01000111011
01101011010
11100101101
01011000011
01000001111
11011111101
10010101010
00001111100
01100000110
10100100011
11111101000
11111011000
00101010010
01111000011
00001100001
00110001011
10101100011
11110000010
01001011001
11101110110
10100101101
01111001101
01010011110
11110110111
00101101000
00110111001
10100100001
01100000100
10011100000
01000111110
00001010001
10111011010
10100100010
10100100111
01000110001
11000111011
10111100111
00111000001
11101111111
00000111011
11011110000
00101100101
00001101010
10010001110
01001010000
01100100100
01011000101
01110110000
01001100111
11110110010
00011111111
00010010111
10000110100
01111001000
00110110111
01000000001
00110110110
10101000111
00011100110
00000000001
11111100011
10011111101
11110100111
10111011011
01110111001
10100111010
11110001001
10100111010
10001001101
11101010100
00001110011
01101001000
10000000000
11001000000
10001100001
11001001000
10001101001
01001101110
11101010000
11011111001
11101001000
11110100000
01010111001
00110111111
00110010011
10011111100
01111111010
11010010110
01001100001
01100100100
01111110111
01010000111
10110000111
01001100101
10110110110
11110110010
00111011010
00111111100
11001110000
00011100111
11101001100
10110010100
00000110000
10000110000
00011010101
10000010101
01111011001
01110111101
10001001100
11011110010
00110000111
00110101101
10111000010
00011011111
10010111100
01001100111
00000101110
01100010100
00101110001
10101011001
01010011111
10011010011
00100100010
00111110011
01010000011
10101100101
00101110001
11110000101
10100001010
10000000101
10010110010
00110101101
11101010110
11100010100
10000100001
10110110101
01110000101
00110100010
01011010111
00001010010
11001101100
01011111011
00010001010
11111011101
10000011001
01101000011
00011000101
11010001000
10100110100
00000111011
11100100111
00100100000
10010100101
11011101111
01010000000
10100011001
11100001111
00100111000
01000000100
00001111010
10111100001
01111101000
11100100110
00001110011
11001100100
11001001011
11101110010
00110110010
11010111001
00111101100
01101110001
00010111101
11111100000
01100101100
00101110000
00110101101
10001111111
00001011001
01100101011
00011000010
01011101010
11110100000
10010011011
01110000111
11000000011
10011001011
00111101000
10000111010
01111100110
01011101011
01011010101
00110001101
11111011101
11100111001
00000101010
10101100000
11100100010
11000111101
11001000001
01101000010
00010110001
10100101010
01000110111
10010100100
01011000011
10111011111
11010101111
11010101010
01001011110
01001101100
00011111010
10001010110
10101110100
01110111001
10010110111
10000101101
01100000000
10101101010
00111010011
11101100101
00100001000
01001010001
10011100100
00010010000
11110001011
10110011010
11011011111
10010011010
01011110110
10101100001
01101001000
10000001010
01000001101
11100010001
11110110110
10010010100
00100000010
00010111100
00101110010
01010011100
01010010110
10011011111
11001000101
00110100100
11110011010
01101011011
01101110001
10100000110
11100100000
01011010100
00100011010
10101101011
10011000111
10001110011
00001001111
00000010010
01111001111
00101100101
01110111110
00011000110
01101110101
00101000101
11111100011
11111111010
10011001001
01100000100
00011110001
00001100010
01011011101
11111100000
00101111011
00100011110
11110011111
00101101111
01100111000
11101000110
01001010001
11001111011
00100001111
01011111100
11010011101
01000000011
10000100001
11001000101
10011101001
10101101010
10001010101
00000001111
00001000001
00011111001
11011111010
11001011000
01110000000
10001000111
10101011001
11001001110
11011011010
10011111101
01011011101
01011101101
00000101000
10110010001
01010010100
10100010001
00100100111
10010100000
11110010111
00011110110
00101101100
00110001010
00101101111
10101110110
01010110100
00110000010
00100110000
11000011110
10111011010
01001001100
11000110010
11010000001
00000111110
11111001111
00011000000
11000111011
01111001001
10100011100
11110100110
11001100010
01010001111
11011001101
11011111000
11010011110
11000010010
00001000010
00111000110
00101100001
01011011010
10010101110
10100010100
00000001010
10111011001
10010110000
00001000010
10000111000
11011010110
01000101010
00111000000
01110001100
11101010011
10101110110
01000010000
11000111100
10010111100
10111010111
11000110100
01100001100
00011010010
10010101100
10111000001
00100111100
01110011101
00000000110
11011100101
00000111010
00111011110
01111011110
00000001110
11011000011
10011101011
10010111000
01101100010
10111110001
00001100100
00000111101
10101011010
11011000101
00000100001
10001010001
10010101010
00100010000
00111101000
11111011101
11110010011
00001110111
01010101101
01010100100
00100111110
11000011001
01110001010
00100111100
01110101010
11001110111
00001010000
10001101000
00101000001
11111011000
01011001011
00000110111
10101101100
00010010011
01100101111
01110001111
01010011010
10111100101
01001100111
00001011001
11001111100
00000001101
00000111011
01100110101
00010111101
11010010011
11010011011
11101001010
11011110010
10000000000
11101011110
10100110111
10001010110
10111001110
11111001000
10111101010
01010001011
01100000000
11100010110
11001000011
01000110100
10110011011
00010101110
01100001001
01010111100
00010110111
