11010110010
01111011010
00110011101
00010010001
01001010011
01110111000
10011111110
01011001010
11001000101
10100100110
00101101001
11101110111
01101110101
11100100010
11011101000
00111011101
10110100011
01001101011
00000100011
10110101000
01110110111
10011011100
01101110011
11000011011
10000010101
10100001001
00101110010
11011110001
01101100101
11100110111
00101110001
11100111101
10011100110
01011011010
10101111100
01011001010
11101001110
00000010100
01011000011
01111011111
01110000100
00101001101
11101011010
10101111101
10011011101
10110000010
11000101101
00111101111
01001100111
00101110010
00111111010
11001011100
00000011111
10100110000
10110100111
00010011101
10001001101
01110111111
01100110110
01110111010
01111111100
00001011111
00011100100
00111100001
10000100101
01010110000
01110100000
01110100100
10100010010
10110110001
01111110111
11010011101
01010011111
10111111000
01010011000
10111001110
01101101000
11100001001
00101011111
10000110001
00110001000
00110110101
00100001001
01000110011
11101010101
01110110101
11011101000
10000001101
11110001001
01000110100
11000000010
00110100000
01000111110
01010001111
10101011000
00010101110
10101110010
11010001101
11111001000
01110101100
00010001101
10111001011
11010000110
00010111000
00000000110
01011001000
01010111111
00101101111
11111011101
01001001001
10100100101
01001011001
01010001111
00001001001
01111100111
00001101000
11101000101
10011000100
01100111101
00001001001
01100010101
11011101100
00111001100
00011101100
10110110100
10111110101
01000001110
01111101100
01111001001
11110101111
11011001101
00100111101
00010000111
00101111011
10110010011
01010100010
11010111111
01000001011
10010010000
00101000110
00100011010
10011100100
11101011110
10011110100
10101011100
10001110101
01010101011
11000110111
10000110110
00001011010
10100111010
11101100100
10010101111
01101111111
00011100011
11111001001
10111110110
11010110111
10010100010
01010111010
00010101010
00111011110
10000010010
01011010000
10101101100
11000001000
11111000101
00100100001
00011101110
11010001001
01100011000
11110000110
00011001101
10001110010
00001010000
00000000100
00010101001
00000001100
00101111110
10011010111
11111100001
01011011010
11101010100
01010011100
01001010111
11000000100
00011101101
01011010111
10011011001
01010100110
01011110100
01101010001
10011100101
10110010001
00101111111
00111011101
00001001101
11101000010
00100000100
00000111000
00101000101
11011100111
10101000011
11011001000
10101001110
11010100000
01110010110
01110110010
01100010000
10001101100
00101010010
10010100101
11100100001
10000110011
10111010000
00011001111
00001001010
11001100000
01010110101
00111010011
01101111011
00101011010
11101111111
00001100010
00111100010
11101111001
01000101000
00011010110
01100110000
00000001001
01110010111
00000000111
00100110100
11101111110
10101110111
11011000011
01010110110
10110001100
11100011001
11010110101
10010000101
10100001001
01010101011
00110111000
01111110110
01000100010
01010101011
00111011001
11010010110
00000000111
10100010111
10010101010
11000001100
10111110010
11111010110
11010101000
11000101110
00011100110
11100111001
10001101110
10011000101
10101101110
01111010010
01110100111
10101010011
10101101001
11011000110
01001100001
00011000010
10010100000
00101010111
01001111010
10011000110
00010000110
01111111101
11001101011
11011110000
01000110110
01000011011
01100101010
01110101000
01011011001
01100101011
11101100011
01110001111
10110011111
00001110100
11011101100
01111011110
10001000111
10010111010
00110101110
11100101101
10000011011
11101000111
10010010100
00101100001
00101011010
00011001110
10100111010
11010100100
11100001100
11100110110
01101000101
10010101010
01010110110
11001000001
11001001110
00100011001
11110001011
10111101011
10100011100
11111100010
00101001010
10010111001
01101000011
01100110100
10001010100
01100100100
10000101100
01101100110
10101110001
11011011110
01001101011
10101100000
11010010100
00001100000
11110010111
01001101000
00110100101
11001000000
10101110100
01111001111
10111100101
11000001100
01101111100
01000111111
00001110101
11001011000
10110001100
01111011010
11101110001
10111101111
11011101000
11000101000
01001010100
11011111101
10000001001
11101100100
00000010100
00010101100
00000110010
11010110000
10001111100
10000000111
00111000101
01001110001
10110000101
00110100000
01111001110
00000011101
01001010010
10100010101
00100000101
10010011000
10001000000
01001101000
11111110111
11011111101
01110000101
00101100010
00101001111
01010110101
11001111011
01101111110
11000000010
11001000001
00101000000
00001000010
00011000010
11010011010
10111100011
10011010110
10111011100
00011001100
11101111110
10100001000
11110001110
10100101011
10000100000
11111010101
10001101001
01011000011
10011111010
11000011011
00110000111
01100111111
01001011101
10100000110
00001111100
01100100000
00000111111
01100101010
11011011101
11110000000
01001100000
11011001101
10100101001
11111101011
11100001010
11001100100
00111000101
10011101011
11101000101
11011011001
10010101110
11101111100
11001110111
00010100000
00110000110
01011011101
00010000011
10000111111
01010110010
00100100010
00001110100
10010011000
00100000000
00100011110
10111101001
01101111001
00000001101
00110101010
10011111000
01000010111
11100011001
00101111100
00100001010
01010111001
10101011010
01010010011
11111010111
10001100110
10011010001
11111001110
00010110111
01011001100
00110111101
11001010100
00001100111
01010101101
00100010011
11100010010
11010110001
10101010011
01111100100
01111100110
00011100111
01110110011
01010000000
00100101011
11010101001
01100110010
11101010010
00010011001
00100000111
00111001000
11100001010
00101010010
00011011100
11111100110
11111110101
01100001001
11111110011
00111101100
11110110000
00010100011
10011001101
01110010000
01001101001
01100100100
01011001010
01100010010
01110010001
01100110011
11000101100
00110110110
01100110000
10110001100
10110110110
00010010000
00001110101
01001001110
01100001101
00010001010
00011111000
10101010000
10101101011
11000001011
10001010100
11101010011
11110001100
11110111111
00110010010
11001100101
10010000011
11001100000
01000011001
10000001001
01110111011
11000010011
01101110111
00010100111
10011100000
11010011001
01110110101
10010100111
10111111001
10110011111
01100000100
10000101101
00100011110
00000000100
10111011010
00010110110
11101101101
11011101010
00010101001
10100001011
01111000101
11100010001
00101010000
00101100001
01011101011
11100010000
00111001011
00110100111
10110111001
00110111000
10101000001
10100101011
01010110010
01001111101
10111010000
11110000111
11101111001
11010111010
11010011101
10111111110
00100100011
00000000111
10100101110
00011100010
00100011000
10001100010
00101010101
10100111101
01101010010
10110000011
01101010100
11101010111
00000010000
11110111000
00110011111
00100011010
01010101101
01010101001
01110011001
10111100011
00110100110
00000111001
11110111010
00000010010
11100000101
11011110011
00000011000
01011011011
01010101010
01110011001
11100100001
10011001001
01111010111
11100001000
01111001010
01101110010
11000100111
01100010011
00000110101
10010111110
10001001101
00111010111
11011111110
10001110001
11000011110
11110110110
00111101110
10010100110
11001111000
11110000011
00000011101
11001001001
11111001101
00001111100
01000000001
00111000000
00101100000
10011101010
01111100000
11101111110
01010011110
10001000110
01010101001
01001111111
01011100011
11110011011
01001110101
01100011110
11001010011
01101000101
10110001110
11001000101
10000010100
10001011111
00000000001
10100011001
00100001000
01011111000
11000110101
11110011100
11001001100
11101000011
10011011010
10101110100
11100000110
00010100001
11001110001
10110100110
11100100001
00010001111
01110111100
00101001000
01001110101
11111101110
10011001011
10100110100
10001011010
11010101000
00100101111
01000110101
00110011111
10111000011
11110010011
10100011000
10111000100
00001110100
00101000111
01101001100
00101011010
01101100101
01000000010
10111101110
01110010100
01011111000
10011010000
01011001010
10101000000
00110001001
11000100001
11001100101
11011111110
11011011100
10101010011
10011010100
10010001100
11011101101
10010111000
11000010100
10110100100
10100010010
00111001000
11100110011
11011101111
10111011100
11011100000
01111001000
11010110011
11110110010
10011101100
10011010001
01010010111
00110011011
00101100001
00000011110
10000110111
10110000001
01001010010
10101011001
00011001100
01000111010
01101011111
10110100011
10110111101
00010101000
00011011100
00100000001
01001010000
11111000100
11101011000
00010100010
10110011001
11101110001
00110100010
01111111010
11111010101
01011100100
01010100110
11000001010
10000110100
10000001010
01101010110
00110011000
11010001000
01001111111
10110100101
10100100111
00001001011
00011110000
11010100101
11100101101
00100111100
01101110001
00001001100
00000010110
10111011011
00110101010
01111111100
11011110011
01001000100
01100011100
10111010110
11010011100
10110011110
01000101111
11110101010
00110111100
11010011101
11111001011
11011010111
10101111100
10011111111
10110101000
01011101110
00110010011
11010111010
10110011110
10111101001
10011000100
00110001100
11100110101
00111010110
01000100010
11111011000
01101111101
11101011111
00101101010
11101111110
00100000110
00100101010
01101001000
01011010011
00100011011
11010011000
11111010110
10001101100
00101111101
00111101000
11110001100
01111001011
00000001000
00100111101
11000101100
00001111010
00010010111
11011011010
11110101110
01010111100
10010100000
00110111111
01011100010
00101000101
11010110101
01001001101
11010001010
11100111111
11010110000
00010111101
00000111000
00101011110
11000010010
10000110000
00100001100
00101111011
10011010011
01011111011
10111001010
11001011111
01010000000
01110000001
01010110111
10010000110
10101101110
01000100100
01010100100
01101110010
10111001111
11011000111
10011000111
00010111010
10000110101
11100011110
10111110001
11011100101
10100110100
01110110001
00110110000
00110111010
00111101000
01001010110
01100111101
10111110000
10001011011
00000101100
11111110011
01000010001
01011110001
00001110110
00100011001
11100110101
10011101110
10100000100
01001011001
11111000000
01000010110
01011000111
00000110010
11111111010
01000011010
00010110000
11010100011
00011100010
00001110001
01100111110
10010111101
11010101100
10000101110
10110001000
11111101111
01101010101
00100101101
10010110110
00010000100
10000010111
01100100100
11101000000
10111100011
11101001111
11010010011
10010010000
01010010010
11110001110
00011001001
00001100011
00110110001
11000000000
01010000001
01011011101
11111000111
00111110010
00010111101
00011100011
00110101000
10010100100
11111101011
11101100001
10110111111
00101011011
01011101010
11110010100
10101010001
01101010110
01111001001
01100100111
00101000111
11011111010
01011011001
10101101100
10011110000
01011001111
11001100101
00000111111
00111000001
11101000000
10010111100
01111110001
00111111101
11001101111
00011100000
10100111111
01101110111
10011010000
01010100001
10100101110
00000001001
01011000111
00001110101
01000000010
10100110000
10010001100
10011100100
01000101110
01101111100
01100100111
01100111100
11100000110
00110110110
11010100100
01010000001
11001011111
01100101100
00110110110
01011110011
00100101000
11001111001
01101111001
01100000001
01010111001
10000110101
10011110100
10101101100
11000011010
10111000011
00101000001
00110011100
10001111010
00000001000
01001111110
00010110101
01100011001
10111110101
01001001011
01101000001
10000101110
00010001001
10000110110
00000110101
10101000010
00000010000
11010010011
10000000101
10111011010
00000110111
11100110111
00000001111
01101000010
01000001001
11011101110
00110100011
00110010100
00001000011
00110000001
10101101100
00100000110
01001001100
01110101100
00110100000
11001011001
11100010101
00011110111
10001110010
00010111011
11000000101
11100101111
01001110101
00101101100
11100011111
10010010101
10011110100
00010110111
00010101011
10011001010
10011110100
01010101101
00000100011
00011011010
11100011000
00111001011
10011110000
00100010100
11111010001
00110010000
11111101111
10111101110
00000101000
01111110111
00100000011
10101000001
10000110110
01111100111
10000100011
11010100010
00100001001
10101010110
11110010110
11111001100
10110101111
00000010101
11101011000
10000011100
01011000110
11101011001
01011110101
00011101110
01110011000
11110101011
11100111110
11101000010
10100001111
11101011101
01011100110
11011110111
01101101110
01111101011
10011000010
00010101001
10111000001
01011110011
10111001110
10000101110
01111010110
11010001000
11001111100
11110011100
01111011011
10110111100
11000001100
01010011111
11100100100
00101100011
10110001111
10111000100
00010101010
00111111100
11101011111
01111000111
10001001000
00111101001
01111101001
01011101000
11001100110
01110100100
00110111100
00001011101
11110001110
10111111000
10111000000
10111000010
00110000100
00111000000
01001000010
10101100011
11010010110
01011001011
11001001111
00100100001
00111111100
10101101001
01001111101
00001100001
10000000110
00001111010
11010101111
10001111100
01110110011
11111100000
10111001110
11001000111
00101001100
11011001000
00111000010
01110000110
01000000010
10101110001
01110001011
00010001011
11001001110
00110011011
11110111111
11111001011
01001011110
11111010111
11001011101
01011000000
01100010110
00101100110
01001111000
10001100011
10001110001
11110010010
01110000011
11011000011
11110011010
11100101010
11001011110
00010011010
10000001001
10100100101
01011000110
01101011110
01111110010
01111101011
10000011011
01101100101
01011010100
11010000000
11111111110
00000111011
00100001011
00010010000
00000000111
10111001111
00000000100
00010101101
01101011111
11101010111
01111110101
10100110110
10100010011
01101111111
10001010110
01101100111
01011100101
01011110001
11110111010
11110100010
00100010000
00101100111
11010101001
01010001010
00001000110
11001010110
01000001010
00000011101
00000100010
00101011001
01111010011
11101110010
00101111100
01011110111
10000111010
01101010101
10010111010
00110000011
00111001100
10110101111
10010101000
01100001111
11011001010
11101100010
00101011101
01110100110
10111010110
00000011101
01011000001
10010011000
00011111001
01101001011
10100110100
01010101101
10101011001
00110111001
10110001001
10100011101
11010010011
11010001000
00010110111
10100110101
10101001001
01110111110
11000111110
00001100001
11000100111
00000001000
01001101001
11110101110
01110001101
01101111111
10010110000
00001011000
10111001000
00001100010
00000010101
10100100010
01010100100
10111110110
01010001010
10101011110
00111100010
10110000101
01011110000
01011010000
00100010100
00011011001
11011110111
00100111010
11101100000
01001010110
00111111101
00111001000
10011101100
10110001101
00000111011
01011100111
10001010011
10111000010
11000101111
01111110010
00100001100
01101010000
10000100001
11001000101
01000010111
00110101111
10011101100
11101101110
00001010111
00000111100
11100000101
10011011110
00100110110
00101000101
01101101000
01011011111
11100100010
10101001101
11101100111
11101101100
10101010100
11001100000
10010101010
11000111011
10100101011
00011111001
01111111111
01101011111
11110001111
00001000110
01110100011
01101001110
00000100101
11100001011
01010001110
00010100000
10111100000
00011110011
00000001110
11100011001
11101111001
11000101100
00011111001
01011100010
00111001001
10111001010
00111011011
10110010100
11011110100
01100100000
10100110001
10010110110
00110011010
01000010001
00000000101
01110011011
01011101010
00101011110
10010110011
10100001111
00001001011
00000001011
01100010010
00111110100
00100001010
10110101000
10010011101
01010100101
01110100111
10000000010
01110111001
11110110101
00011100110
10000101111
11011100110
00110011111
10110111110
01100010010
11111110110
00110001010
11101110011
10101101111
00001100101
11101101100
10001110101
10100100001
00111110110
11011001001
01001101001
01001000011
01000010000
01001000101
01011001011
11101010110
00001000010
00100011010
00100100111
00101010111
11100101001
11010110111
10010100001
01001100011
11001010110
10100110001
11100100101
00100000001
01111110101
10101111100
10100101110
10101111011
00000111010
11001010110
11101111001
00111110100
11101001111
10111011011
01011001101
01000111000
11010110110
10111001000
11111010111
10100010111
11011100010
11101000100
10100110100
00111110010
01110001110
00101111110
10010000110
11110100001
00010100011
10000110110
10010111110
10010110000
11011000110
00010111011
11011000001
11001000011
01100110010
10000000011
10111100000
10010011101
10110101110
01011000000
10010101010
00110111110
10100110010
00011000001
11011010101
11101111010
11001000010
01001011001
11000001010
00010000001
10000000011
01100011111
01111001100
01000101110
00101000101
11100011011
10011100110
01001111110
01011101011
01101100010
11110010010
11111000100
01000110101
00000001000
10000100111
01100001010
10111011001
01110101111
10110111000
00101110000
10101010101
01110111011
01110000110
01010101011
00111011000
10111000110
11011100000
11111101011
10101110010
00001010101
10100001111
10011101010
11111000111
11110111000
11010000011
10110111100
10011101111
00111101000
10111111010
11100110000
00110001001
00000111001
01110111010
11110001011
01111111111
01001100001
01110011101
00100101011
11100001010
00000110000
11000010010
10011111011
01000101011
10011100100
11010111010
10010100001
10111111011
10101111111
01111111000
01110101011
10110111101
00011000011
01100011101
11011011111
01101110010
01000101010
00100101100
10001101101
01111110101
00101011001
01010111000
11010001001
11111100000
10001111110
00111010011
01111000001
11001110000
10001000001
10101011100
11101010100
01100111110
11100011011
11011010011
01111001111
01001011010
01100100111
11111000111
01101111100
10010100001
10011100010
00110001111
01101100110
10001111100
01101000110
10010100011
01010011101
01110000110
01011110011
11110001110
00100010010
00001101001
11111100001
11111100010
01100010001
11111011000
11000001011
11101010010
10010001111
10100100000
01000000111
10011000110
10100100110
00100000100
01100110010
01111010011
11011001100
10010101110
11110100111
01001100100
11011000000
01010111111
10100011001
00010101010
01010101110
11000101010
11010000111
01110001011
00100100001
00111001011
10011101110
00010010010
01101011000
00110001100
10000111011
11000010111
11011101101
10111101100
01111110110
11100111110
00001100001
01000011011
11111101000
11101100101
11110110000
01001010100
01011111111
00011011001
01001010111
00101011011
10011000001
11010100001
11011110101
10001011100
10010100010
01111100000
11000010000
01111111001
11110101001
00100110001
01000101100
11010111110
01000000101
11111011100
11011001100
01110111111
11001101000
00011111100
10000010111
10001001001
00110011110
01001010001
01010001010
11100110100
10101100010
11011010101
00110011101
00111111010
01011111001
10100100010
10100001011
01001110110
11001000100
00000110110
11111011110
11001011100
00110001111
11101010010
11011101011
11101100001
01110000111
11011011100
11111010111
10001001111
01100101000
01110011101
11110000110
01101110011
00010000101
00111110010
00110001100
01000001000
00100100000
11110111000
10101101011
00011011110
10111010010
10000110110
00000000100
01100000000
11000011101
00110101001
01101110110
11111001011
00101111110
00100001000
01000000111
01110001111
10010011000
10111001011
10100000111
10010001010
11001000111
00010100110
11010001101
10100101111
01010110000
11111001010
11111001101
00010000000
10100111110
00000000100
01100001100
11111110100
10111000110
10001111010
10101000011
00101110101
10011010111
10011100001
00100111110
01011101001
00101101001
11000011001
11111110101
10000101000
11010001000
11100100111
00101011110
11011100110
11111111100
00000111101
01101101100
00000110100
00001011001
10100011000
01111111000
11100111010
00110111011
01011110111
11001010011
10000101101
10110001010
00100011100
11110000110
11110110001
10101111010
00001000110
01111101010
00010111000
10000111100
11011100100
11100110110
10110110100
11101011001
01010100111
01110101001
11100000111
10110110101
00111011100
01001011110
01101010001
00010010010
11010010000
00110001111
11011000011
11111110100
11010100100
10111100000
11100000010
11101010001
01100111100
00000000001
00011110101
10101000001
11011101011
10000100100
10101111000
01010110110
10000100010
11110010010
11101011010
10011111001
10110011001
11100110100
00001100100
00111110111
11110000000
01110000111
11111001110
01100101001
10110110111
00010000110
00000101111
01010010111
10111000001
11010100111
00001111000
11100110011
00001000110
10101010000
01100110010
00011000111
11010001011
10100000000
01100101010
01101010011
11100101011
01100010000
01101011011
10011101100
00111000000
10000101010
10101110111
11001101000
01010001000
11100010011
11001011111
10100011101
11111001011
00100000010
01010101101
01000011001
11011101000
10111101100
00111011000
00010011010
00101111000
10000111101
01011001110
11000101011
10010001011
01100011111
01001001000
01111100110
11010110000
01111101000
11101001010
00010110010
01011000010
11101011010
10010011011
00000110111
10101011010
10110010111
01011011110
11010101011
00011001011
10101101010
00101111100
10101110011
10101101000
10010101101
11010000000
00010110111
01011001000
11110011001
11011011011
11110000111
00011000010
10101101011
11001101000
01010100011
01011100001
01001011111
01000110010
10110011011
11110000001
11111110100
10001110010
10110110100
10101001111
11111000010
01110110100
00001111110
11010100101
11110100011
11111011101
11100011110
11010001110
01111110110
10000001110
11001111111
11110110001
10100101001
10101111011
10111001011
00101110101
10010000100
11000110110
01101110110
10100001000
01010010000
11110100111
01111011100
10101100001
00110100110
00100110001
00100110000
00100100100
01011001110
10010001011
00000011111
11101100001
00100010011
01000101000
11100111010
11001001111
11000101001
10010001010
01111100100
00111000000
01011110110
00001101000
10010011100
10010011111
11001000111
00110111100
00010110100
01111000111
11001000101
11100100110
11011111011
10010110111
11011101101
10100001111
00010001111
10010001110
01100101001
10111011110
01101010111
00111000101
11100001000
01001111100
11011100001
01001101001
10101111001
10000001101
00110100011
01001010011
10000000100
10010011000
00100100101
01101111001
01111110110
11000011111
01000010111
00100000100
10111011111
00101100111
10101111111
00100011110
11010001111
11110011100
10100001000
01111000111
00011100100
11101010110
11100111001
00000000110
11111001110
10101111010
00000011001
01011001011
01111011110
01010010000
11001011110
10111001001
10001110111
01010101011
01001000011
00001100110
11110111001
01001100010
10010011010
11000010111
00101011000
11000010010
01111011110
11001000101
11001010010
01001110011
11100001001
11111010100
00110001001
11110100110
00111110111
00100010100
01100111010
00001110011
10011100011
10001010000
00001011111
00101000000
00110110100
00111110110
00010010010
01010011100
11111101010
00000100010
01010001101
11110010011
10001110101
11011101010
11100010111
11010100110
01100110100
10111101010
11111101111
01110001000
01110001001
10010011011
10100101111
10110000001
01111110010
00101010101
01000000111
00001100100
00110111010
11110110110
00101011100
10110101000
01101001100
10111011000
01111001010
11000011110
10010010011
11011011101
11010000001
11111111010
01000011100
11101110100
11110101010
11101001100
01001001100
00001111110
10000111110
10101011101
00001111110
10001010110
10010010100
10000110110
01010110100
01110101101
11111100100
01000001010
00111011101
10001100101
11010110111
01011010010
10101011000
01001000010
00110010000
11100011000
01110101101
10111010011
10000101110
11101111001
01100110111
11111001110
10100001000
01010100010
00010010110
00010000111
00011110001
00011110110
10000010101
01111010101
11000110011
10110110101
10111111111
01100010000
01010001010
11110010101
01100010101
00111001100
10110101101
11010010010
10011010010
10001100010
00010001001
00011011001
10010010000
10010100110
00100100000
11101001100
00100011000
10010001010
01111010010
10101101010
00000101001
00000011000
10100101010
10010010001
11110011001
01011000010
01010100101
00010110100
10101000001
11111000010
10111010011
