10100010101
00011001100
00011100010
10111100010
01000001010
01110111011
00111100110
10001011010
11101111101
11111101001
11100110010
00101110111
01011111110
00011010000
11101111111
01011111001
01010101010
11100110101
01100010000
00000110010
10100011010
11101001101
10010001000
00110001011
01001010000
10000110011
10101011100
01010001100
11011111100
10001111000
11100100000
00110000000
00111011101
10000100111
01100100100
10100010001
00110000010
00100101101
01010011110
10110110011
00111110100
10010010110
11100111011
01100100110
11000011110
00000011110
11000001101
01001101101
01010110011
00000100011
01100100001
11000111110
00100101000
00101110010
10001001010
01100110010
11110101101
10101111001
00011101101
10000011100
01001001010
11011010100
11001011101
01100101111
11011110001
01100011101
10100011111
00101000110
10111101010
01100001111
11110000100
00001010101
11111011011
00111010111
00010010011
10001010010
11001100111
00011101011
11111110001
10110110000
00101101100
11101101111
01110011010
01010000100
10000010100
10000111110
10001001101
00100110011
00111101100
10111101000
00000010001
11100001000
00111110100
01001010100
01001110010
00011100011
00001101101
10010100000
01011101010
00011100101
10101010100
10101000011
10010000010
00011111001
10110011000
10010110111
01011110111
01101001011
10101010111
11110010010
11011011011
11011100000
10110011011
11110000001
11101000111
11110011100
11001111110
01011011000
11010011010
00111110110
10010100001
01000010111
11101010111
00011100101
10111011001
00000000101
00001101100
01101111011
11101010000
11010100100
11011010100
10000111101
10001100010
11010110100
10001010110
01000101010
11000011101
10100110001
10111100111
01010000010
01100101111
11100011110
00000101010
01110001010
10111010001
10100101110
10100010101
00000011111
11010110010
01001000111
00001110101
11001111101
00110110001
01111111010
11000111110
01111011011
00010001101
11110100001
01111110111
01100110100
11101111011
11111011100
00000111000
10000001110
00000000110
00000011010
01101101110
10010001110
10000100001
01100010100
00111011000
01100000000
10111000011
10111101001
11101100100
10101110011
01001011001
10001010001
11111110001
01111101010
11101110101
10111011011
10110010011
00001001100
00101100110
00101011011
00011111001
11010010111
00001000000
01001001100
00000010010
00001110111
10000111011
00000111110
00111001110
11010010111
00100111100
11101000001
00000101101
00011010100
11101011110
01011110110
10000000011
11000011011
01011000110
10110101010
00000101000
00001101001
10010001010
11000001100
10111100010
00100010010
10011010011
01100001011
01110111000
01111010000
01101001110
00101011101
10111011011
10001011010
11000100011
11010010011
00110000111
11111111110
11000111000
11010001100
11101101110
11000101011
11100101101
11101111000
00011000110
00001001001
01010001101
11011101101
10000000110
10101000010
11011010001
01011000100
11010000111
11011111101
00111000111
10101011110
11110000110
11101010000
11101110000
00000100001
00110110010
00110000011
01110101000
11011100011
01100101111
10110101101
11111010000
10111101011
00001100001
11110111011
10011111111
00001000100
01010010001
01001100010
10000010101
10101111001
11100011011
01100010110
01001001001
10110110001
11001000111
11111100101
11111110011
11011101110
00111110110
01100000010
01010010001
10111101001
11011111001
01011011001
11000001110
11011010111
11111110011
01011100011
01011000010
10010001010
01100001001
10000110111
10001111110
00110101110
00111111011
10000110000
01100110111
01111000110
00100110101
11001000110
00010101000
00100010001
10110010101
10000010011
01110000000
00001111011
11011110000
01101111100
10101100101
01101100100
00001110100
00000001111
10110100111
10101001010
01101001100
10111111100
11000011000
00110100101
10110010110
10010111010
01011000001
10001110111
01111111001
00001100001
01011101010
10100001110
01001100110
00011010001
00101111101
10010011001
11000010100
01100000011
10011000111
00101000010
00010101000
00110100101
11010110101
01101110011
10000101001
01100010011
11111000110
01000011010
00110011010
11110111100
00010010001
11100011011
00010011100
01111111000
00000000101
00001010111
11011110000
01110001101
10010011001
10010011101
11010110011
11111001001
11011001100
00110101110
00001101111
00011110001
10011001000
10001110000
00111010000
10000110101
00110011001
10110100001
11000001100
01000110101
01111100101
10101011011
00110100011
11011000110
10000101100
11000111010
11101011011
00101110111
00101011010
10011100111
01000110000
01101001111
00110100010
00111011100
01110011100
00000111011
01001100011
11010000000
10110101000
11111010111
10001110011
00111011111
00101101101
10000110111
11000001100
10101000000
00010101110
10100001111
11000011100
10011110010
01110100110
10011010010
01101100110
00001111000
01110101101
00110111001
00011101111
01011100010
01000111110
00010111001
11111100101
00111001110
01111100010
00001110001
10101100111
00010111011
10111000100
01110011001
10101010110
10011111101
00010011010
00101011111
11000101100
00100011110
10100010110
01111010000
11101001100
01111001100
01000010010
01110110101
11010011101
00110101101
01110000101
11111010010
10101100011
01010001110
11001001100
01000000000
10110110100
11010100010
10101101100
11110001001
01110101110
10010110111
11100100101
01100010011
00010101010
01010100101
11011010000
01010111111
00000001100
00011110100
01010111100
11011001010
01100000001
10101100010
10000001101
10100000100
10000101000
01000011001
01011001011
00011001101
10100001011
01110001010
01100001101
11010001100
00111111110
10101100110
11111000011
11001111010
11011000101
10111000001
10010101011
10010011111
00011001100
00011101110
11010110100
01101101000
11100101000
00001101000
00010110110
10011111111
01010001000
11100101100
11011101011
00100110101
00011100100
00101110110
00011110000
11101110111
00001010010
11110000011
10100010100
10111100011
11001100101
00010001000
10000100011
10101111100
01110001101
10111101011
10100110010
11011010001
00010001000
10100001011
10011100111
01000101000
01111000011
11101000011
01100110010
10010101100
10111010001
01001101101
10110110101
01000011100
00101100100
10011001100
11011011111
00100010100
00011000111
01111110100
11001101110
11000000000
10010010100
11011010100
11011101001
10110111000
01101011010
01110111011
10110100010
01100010001
01011001111
11001000100
01001101111
11000001101
10011111101
11010100110
01111011011
00100000011
11011100101
01011111111
10010100001
11100101001
11101010111
10001001101
11101010100
10010110001
10110011100
10011100001
01100110000
00011001010
00000101101
01100010101
10011100111
01101100010
01110000110
11110000011
01100100111
00001111000
10111010000
10011111100
00110111111
01110010010
11010011001
00000010101
01001001111
11111000001
10100011111
10110000100
10111110100
11101010111
10000001100
01111010000
10011110001
11101001001
00010111001
01110011101
10110100100
10111110010
01000101100
11111111010
10010110101
10110110100
11100000110
10001110101
01001010000
01110111000
10110101000
11100111111
10100111000
10011000001
10000111101
11000001000
01100001111
10101101010
00110100010
10100011010
00110111111
01011011111
11100000011
10110101101
11011010101
00010111100
10110010110
01010110101
01111101111
10110101011
00001110100
01111110111
00010011000
01110001011
10001001011
11010001000
01111110011
00010111010
10010101011
00110110000
00110101011
00000110101
10110011011
01110110010
10001110011
10101101000
10101000110
01000010111
11001000101
10100010101
00111011100
10100011110
01100000011
00111101010
00111100001
00111110101
01011001000
10011101010
11111101110
00111101100
10000111111
01001001100
11110011010
11101001010
01011011111
10000000011
00000001101
00011011110
01001111010
10111011110
10001010111
10010100001
01110010011
10101000010
01010001110
01110111101
11101000111
01110011100
11000100110
10010100011
11101010111
00000011100
11001001101
10001111000
10100110101
10100101010
11111000000
00101101100
11010101000
01000100100
11001001110
01001100000
00000111100
00100011010
00011000101
01011111100
11101011011
10110110010
01001001000
01001110100
11000011011
01001001010
11110011011
10100010100
11111100000
01111110011
11001000001
10111100011
00000110100
10011000001
00101001011
11011010010
00001101101
00111111011
01110100101
11111100100
01001011001
00010010001
01110100010
11011111000
11010001110
11111000000
01100001001
01011100101
11100011010
11101101111
11110011111
01001100001
10111100001
11010101000
11101110100
00100111010
11010000000
10100001011
11110011110
01011001101
00011100100
10010010110
10111011100
10110101100
01000001110
00001010101
00100011001
11101001101
11011111011
00100110011
11110111110
11011111111
10101100010
00000000010
01111101111
01111111111
10100111000
01011110111
11110001010
11010110110
00110101110
00100111001
11111011000
10101001000
00110011111
01010010111
11111101100
00101001011
00110000100
10011101011
00111001101
10110111100
01100101011
10011010111
00001011000
10000000110
11000010100
00011011001
11110010100
10011010011
00111110011
10001011001
01011011110
10000001100
00000100101
00101101011
11100111101
11010010000
00001111100
10110001000
01100001110
10011000000
10110001110
00011001010
00101100100
01101110011
11000000011
01010101001
10001100000
01101011010
00011110001
01011001100
10110100100
00010111111
11010101011
00110011011
11111001000
01011110111
01111010001
01010100010
11011001100
10011000011
01110001001
11111010001
11000111011
10101111000
00110111111
01110110100
10110111111
10011010111
00101010010
10000000100
10011111000
10100001100
10010100101
11100011110
10100011111
01001001100
00010000111
11000100000
00100011111
10011110101
10011111101
01001010100
00001111000
11110010011
11010010111
01100000111
10101101101
00011111101
10011001110
00100000101
00000111101
10100111100
10011010101
00000110100
01111110010
01110110100
10001001001
01011111011
10001000101
00100001011
10110011100
00010101001
10110000001
00110111010
00100000010
11011101111
00110110000
11011100010
01011111110
01011101010
00110010000
10010011101
00111011010
11010110111
01111100100
10011111100
10001100001
11111011111
11011110101
10001101011
01101110101
01110101111
11111110000
11100111100
11000101000
10100001001
00011101110
00010010101
00011101000
00100110000
01010010111
00101111110
10001000101
10111110110
00011001010
11111100111
01111001011
01000010011
11000011011
01110010001
10011101100
11001010100
00111110000
01110100000
00001000011
11100101101
00011110101
00011011001
11010101000
01001111110
11011111101
11111101010
10011000011
11011010000
01111000001
01000010110
01000011001
10000100000
01000000000
11001111111
00100010011
00100111111
00000100000
10010001000
00010110110
00010001000
11001101011
00110000100
10101000111
01010100111
00011001011
11100111000
11001010011
00101110111
11011001110
00101110000
10010101001
11000111010
11001100011
01111110101
01001110011
00000011110
11001010010
00011100011
11100110001
01111010101
01000101000
00001010100
01110001000
01101110000
01101111110
01011100011
00000001100
00100011001
00110101110
11100001010
00111001100
00100111101
01001110001
11011010000
00111011110
01010001000
11110010111
11001000101
00001101000
01111010101
01001000100
11010000001
00100101010
11001101100
00001100010
01001100101
01101010001
00111101111
10001011011
00010001011
10011001101
00110011101
11110110101
01101001100
10000001010
11011010011
10011110100
00000001101
10010000010
10100010101
00111111111
00010111110
01000011000
10010111110
00111001101
11001010010
00000010111
11011110010
00011001110
11111010100
01111011111
10001010001
10101001111
10101110101
11100101011
01010111100
01111000010
10101111101
11110010010
10001001110
10101111111
01101101010
00111111101
10010010100
00100111011
11100000110
10110100000
00000111001
11101101000
00001001001
01011010101
01011010110
01011000011
00000111111
11110110110
11101010100
01111010001
11011111011
11110110010
10011101001
11101110010
11011111001
00110011000
00001001111
00011110101
11010100111
00110000100
00100100001
01100100111
00110001011
10111101100
11110100001
11110100101
11101010101
00000101011
01101011000
11000111000
10001001101
10100100111
01111010100
00111100110
00101110100
00010110100
11100001101
11011011101
11011000011
01001001100
00000100011
01101000011
10000111100
00000001100
01001000111
11001111011
01000011001
00001101010
00011111011
10011011101
00000111100
00010100011
00110001000
00010110010
00100110101
01000001001
10100001110
10101001100
01000010011
11111110100
01110010101
11001001111
10000001111
10100000010
10111111101
00011100110
00110011000
11110010100
10001000100
00001100100
00101000101
00110011000
10100111111
00101101111
10111000100
10110010000
11000101011
01100011011
10001110111
00010010001
11111001100
11000110110
01010011110
01001111111
00010011000
10001110001
10001001111
01010000111
11110001101
01110001110
01101010010
10101110100
00100010011
01011101111
00010000000
01010110101
10010110110
00100010111
10100001000
00011000110
00101000100
10001000000
10011100101
10111011011
11111110000
00001101010
10111000110
00011110101
10000100101
11000111100
11010001100
01000110000
11111110110
11001000001
01000010100
01111111011
01111111001
10111100010
10011011110
01011101101
11001000001
10011000001
11001010000
11001111111
11000110100
11011001001
00110111100
11001101010
01001001101
00100101101
11110010111
00111101111
10010110101
01100000101
01000110000
10001011001
11101111001
00011001110
11111011001
10010110000
01001010001
10101001101
01111110100
11110101110
00010000010
10001010101
10110101001
00101100111
00010100110
00001110000
01001000101
01110100001
11010001101
10100001000
10110111110
11110101100
01001111110
00101001000
11110111101
10001000010
11101111010
10101101110
00100011101
00111000100
10111110111
01101100011
00011010011
01000111010
01010001000
10010100011
10100001011
00100001000
01101011010
10100010100
01011100000
11110011001
11101101011
00110000000
00001010011
10001110100
11011000001
11010011110
11011101101
00111111001
10101000110
10011000100
11000011010
11011011110
01111010000
11000001011
01010111110
00110110010
00000101100
10000011100
01010101011
01010101010
11011111111
10001001101
10100101111
00101110001
01010000110
10101000111
01001100000
01001110111
01110101010
11011100001
10001011101
00000011111
10000011111
01011101000
10001101100
10001110101
00010001111
10001010111
10001101110
10001000100
10001001100
11011110001
11110111001
11100111010
00001111101
10011001000
01011000011
11111101101
10000111111
10011101010
10101011001
10101001001
00111111111
10001101011
10000110010
01011000111
00100010110
10101100100
11100001011
11010010111
10111100100
01011111010
01001010000
01101111100
00110011101
00111100011
11100111001
00001010100
11110010011
11100001001
01100111001
00011010101
11111111011
01000001110
11000110000
01100010001
00001111010
10110110100
10000001001
00001001000
01111111010
10101101011
00100110001
01001010010
00001000101
10100001001
01010101010
01111000001
00010111011
00000110011
00100110111
11010111010
10101110100
01101111110
10100111110
00010110110
00001110101
11010010010
10111111111
10110000000
11100110101
11100010011
00100110101
11010000111
10010101111
00101111000
11100001110
11000100110
00110001100
01000100011
00110101100
10111010001
00111000111
11111000101
00000000010
11100100010
00001101110
01111011011
01000011011
11000111100
01011110010
11011011001
01111001101
11100110100
00001010111
11010101010
10101011011
11111010101
00101100100
11001011111
01111000110
10001011000
01101101010
10111010011
11100100000
10110100100
10100011010
01000111001
11011001100
01100100111
10110101000
00101010000
11100011111
11011011111
01000000101
00000101100
11100110000
00100000100
11101000111
10001011110
01101001111
00100010100
11111000101
00111100101
11110000110
00011010110
10011011111
11010111000
10000001110
01110010100
00001100000
01101010000
00111110000
11011101010
10000101000
10011101011
11010010100
11110010000
01101011100
10100000010
11000000010
11110110101
01000101011
11101011010
00000010110
11111101001
00111001011
11010110011
10111011100
01100001110
01011111110
11010101000
11000101111
10001011110
00000011111
10010010110
00010110100
10110010101
00100001111
11111001010
11000111101
01000010010
11110001000
10001000111
11000010111
01000000110
10010011001
10101000101
11111010101
01111101010
10011101010
11111110101
11110010101
01010010111
00000110110
10101100110
01011110001
10001001010
11111010110
01001101100
10101110000
01011111010
00101000010
01110100110
01001101001
00101010110
00000010001
11100000001
11101101110
01110011000
01101010110
10111111000
11010001110
00000000100
00110011010
01011010011
00111110110
11000001111
10110100110
01010000100
11110100101
11101100110
01111011001
11111011111
11101001011
11010000000
01111100110
11110000001
10001001111
00011010110
10001000100
10110000000
11011000110
10110001100
10011101101
11101011111
10001001011
00000000001
10001101010
11001000101
01110111011
00100010110
01111111001
10010101110
10101011110
01011000110
01010011101
11001110001
11011000100
11111011100
10010011010
00001000111
10110111010
00100111010
01010101000
10100011000
00001001010
01011011000
10000100111
00101011111
11000101111
11101100111
11110011110
00010101000
01011011011
00100010111
11110111001
01110000110
10001010100
11110010010
01010111010
00010000101
11011101100
00001011000
10101100110
10101001111
10101010011
01001010111
01011001010
11110100000
10011001100
01000011000
01010010000
01010011101
11101011001
01101010101
11010011000
11011010011
10111011111
01000011101
00011011111
11011110110
11000001111
00100100011
11000100111
01111001000
00010100010
11101001101
00100001011
01100110001
10000011011
00110011001
01001111011
01100001110
10010100010
11000011111
11110110100
11001101011
11101001111
10100111010
00100111001
10110101001
11101001000
01000100110
11100001100
11010100101
11100101011
10110010011
10101000010
10010000011
10001011011
11011101101
01001000000
11010100111
11000100100
11000100001
11011000110
01011101001
01110110010
10111010111
10111111100
01010001000
00001111101
01100100111
00001011111
01101001100
10100011001
11001110000
11111110110
11110000101
01000101110
00010110100
11000011101
01101010001
11011011101
00011101100
00010000011
11100011100
11000110101
10001111000
00110101001
01100111101
01000110010
00011001001
11010011110
01101100111
11011000010
11011100111
00110011001
00010000001
01100001000
00100110111
01001101110
11000101010
00001101100
00100000000
11110110011
01101010100
01111100101
00000101100
01100100111
10000011001
00010101110
00100110010
11100100000
01100101100
01011010101
11111011011
01010010010
00101111011
10110000110
00000001110
01010010101
01010010000
11110000111
00100011111
01000000100
01011110001
00001101100
10110011110
10110111110
10101110000
10010110100
01111110100
10011111100
01000011101
01000000001
00011001011
11011001100
01100110011
00001001101
11101011100
10101011110
11100011110
01001110001
00100100100
10001011101
11001110010
01100111110
01001101100
01100011001
10111000111
10110100100
00111001000
00001111111
00010001101
00001011101
10100110010
01100010011
11101111100
11011000100
00111000011
01010101101
00011101000
10101110001
10111110100
11111000011
00111000011
11010110111
11111000000
11001100010
11011011010
11110110000
10101011011
00111100010
10101000010
00100000000
11110100101
11001001010
11010000110
10111100100
10000100000
10101011010
11011110010
00010100000
00010001101
00110000100
10110011111
11000010101
11111010110
11001010110
10000001001
11111010011
10111010000
11000100111
11101010110
01010101111
10111000100
01011001110
11100010100
10011110111
11011011110
00100001111
01111100000
01010111011
01100101111
01011101100
11010111110
00000010011
11001001000
11011011011
01110000001
11111010000
01010110101
11111000100
00101000110
00101001000
11111000111
10111111011
00101101001
01011101110
01111010010
01000010101
00110111111
11001011011
00101010011
00110110101
11000111110
10010011001
11100110111
01001100010
01111101100
11000101111
11000011110
01100000110
11101011010
11001100010
01000010001
10010000000
10011010000
11100101110
10100010111
00000110110
10000010000
11001111100
01101110111
01011011101
01100011011
01110001111
10111011100
11100111010
11011010100
00110011000
01000101000
01101010000
11000111011
00001011110
00110011110
00101000010
00100010110
01101010101
00011000011
11110111110
11001001001
01001101110
01011000010
10000100000
01100011111
01100110100
01001110011
10001100110
10111010000
00011110001
10001100011
00010111101
01111101001
10100000010
10100001000
11010000001
01101111111
11110100000
01101010111
10101111010
00111010111
00101110110
10101000111
11000001101
10001010010
10000111110
11010101110
10101101001
10001010001
11100001011
11101100101
10111101100
01110010010
01011011110
10000100111
00010010100
00111110110
01010010101
00111001111
10111111001
10010100100
00001010001
00001001000
11001111110
01001111011
00001001001
00011001110
10010100000
01010100111
00110101111
10000111111
00001110100
10010010101
00001001101
00001110101
11000101101
00101110101
10100010110
10010001111
01100010100
10001111111
01010110100
00010001001
01101111100
01001010010
00010000110
10010011001
01101011111
01111010111
01001111111
10110010111
01111100010
11111000100
00000110000
00100100100
11010011100
01110010000
11011100000
11100011001
00101111001
10010011111
01111111011
01101111111
00111001101
01101010010
00110000001
00010000110
10000111000
10010001100
01001001101
01001010001
11001000110
01000100101
11101100001
10001100100
01011000010
11000010111
10100010011
00111011111
11110111111
10100100011
01110101101
10011010111
11111000111
00010100100
11111100011
01000111011
11011110001
10101110110
11000110100
01011011110
01111111100
11100101100
01100010001
01000011011
01011111111
11001110101
01101110000
01011111011
00001000011
00101010011
01000110011
11000011000
01010100011
00010111110
11000001101
10011100011
01111000011
01010011110
01110111110
01001101111
01100011100
00011110100
00100110100
10010000010
01000101000
00011111111
01100010000
00111110010
10111010010
10011111100
10100011101
11110011110
10001000000
11001101011
00000101110
10001011000
10000011000
00101111100
01110110001
10001000010
00001101011
00110001111
11100011110
01011111100
10110001100
01010001100
11000111100
00001100000
01010010010
11011101110
11101100011
00100101001
01110110001
11100001001
11001100101
00000101111
11100101011
10010001111
11010001111
00001010000
01100000001
01000010100
01001010101
00100101110
11110000110
00110001001
11010001100
00101111010
10101100111
00000010111
00011010101
10000101001
01100111010
11000010111
00100011001
00001010111
10000011011
00100101000
11011010100
00000011010
00101111011
01000111111
01011101011
01101110110
10001111100
11011100010
11010110101
01101000000
11000100011
11110010010
00101110011
11000100110
10110100000
11111111100
00011001110
00110000000
01110010011
10101111100
10000010110
10111111100
10100110011
11011011000
01011111010
10111111011
01100000000
10000010100
10001001111
11110010111
00010111101
10001010111
10010011010
01011111000
01110101111
00010100001
11011110100
00110101000
10110110001
00001000111
01101100111
10111111011
11001010101
11101101110
10000010110
00011001000
00001001010
01011110010
01001110011
10001110110
01000010010
01001001011
00010001101
00110000101
11011000010
10000011001
11001000010
11011001011
00011011100
11110111101
10100110010
01110000011
01100011110
11011111001
10110100010
01101001001
01000100100
11111011111
11011010001
11110010101
00100110110
01000111100
01001110001
11001110111
00101001001
10101001001
00110001001
01110011011
11101011000
00100010001
00101011100
10101110101
01110001000
10100110000
01000100010
01110000100
00011101011
11101101001
00000000101
01000011010
10011000100
10101001101
01000001111
10000111001
01001101011
01110010001
01111000101
11100111000
00001110011
10000011110
00110101111
00111101010
10101011100
01110101011
00100110100
01111000000
00100010011
10011001000
00011001010
01101000011
10001110100
10010101111
11000110000
01001010011
11010001000
00010010011
11101001010
11010110000
10000110001
01001000101
00001011111
00001011111
01011110111
01000001000
00000000110
01000111011
00011110011
10110010100
01100100010
01010110000
10001011010
10101001000
01110000011
11111100000
10100000011
