00110101111
10101100100
01001101000
00110110000
01010011001
11001001001
00011101010
01010100010
10011101101
01000011101
00111011011
11111010000
11001010001
01001001011
11100100011
11110011001
00010000010
11111111111
01011101000
10111111100
11111001000
00010001111
10101010010
01010001000
11110011011
01110100100
01010111000
10001110000
10110010010
01011100101
01001001010
11000110001
01110010001
01101010011
00001001111
11001001110
00100010001
11100100110
00100011101
01010011000
01011110110
01110111101
01000111111
11111010101
01001101111
10001001100
00010000010
11010110101
00010000111
01011111110
11111000110
11101111111
01111111100
01011001000
01000100111
11110011000
01010011001
11100100000
00100111001
11010101010
10011010111
01111001010
10100001101
00100111111
01010111011
00000001000
10111010111
11001100000
10011010001
11111110000
11010010001
01011011111
11001100011
01100101010
01110101101
00000011011
11101001001
10111111010
00010110101
11001000000
00001100011
10101111000
10000010110
10001001001
00010010001
00001011000
00001001000
01101110010
11101100101
10110010111
01010100010
01000000011
10110011110
10001101100
10111001010
00100000111
00110101010
00000100101
01010011110
10000111000
01110010111
11100101110
10011111101
10110111010
00010011101
10100100010
01011010101
00000001010
00011101010
01000111101
01011000101
10111101110
00011011111
11011110111
01101011110
11011000011
11000010101
10101101000
00001001011
10001010100
01000010001
11010010000
11100101001
00001110000
00010110111
00011001101
00010001111
11001111010
10000001011
10010101111
11010111101
00010001111
11010100001
11101010101
10001101010
00001011001
10010101110
10000000011
00000010001
11101101110
11100111000
11010100010
10110110010
00010000110
01001100000
11010110110
10001000101
00111001111
00111110010
10010001111
11001001010
11010001010
00110010111
01110010100
10111010010
11110010101
10011100100
11101100100
00100001100
01110000010
10111011100
01000100010
00010010110
00010100010
01101100110
01011110001
01111101110
10000110101
10010110101
10010101001
11111011110
00000010010
00011010001
01000111000
00000011110
11000010001
11000111110
10100101011
11011101100
00011010101
00000000101
01110101110
01110011001
10001101001
10111100100
00111110010
01101010000
11100011010
11000010111
10000111011
11010111101
10010001111
01110110110
01110110110
11001001000
11101000000
01000010100
10101000010
11010000101
01000100010
11001100101
10011000010
10101010011
00011010000
11110111101
00110111010
10101000100
10001010111
00010110000
10111000001
11011110001
00010101010
01000100001
11001000110
01000110101
10110000001
11001001111
00000101110
01000010010
10111110101
10011100011
01001001111
11101110111
01111000110
10101101011
01011111011
10001101000
11101100001
00000001101
11000111010
10100011011
01001001111
01000110000
10100010001
10101001110
01110010110
10110001110
10111010000
11111001001
01110101000
11010010110
00111010010
01010001010
10111011111
00101011111
01100001101
00100010000
01001101101
11010111010
01101001101
00011101010
11110110011
11000001111
11000001011
00101001100
00101011100
10001010011
01000101001
11000100011
00100011111
11001101111
10011111011
00010011110
11110101011
00100110101
00100101011
01000001000
11010010100
10001011011
01011000100
10000110001
10000011000
10101000100
10000110011
11001110011
11011110001
11000001101
11101001001
00100110010
00011110001
01110111110
10100000011
01101111001
00111111101
11110001110
00100001100
10100011000
01101110101
00000110101
01100011001
11000001110
01010000000
10110101000
11100010001
10010001001
00101110010
01001011101
11010110111
11010110101
10001101100
10011101111
11001111100
10001100011
10011011000
01111110010
11101101101
01100111100
10110111111
11010011011
10010000111
11001011000
01000111000
11100001011
10110111010
10100001100
11011101001
00101100110
01110011110
01001001111
11101001001
11011011110
01011011101
10000110100
10100111111
00001010011
11110100001
11000100011
10100010110
10001110101
00010000110
01110001000
11011100011
10111011011
11101010100
01100111011
10000110011
01001101101
00100110111
11101010010
11101000101
10011111000
00010111001
01011110111
11001010110
01011011100
11010101101
11010101001
00100010101
10110001011
01010110110
10101010011
01100101101
10000110101
00100100010
00110111100
01001100101
11001100101
01001001010
01110110110
10010111000
00110110010
00100101010
11110101000
11000010111
11010001000
01011001000
00110100011
11111000000
11111000001
10100100111
01000011100
11101011001
01010101111
10100011101
10001100100
01100111101
11001111000
10110100100
10110100100
01101000001
11110110001
11011101110
11100010110
01010101100
01000110000
00011110010
00111010110
01110001010
00001000010
10111011011
00000010101
01010110000
11010110111
11100101110
11000100000
01010011011
00101111110
10111100010
11101101000
10000110111
10001001000
00011111100
11111101111
11011110111
10110001010
01101011000
00110000011
00011000101
10111100001
10000110100
00000000000
01101011001
00001010000
11011100110
00111110101
00101010101
11111101100
11011100000
00101001001
10100101101
10000011110
01000111011
11011011101
01000110001
11000000011
11100101001
10111110000
10110100011
10100111001
00111101000
01000110100
10101101000
10111000111
10101000001
11100101000
00010101000
10011011000
10010100111
11001101000
00101010001
10101110000
01000010001
01101011111
00011111001
01000110000
00100101111
01011111001
11101100011
01111010110
11101000011
11000000001
11000001000
11111100000
10111000010
00001001110
00000101110
00100000101
01101011101
10001011000
01011101101
00010110111
01011011000
00001110010
01010111000
00000110100
01101011110
00011100011
10100011111
11101100110
10100110001
11111001010
00001111100
11100100110
01011000000
11110111001
01010111010
10101111000
11011110010
11100001101
10110010010
11110010001
11010001110
11101101111
10011110111
10000010001
01101101101
00111101101
01110000011
10011000101
00010011000
10111011010
01100110000
10111100001
01110001011
11000010000
01100001011
10100110000
00001001000
01010010111
00100100010
10111010010
01110010100
01011001100
11110110111
00100000010
10001100111
10101111110
10101111001
11111111111
00001101001
10000010010
11010101000
00000101101
01011101111
11011011101
11010001011
11100101000
00101011000
10000110101
01111111010
11110100110
01000010001
11000101111
01110101010
10110001001
10100101111
01101000001
11000100010
00100100110
00001010010
10000011101
01111001110
11100010001
11100001111
11110111111
01110101000
01000101111
01001000100
11111010110
01111011011
11100011000
11011001011
10111101001
10011000000
00011000100
00011011111
00100110000
10100100101
00001111001
00101101011
10011010100
01101011111
11000001000
01110000001
01111000010
11110000100
01101100011
11001001000
01001011100
11101000011
11001101110
01100111101
11101111001
10000101011
00000000101
01010111100
11010101011
01101010111
10111110110
11101100111
10110000011
00001010110
11111100110
01101011100
01001001001
11101001100
10011100100
10110110011
11000110001
01000100000
01011001011
10110111101
10100111111
11110000010
00000001111
01111100000
00101111000
01001110110
00000100110
11101001000
11010111011
01001000011
01100111011
10001110111
00001101000
11001100000
00011111010
00010001110
10011111010
10000110111
01000010100
01111010000
10000111100
00010001100
01100110100
11001111011
00110111100
10110101010
01001110000
01001111011
11110110010
10101001111
00110001010
10110111100
00001100110
01111110001
11100101000
11100111111
10011000001
01001000001
11111100010
01111010101
00001110000
01100001011
10110101111
10001110010
01011111011
10111110100
01010010001
11110110101
00010011110
11000010100
00101100001
00001110110
00101101001
00101000011
00011000000
11100011101
01001001000
00000011001
01010100011
01000111100
10001110001
00111101100
00000010011
01010010100
11000100110
10100011101
00010001010
00001100011
11010011010
00111000000
00001011000
11101011110
10000001100
11001000001
10000110101
01101101011
11111001100
01010110010
11010011100
01001110100
11001010100
10000011110
00011111001
10011011000
10100000010
11011000111
10111111001
10111001100
01111100010
11110111100
00101011000
10101000100
11001011101
10000101010
00111100001
00111011001
11101001001
11011000110
11011111100
00000110110
10000010000
11111110101
10110110010
00110100001
01101111111
00101010101
10101101011
00000010110
11001011010
10011000101
10001001000
00100101011
01100110101
01010010100
10010101101
11100011010
11011111011
01101111000
01000111010
11110111000
11111011111
11110100011
01101111001
10001011010
00010111000
00101011010
00010110101
00010100000
11000001101
01001111111
11100010111
11111001111
00001010111
00100110111
11100100110
00110011101
10100100011
01100000010
00001011000
00010100100
11000100000
01001001001
01110010111
00100101000
01011100101
11110000111
11111101010
01111101010
00011010110
00011100111
11001100101
11100001110
01100110010
01000001011
01011001001
11101001110
11011011101
00000000101
11111011100
01110100000
11110001111
10010001001
11100111110
10011010001
01001101110
11001100101
10000000000
01001110110
01010101011
11101111101
01101101110
00110100000
01010110000
00010100100
11111110111
01101111100
01100101100
10111110000
11001000000
10010110000
10010101110
01011101001
11000111111
00001010110
10110111000
01000000011
00010011101
10011111010
00100011110
11010101110
10011100101
00010100000
11111000101
01101010000
01111010110
01111011110
10111100010
11011000101
10011011010
00011101001
10110111000
01100100000
10101101111
11100011010
00100011010
11001000101
01010101111
01010011100
00000011101
00111011110
11111011100
11111000001
11000000001
00011010101
00011011100
01011011001
01001101110
10011100111
11110000111
01000001101
00110000110
01110010110
00111011010
00101001100
11110111010
11110100111
10001010100
11001010010
11100100101
10111101011
00000110111
01000000101
00010010111
01101000111
11111001101
11101111101
00101000010
00100010011
00011010111
00101101100
01001101010
10110011110
01001110100
11101000000
11011000110
01010111011
01000100101
11101100110
01010100010
00101001011
01101011100
01011010000
00001010101
11111111010
11101000001
00010000101
11111000110
01101110101
00100010101
11101011110
10011000111
11111001101
00010100001
10001101010
10000100001
11001010101
00000010010
10000000101
10011010010
01100000101
11010101011
01110000010
00000010111
10111010000
01000111100
00010110011
01000101101
00110101010
10000010010
00110010101
01100010110
10011001010
11011000001
01000011001
10110110000
00110011011
00010100001
11011010100
01101001111
00000101101
10011001101
01100011010
11001100001
00100100000
00110100001
10001110011
10110010000
11011010010
01110011011
01000100110
10000100011
01001000011
00001111001
11110010000
00100110100
10111111011
10010111010
11011010111
10010010111
01010111010
00111101000
00011110000
10101010001
11011010110
11010001010
10110001000
00111111000
01011011010
10011001101
11100011001
11110001101
00010111101
00011111100
00100111110
11011010110
00101011101
11011111110
00101001100
00100001011
01100001010
10011101111
00101001000
11010111010
00010100011
01101000101
01000000100
10011110111
01100011111
10110110101
01010101111
00000101010
01001011111
10000110010
00001110110
11010000111
01110110111
01100111111
01010001111
01111111000
00001010010
01001111011
10110110011
01101101101
10110010001
11100110110
01110101011
01101010000
11000101010
00000010110
01110100100
01010101001
01011000001
00001010111
11010010111
10010100011
00000001001
10001100000
01111111111
01100111001
01011100111
11011010100
01110100111
01001010011
01100000010
00110110111
10111111110
01010111001
10011011010
10110000001
00011000101
11011100011
10100110100
00011001111
11100010011
11011110000
10010011001
11000100101
00001001011
01001001010
11000010011
10011101101
10100111111
10010100110
00010101111
10011101110
00101010111
00101100101
10110110011
00111000110
01001110111
00001110100
10110000111
11011100111
00110001110
00111100011
01100010000
01001101100
11000001110
10010101000
11110011110
11101101001
11110011101
10101111010
01100010100
00011110110
11101001101
10101001011
11000101001
00110110011
01100101101
10101000000
11100110011
11101100111
00101101110
00011110010
01101000011
00000000101
10100111000
00010011101
10101001000
00001101100
01001110110
10000100000
11010001010
01000110110
00100011100
00110111100
00100010101
10000011111
00110100111
01110011000
00110101001
01101011011
10011011110
10010100001
11100110001
11101000011
00000010111
01100111101
11100010110
01011110011
11001110100
11001000001
00100001011
01010001111
00110001110
00000101111
10111011111
01001000010
11101010101
11010110101
00110011111
10110010000
01011000011
01101001011
10111000010
01000111111
10110010101
10100111001
00101100110
10100001111
00110110110
01101101011
01101001000
01100000110
00000100010
11011010101
00100001011
01101111101
11100011011
00111000011
00101111100
10110110000
00001001001
11011000011
00100000010
10110101100
10001001010
11101101101
00110111011
01011000111
01110011110
11100110011
10010001110
01000011111
01111110101
00111001010
11110111010
11111001010
11000100111
01000110001
01111111000
01010011001
00101100010
00001111110
01011011100
01010110100
00110010101
01000111011
10101011010
00110100111
11101110001
01010001011
11011011101
11100110101
10110011000
10010011000
00111101110
11011000101
11110000011
10011011101
11101010000
11001011011
01010100101
11110110110
10000111111
01110011101
01110010100
10000011000
00101000101
00110001101
11000111001
01011111111
00100000000
01001011101
11110011100
00100001100
01111010101
10001110010
10010101101
11101111110
11100100000
10010001000
10010001101
11010010001
10111000000
11000100010
11101101010
01111011110
01100001111
00001010101
01000001011
01010101100
01100110011
00010110110
10000011101
01110111110
00010000100
00100101011
00101110101
01100011001
10001010000
00000011100
01000001110
10101111010
11110011011
01110111111
01011100010
11101011010
11111100010
10010010101
00000010101
01011010111
00010110101
10000001111
00110000110
11101010010
10111111010
10111101001
01001010111
00011101101
01001110101
10000111001
11111100000
11110010001
10100111101
10011001001
10101010000
01110010111
00000001110
00011101110
01111101101
00001001011
00110100100
01010100100
01000101000
01001010001
11011001011
01110001111
00111001011
11110100110
11000011010
10110101111
11110111100
11111010010
01010000001
00000100000
01110011011
01110111110
11001101011
11110110000
01110110001
01001011001
01011001010
11011111101
11100100100
01011101000
11100111000
10010100001
10000010011
01010011011
11000111111
00111111110
00101100010
01100111111
10100001001
10111000101
01111010010
11010010000
00100001110
00111011110
00010110011
01000111111
10111000110
00011001111
01100011001
01010010000
11111101111
11000001110
11111000000
00100100010
10100110011
10111011000
00000001110
00000011001
01101100011
01100111111
11110011001
00011100001
00100100010
00110010001
11101010000
10110010100
00001011010
01001000001
01000000001
00100011100
10100001110
10000000111
11110011010
01011011101
11000100100
10100000100
11010000000
11010010001
10001111100
10111011010
00000101010
01100110010
00110100101
00101010010
10010110010
11000101101
11001001000
10101011010
00010100000
10001110100
01111111011
00111010010
00100000011
00001001011
00011111000
01100000111
01000010110
11001011101
00100101010
00111101011
10111010101
01101001110
10110101101
11111110010
01000110011
11110100000
00001011000
11000011100
00011110001
00100101001
00110011010
10010110101
00110110000
10111110100
10101100101
00010111001
10100101010
10001001000
11100010010
10110001110
00001010011
11111101110
11010101111
00001100100
01000001111
11111100110
11110001001
11101010110
10010110111
10011010011
10101011100
00000111100
00001100000
01110000111
00110111010
10001100001
11011010011
11110001001
00110100011
11110101010
11111110011
01010000001
10001100110
11010000001
00110111011
01100000111
00001110100
00110100001
10011110100
00111010000
11110011011
11111100001
10010100111
10001110110
00100010011
10000011110
01111100110
00011010110
10001111100
01100110011
11000010001
00100101100
10010001001
00101111101
01010000101
01101010011
01110100011
00011110000
01110000001
11100111111
10000100100
10111010111
00110110100
01010111111
00111101010
00000101010
01100001100
01101101011
01101000011
11010011111
10011011010
11100011010
00100110110
01101000101
11010011011
10110011001
01100000110
01111010100
10101111101
10111111100
01011111011
00000011111
11001011011
10000001101
00101101011
10111000100
01111101101
11001010111
01010000001
01110010111
00001010010
00010100011
00000010100
10100000000
00110010000
01111110001
01111101100
00011000101
00100000101
00110110101
01011101100
11010110000
01001110011
00011111111
00110100111
01101001001
11101000110
11101011000
10001110110
10101000000
11101000010
00110101000
00110100011
01111110010
01111000001
11111011110
10010001001
01011111000
00101001000
00001000010
00100010000
01000001010
10011001101
10000111111
00011001100
11101101100
01100010101
11110011001
00001100010
11001111011
00101000010
10011101011
10001001111
10111110101
01101110101
01101010101
11101011010
01000000010
10000000101
10000111100
10111101000
11001110101
10110111001
01101011001
10010000110
11001100001
01000001001
00010000100
11000011101
01100001110
10010001000
00101110011
00101010100
00100111111
10110100110
01011011000
01100001001
11000101110
11111000101
01101000011
00100000000
00111011101
11100010111
10010010000
11000010100
00011001110
00010100111
10111100111
10000010001
11111100100
11101100011
01101001010
01000001101
11101000111
00010110001
00001000000
01110101111
00101101010
00011111101
01010011111
10001011100
10101011011
00110110110
01100011001
01110011001
10010000011
00010101001
11100110100
10100010011
01001001000
11011000010
00110110100
01101011100
10100011001
00001000001
11001101010
01110111101
01101010101
00101000001
00001011111
10111110111
00101010110
00011001110
11010000010
10011101010
01101111010
11100000100
11011111100
00010110000
00000111000
01100100001
00100110100
10001100100
11110010110
01110011000
11010010000
01100010101
10110011011
11010101001
00011011000
00100110000
11110000000
11000010110
00011101101
00111010001
00011001110
01101000101
00101000010
11011010101
11000110100
00111000100
10001110011
00111100010
01011000000
00110001010
10011001010
11001010010
00100010011
00111110101
01010011101
01101001100
10000010000
11010011101
01010001101
00101101011
10100011010
11001110100
01001100000
11110010010
10001001010
10101000010
00101000100
10110101100
11010000101
10100011111
01001100011
10101000111
00011110111
01101100100
01000010001
10010011100
11000110010
00101011100
11110011111
10010100101
10000101100
00100111100
01110111110
11010100110
01100100100
11011001111
00101111000
11001101001
00010011001
11111011101
11001000110
10000010110
01110010101
01100111010
01111110111
01011001011
11111000110
00000011110
10111001011
00010010010
10111010111
11001100101
11000110011
01011010011
00001111011
10010001010
00000000100
00100101110
11110111101
01110000000
11000000111
10110101101
11010111110
10011001100
00000000010
00000100110
01110101010
01100111111
10101100100
00100111100
01111100001
11111110110
10110000011
00101000101
10100001111
11101110111
00100001011
00010100001
00000100111
11010110100
00010100101
00001000110
11001001011
00111001000
00110100000
00010101011
11100000111
00001110111
01010111111
11001101011
00000000101
01100111111
11000010111
10100111000
01001011011
00111101101
00010100000
00101000010
11011100110
11010100011
11010010001
10111011111
00001101100
00000000001
00001111011
11101000100
00001111011
00100111100
10001110001
00110001001
00001001101
01010100100
00110010011
01001000111
00011101000
11000110011
01001001100
01011100000
11001100111
01100101101
11110110000
00010011001
10011110011
01000010000
10011000011
01111110101
10000101101
01001111011
10010011011
11110001100
10101101101
01111000000
10011100010
01010010010
01100010110
10000110011
10011110100
10011101111
01011010001
00011111011
11101010010
10001001111
00101000101
00110111100
01000010001
01101100001
00111001110
01001001000
01000011101
00010001111
01011011111
00110000100
01101100100
00000011000
10000000010
00111100111
00110001010
11101111000
00010100100
01110001011
11110100101
10010110011
00100111011
01011011000
10100100011
01111000110
10001111101
11011000010
01111100001
01010100100
00001000010
00101100100
11010010111
10010011011
00110110100
01101111000
00100100010
10100101001
00111110100
00000101000
01101001100
01111100010
00100110010
11111011110
10111111101
10000000010
00001101110
10111010110
00001011011
11100101101
11001000110
11001000111
10010010110
00100010111
11011000110
10111111010
10011100010
10101000011
10000011010
00001001111
10000010011
11100011100
00101000001
01100101100
11011000010
10101000111
00111000101
00111011011
00100000010
00110011111
10110011101
00001010000
00001101111
10010001000
10010100001
11000101110
11101001001
00000100110
01100010000
00011111010
00100001111
10100111110
10010111000
11010101100
11001100000
00011111100
00010101100
11000100101
00000011101
01001101110
10010110101
01110001101
01111101000
11010011110
00110100010
11010010001
10011100011
00000101000
00110000101
10111010111
00100111111
01110011101
01101110000
11100101011
10101100011
11101011100
01100000010
11111011110
11101101100
00111110001
10011111010
00100000101
10011011001
11100011111
01011100000
01100100000
00010110111
10101100000
01011001010
01100001000
00010011010
11000010010
00111101100
00001000000
00100101001
01111001110
00000100010
00001100010
10001010011
00011001000
11011101011
11001000111
01101001101
00101100110
11001010110
10001000011
01101001111
11010110010
10001111011
10000011010
11100110000
01100000111
01100011111
01100111011
10111011000
01111101010
00011010010
10110110101
10010011000
10101100011
11000100100
11001110110
00111110110
10001001110
01000000101
00000010111
11001110011
10011010101
01101100111
11111100111
11001111101
11010101111
01111111111
10110010010
10110111011
10111001000
00100010101
10111110000
01100101001
10100111010
10110011111
10011101011
10011101010
01011111110
11011001000
10011000001
01001101000
00001101000
00111111100
01001100011
01110100111
10001010011
01111000010
11100111011
01110111100
01000110110
01100010110
01010100011
00000001011
00101100010
11110010111
01000111110
01000111001
10100010000
10001101111
01010110001
11110010000
11010011011
10110011100
11110101110
01100000001
01111010111
01011010110
11111010000
11100011100
01000011101
01101111001
00111000101
11101110000
10100111001
10100001000
10011101010
10100100011
10000101110
00101100010
00110100000
11110111111
10010001111
01001011100
10001000111
10111011011
00111101010
00001101110
01011001110
10001000100
00010110011
00101101001
10110011101
01010101010
00001001101
01100000111
01100111100
01101100111
10001011011
00001011011
01010100110
00111011001
00110011001
00101010100
01010101001
01011010010
01001011111
11100001000
00100011000
10010000010
10111101111
10111001100
00101010111
11100011011
00100100101
11011011011
01110001101
11100100011
10101000100
11001110011
10100000011
00100100011
10001101011
11000111101
00010000100
01000001010
01111010000
10010100101
11101011001
11110110000
10010011011
00011010010
11110001010
00011111101
00001101010
00101100111
00100110110
00010110101
01111111110
10011000110
11000001100
11101000100
10110100110
11000111101
11101111111
11101011010
11000100100
10001101100
01010000001
00001011011
10101110110
00000001011
00000111101
10110001000
00110101101
00010011100
01011010101
10001111110
01001011000
00111111010
11101000010
00110111000
00110011000
00000111100
10011011010
00011011000
10110111010
10001111000
00010110110
00110001111
10111010111
01010110101
00011001001
10101000000
10100001011
10101010000
10001100000
10000101010
10001001001
00011001101
00010010100
11110111000
10100010101
01100000110
00110000110
01010110001
10010011010
00100111100
11110110011
11000100001
01001100111
10110101101
10001111010
11110010000
10101011000
00100011001
11001110101
10001101001
10100010000
01000000001
01010001110
01101011011
01110100000
11000011110
00110000100
01010000110
00110100110
10110001010
11100001110
01110100110
01010001100
