11111000110
11110001011
11010100101
01011001101
01111111000
01011100001
11110010000
00110101101
10000101000
10000000110
00100101000
00011100111
01111101100
10100101010
01011100011
01111000111
01000010000
10010000001
10000101000
10000101001
11100011010
11110110010
01100101001
10001111000
01111111100
01011100111
10100100011
11100010101
11011100110
11110110101
10100001010
11111000110
01010011100
11101000101
01010110001
00100000010
11111000101
10110100110
00001010010
00101010010
11111100100
10011000111
00011111011
10100100111
10101110110
01110111110
00111010110
10010011001
11011001010
00010101001
10100100000
00010011100
00011010010
00100000100
10001000100
00010001000
10010000111
00010101111
11011000010
00100100101
10011010001
00101101101
01110000011
11011101111
11001100010
11001101101
11011101110
01000111110
00010101110
10101010001
00101010000
11111001101
10100001111
01111000100
01111010011
01100111111
11100001000
01110000111
10100100011
00011100101
10000000010
10101101111
00000011000
10001100100
10101000110
11000111000
00110011000
01010011110
00011000001
10110000000
01001011101
10001010011
11110010000
11001110110
11110000110
01110111110
01000001100
10100000100
11110110110
10111000011
00011001011
01011101000
00001111110
10110011101
10110000101
10001001001
10111011101
01101011111
10001001000
10100011101
11000001101
11101001010
11000001000
11000000010
01100110001
01000110100
10011110011
10010101111
10010100100
00000101011
00110110010
01110000001
00110011000
00111011110
00110101101
10001001011
10101000110
11110010000
01111101101
11000100000
00111110010
11011100101
11101111011
10011111111
00100011101
01110101111
01001111001
01001001101
00100000001
10001010010
11010001101
11100100010
01100111001
01101100100
00100111100
10011011101
00111011001
01100001110
10100101110
00111101010
00001011110
01000001001
01000000100
01101010010
11000011011
01101111111
00011100101
00101100001
11110100000
00100000010
01000110101
11011000010
11000100010
00100000011
01010010111
11100110100
11111100110
10101100010
10010110110
11111101000
00001101101
00010110111
01111001111
10001000011
00011100100
00100010101
10011011011
00011111001
00111110101
00000110010
00000110000
11010011110
10000110100
00010110000
01101101100
00111001110
10010111100
10100111001
11010011001
11001000100
10010010010
00111000111
11110011001
00000010101
01101110111
01110110111
01100110001
01111011110
11010010100
01000101011
10100000110
10100100001
10101011111
01000110110
01001100011
00001001101
11101010111
01110111011
01111110111
00011101100
00010111111
11101101101
10011000011
00110010011
10110111100
01100111111
00001011000
01101011001
01111100101
00001011100
10111011110
10111100010
11010100100
10111111010
10110010111
10101110001
11000110110
00111111000
00101011010
00011011000
01100110110
10110111011
01111101010
10000000010
11110101110
00100101010
11000011011
01111100011
10010111101
10000001001
00100010011
01100111011
10001010100
10110010111
10001110100
01111100101
01101101100
10110101100
01110101000
00101100001
01111101111
00001111110
00001110001
11111110011
01000010011
01001100000
00110000001
11101011011
11111011110
01010100111
00010101100
00001110100
00011101111
11111001110
01001000001
11011010110
11010101010
00101000111
11101011011
10001011011
01101001101
10011011000
10101111000
11100000011
10000110000
01001111011
01110010100
11011001111
01000100011
10001011010
01111111100
10110101001
10000011101
11111000010
10011110110
00010101000
00001111101
00111110000
01001100111
11110110111
00000100110
01110110100
11100110110
11000110111
10101001000
10111010110
11011001001
11110100010
11001110000
01010110001
10010100010
11000010011
10101001001
11010000000
00011010110
11001011010
10010001010
10101111010
11111100001
11010001111
01011000110
01101001011
10111000000
11110010110
10100100100
10111100110
01011010111
10110110000
10110100101
01111101000
00110010010
10101011011
00000000101
10100010010
01001100111
01010011000
01001100110
10001101001
10100100111
11000110010
10000011100
01110101000
00101111010
10011000010
00010000011
10000011110
10001011110
01110101111
10110010000
10001000101
10100010100
00101101001
11101100010
10001100010
11000101000
11100101011
11010110010
00101110110
01010010111
01010111010
01110100000
10100110011
00100001010
10101011011
10110000001
01111100000
00001101100
01111001001
10001001000
01000110110
00100010111
11100101010
00000001111
01011000100
11111111000
11011010001
10010001011
10011100111
10110011010
00101100100
10110000111
10110100100
01001000111
01000100011
00111110100
10001000010
01101000111
11000100101
01110010001
00100001011
11011011100
00100110111
01100111111
10110111001
00000101100
00011110010
00111011100
01001101111
00000111111
00110110110
00010110000
00110101011
10000110010
11011000100
00110001011
10100111111
11000011010
00110000000
10001001010
11011101000
10100101010
11011011011
01100100100
00001010010
01111010110
01101100100
00101101011
10001111001
00100000001
11110101011
10001000110
11100011001
00011101110
01100000001
11010111100
10110010010
11000110000
01100110111
11010010101
10000011001
00000110010
11001101001
11010000100
01000010011
10001111001
10011101111
01111010111
11010100110
00111111110
10010011010
00001011111
11001000110
01000010010
10000010110
11001011101
00000101111
00010001010
00111101010
11011101111
10111000011
01100100011
11011111110
11001100000
01000011111
00111110101
11111011100
01011101000
10011000101
00011000111
01111010001
01001110010
10100100000
01110001110
10101100010
10101011010
11111001011
00001101000
10100010011
11100000010
01101010010
11101111100
10001001000
10110111101
11110000100
01011001100
01011110000
10100111000
11110101100
00111100001
10010000100
00000001000
00010110011
11001011100
01111011100
10100001001
01000001011
10010001100
01100011100
00001000100
10101101110
11010101001
00100011001
01110101000
10111100010
11100110110
00100000110
10111110010
11010110011
01010111101
11011000100
11011111000
10001100010
10000011001
01001110000
00010000011
10001110001
01000110010
10101111110
11000111010
00000110100
11010000001
00111011011
01110001100
11010000000
10000010011
10110110001
00010000100
10001011100
01100100011
01010000000
01000101110
11100101000
11011001111
10011010110
11100010110
11001110111
01101111111
10010010001
01100100110
00100101111
11111000110
00111111001
00101010011
10010110101
11011011001
00001000000
01001001001
11010110001
00001101111
00000001101
01011100010
00010001100
11010010100
11101100110
00001111011
11100100001
00000001100
01000110101
01100101110
00000000110
00010011110
00111110110
00011010011
01001111000
11000111110
11011101010
10000011101
11100000000
10110111111
01001101110
11001100001
11101101110
01101111001
01001101101
11101100000
00110001101
00110110011
00101000110
00000100011
11011110011
11011001101
01001100110
00011111001
01001000010
11111000001
10101111011
10110100111
00011111110
10101010000
01000111101
10100110001
10110111011
11100011100
01010111001
01000000100
00010100101
01000011000
10101111100
11000111110
01101100101
10101110111
11010100110
00110110110
00011001000
01101001101
01100001011
00111000011
10110011100
01110001111
10011100010
10000110001
00111110111
10111101100
00101110010
11100010111
00001101111
00000101000
10011111011
01100111011
00110110110
11010101110
00100001010
10010011001
00010011110
01001010101
00101110101
01101100110
00101100100
01001100100
10011101101
00000101111
01111010011
10010100100
00111011110
00101001001
10010110010
11000011111
11010011110
11110010001
00101101100
11111011000
11110001000
11011001110
00101110010
00011110110
00011001000
10000101010
11111010001
00011011101
01111001111
10001100101
11010110111
10010011110
00010100111
10011000110
10100000011
01001111001
01110001100
01001111011
11000000111
01100011010
00111111100
11110101111
00010100101
10111001000
11001011100
10101111100
00010101001
10111001110
00011110000
01010110011
10101000011
00100101011
01111000000
10010100000
10010011110
00100000101
10111101100
00010001001
01010010101
11101010010
10000100111
00001000011
01101000000
10101011010
10111111101
00000011010
00101010110
11110100010
01110001000
10001000011
11011111001
01011001011
11000101011
01101100111
00100010110
11110100011
00010010011
10101101100
11101110110
01001000101
11110011011
01101001000
00110010000
10011000001
00010100101
10001010000
10101101101
11000010011
11000000010
10110011001
01010011111
10000001001
10000011101
10001111001
01101111011
00111100110
10111001010
11010010111
01001111111
10100001011
01001000001
00000101101
11010101000
11010010001
00011111110
10110100000
01101110000
11011011111
00000111001
10110111010
00100111011
01111100110
10110101101
11101001101
10001000101
10101001110
10000011001
00110000111
01101101110
00001000011
00011100000
01011111010
01110100110
00000000010
01110001010
11000011101
11100101101
11001011001
11011010101
01110010001
10101001101
00101101011
10010111010
10011100100
11110100100
00110000100
11111101101
00000111010
00111111110
01011001101
01110101100
00010110111
11110111111
10110101100
00111000000
11010111000
10111100100
11111010010
00000011101
11011100010
00011100110
11111001010
01010010101
11101000000
00101111011
01000101001
10011100001
11000111000
01011011010
01100010000
01100001100
01000101010
10011101001
01001110011
10101110001
11101000011
01111010000
10011101110
01100101100
11010111010
10110111001
11010101100
00111111101
11011100011
10110011010
11001000101
11001011010
01110001000
11101010010
11100011001
01110101110
01001101101
11100111001
00011011110
01101101001
01011101100
00000000001
11010010111
10010101010
00000110011
01011000110
11101011000
11010100101
00100000011
11011111000
01100110100
10101100011
11100110010
11011100000
10100100011
10111001010
01001111111
10011110001
11110011000
01100000011
01001010001
00001001110
00011001111
00001011011
10101001101
00111011010
01000011110
10000101000
01010011100
00110100010
10110011001
10001001101
10000101110
01100100100
11100011001
10010001000
00011100011
01111111110
00101111101
11011101110
00101011011
01010101010
00010110100
10001111000
10111100010
01101001100
11000101000
00110100111
11001001110
11000010000
11111100001
01111011001
00011111110
10000010010
11110000000
10000110111
11010011111
01010101011
11000001110
01011011000
00101010000
01110111011
00001101010
00110010110
10110010111
11001011010
01010111110
00100110010
00110001001
11001101101
11010110110
00111111100
11100111100
00001101011
01011100111
10010100011
11110010101
11011001000
01010111110
10001011000
11100101101
01011001110
01010100011
11101100111
10100011001
11101100100
01110101100
10010101001
10110110000
00011010010
00101010100
10101011111
01101011111
00111000100
11011101001
00000100100
10101111101
00100011100
00111111100
00011000001
10000101010
10110110110
11010110100
10011000001
00001110001
00100010000
11010001010
10011110010
11100100100
00100001100
01100100110
10111011101
11101010111
11010010011
00101100111
11110010001
11010110011
10001110011
00101110110
01011110100
11111110101
00010111011
11010101110
01100010100
00101110101
10111001001
00110101011
11010001010
11101010110
11010111101
11101001000
00010100011
10111101110
11001101101
00011010110
01000110110
10000110101
10101111001
11001100000
01110011101
10000110001
01100000011
00110100001
11000100001
10011101011
10010110111
01100000001
01011000000
10000110000
00001011000
11011010011
01001011111
10001000101
00100010100
11101010101
00100101101
01011001010
00011101000
10000011000
10110000101
00001011011
10000001011
11100100010
11100011001
10000000111
11100100010
10010111010
00000101111
11101110100
10000001001
00010101101
01100110100
10011111110
10111110000
00010110010
01110010011
00100001100
00101000100
01110111110
10110110001
00011111010
01111110111
10010001011
01001101101
00111111110
11010000011
01000001010
01110011010
10111001110
11001101111
00100111100
00010100011
11101000001
00010100111
00101101001
10010000010
00001001011
01011011010
11001110111
11111011000
01011111110
11110111110
00101110111
00010000000
00110010111
10110101010
01001111000
01111110101
00010100010
11011100001
01000101100
00110110010
11100101010
10000101011
10100111111
11101011011
11001001001
10001100000
10001111100
01011100000
00110010110
01110101000
01000100000
10010000111
11000100011
10110001110
01000100011
01100111100
11100101100
01100110100
11101000100
10110110111
11110100010
10101101001
10100110110
11011100100
01101100100
11011000100
11101110001
01111010000
00101011110
11100110001
00111111000
10110001011
01011101000
11010000001
00101100101
01111010010
00000000011
10010111111
11001110001
01101100001
00101011100
11011011100
01100011111
01111000100
01111111000
10110001010
01001101011
10001101001
10000001011
00110001101
00100110000
01011101001
00100111110
11001110000
11100001011
01011100000
00000100110
11011110101
00100100101
01010011000
11110010000
10100000110
00101000000
01011011110
10111010101
10010001100
00001100111
11100011011
01010110000
01100000101
10101010000
01000001000
00011000110
00000001110
01000101111
11011001000
10100110100
10111001000
00010111000
10010111100
10001010101
01011010011
10011101000
01111011101
00100100101
01011000101
10000010010
11110101101
00100000100
11011001111
10111101010
11100011101
10110100011
00010000010
11110101101
10001100000
01000000011
10010110000
10011100111
11011010011
11100000010
11000101111
01100111001
01011001110
11110000100
11001000101
01101000011
10011010111
11100001101
00110110010
00001111010
01100011010
10011100001
11110111010
11000001101
01100110000
01100010101
10110100111
11000110110
01000110110
00001111100
00100101110
00010100100
00001011111
11001010100
11000001100
10101100001
11100111100
11011111110
00011111100
01101000100
01000000101
01101100011
11011100001
11010001000
10111001111
11110010101
01110111110
11001001100
10101001010
11111001101
10010110110
10000001111
01000110010
00101001011
11110011010
11100110000
11110011000
11000111110
11111001101
01011000101
01010101111
00100011101
10011000000
00011010000
00100011000
01000100010
01001111101
10000110101
00110001100
00100101001
00010000001
01101110000
10110111110
00010010101
00110101101
00110110010
01101011100
10111000110
01011000101
00100110110
10100111100
00000110111
00010101110
01001011000
10110001110
11111111110
01110010011
01100100010
11001111001
01001101000
00100110101
00011011100
01010100111
10101101101
00001110000
10001010010
10111110110
01101101110
11001000011
11001111111
10011100001
01101011111
10000011000
11011011000
00010010110
00100000000
10000110000
10011111111
00010001001
11000000111
10010000000
00011111100
00011110101
01101000111
00001001101
00111110001
00110010001
01110111110
01001110000
00001110100
10100101011
01000110010
11011001111
01100001101
11010000000
01011000000
11011011000
00010011100
01101101000
11101111110
10110010110
10111010011
10001100110
01001001011
10100111001
00111010011
01111101001
10011110110
01101101111
00101011110
11000001101
11010011001
11000100011
01100111010
10100001101
11101010000
00111000100
10010001011
10101001101
10110000111
11110010000
01111001001
01110110000
00111100010
11101010111
11010010001
01010011111
10000011000
10100010010
00110100101
10100011010
10110011000
11101011111
10110100110
10001010110
00000101110
10100100010
11100111000
11011110101
10100110001
10111111000
01010011100
11111011110
00000101011
11000110100
00000010101
11001010101
01011111010
00000000101
11010000011
10010000100
11111001101
10111000100
10110011111
00101011100
10111111000
10001110100
01111110001
00011111011
11100101010
01101011101
01101101100
11111111011
00100101011
11001101111
00111011110
01011110011
00100100100
00000100110
00100110111
01111001010
10010110001
00001101010
00101011111
00100110000
10001001001
10101110001
11010100100
11111101000
11100001000
10000100110
00011100010
01101111110
11010000100
11001001110
10111001111
11011101111
01010000000
00010010010
11101110111
11011011100
01011001100
11110000001
00110111001
01101111100
01100111110
10100000101
11011001010
00001101001
00010011001
10011000100
10000011101
00010010101
01001111111
01011101111
11110101100
11000011111
01010111110
01100000101
00100001011
10010001111
10111010001
11001011100
00100110000
01001110101
11001111000
10000111110
01001000101
01100111100
11101011010
11000001000
01011001011
01100111000
00010000100
11001010110
00010111100
11101010111
00000100101
11100011000
01101001011
01100011011
10111100010
11011011111
10010010101
01000110011
01011101001
00000100100
00100010011
00011000110
01101010000
01001001111
01100010110
01110110000
01111001001
00100100110
00101101001
01101001011
01001011010
10011001001
10011000110
11010100111
01000001000
01001111111
01010001111
11110101010
11011000111
01000100001
10000100110
11001100100
11100010101
01101100011
00000110111
00010100000
10100010111
01110110100
10110001010
00111011100
10010111100
10111001010
01001001101
10100111011
01101010011
00100001010
11111111001
01110101011
11101100011
01111111111
10111110011
01110001100
10111010100
11010100110
11001111010
10001111111
00101100000
11101011000
00110011001
10011101000
11100001010
00010011011
11000111111
01110011101
10101100100
11000000101
00011100100
00001010001
11100011001
01000000110
10000011010
10101101000
10011000110
11001011111
10000111100
00111110000
11101001010
11011100100
00000010011
10000001001
10011111000
10111101101
10111110111
00000010011
10110101010
10100000011
00011100000
00000101011
10010010110
11011100001
10100100100
00100111100
00001111111
11101100011
10001111101
11001010111
00100110110
01111011110
10010101010
00110100011
11001001110
10100110100
00011000001
10101001001
01101100100
00010100000
11111110101
10000010101
10010010011
00010110100
01001000100
01000110101
10011101011
00100010001
00010011101
10010001001
11111111010
10001000011
10110001011
11111011001
00001110100
11101101100
10011101110
11110001011
10011110000
10011010101
11100000000
11110001001
00110010100
11101110101
01110000001
01001100011
00111110100
01001001101
01110010111
11100111001
11101110101
01101010000
10111101111
00010100000
10100011011
10100110001
01101100010
11100010011
10000011001
11000111111
11111101110
00110011100
00001100101
00001000011
01111000010
10011000111
10100010100
01110100100
01010110110
10001100011
01110100110
10111111101
01101011011
00010100111
00000011001
00111000110
11101101001
10101010000
11001000111
01100100110
10010101001
11011001111
00011011001
00100100111
01110000100
00100111010
11000101000
10100100110
00001011100
11001011000
01000000110
10010100111
01000011011
01011011100
11000001011
00101010010
10000111000
00110010100
10000010100
00001100110
01000100001
00100010111
10111100011
11111110100
11110010000
00011110100
00011100011
00000010101
01110110110
01101101101
11001111001
00011111110
11001000010
10101110110
10010101101
10110110010
01101100011
01010110110
10000000110
01010111100
01110100110
00110100011
11110001011
11100001110
11001100011
10001111111
00000111000
11011010001
10101111111
00100000010
10111110100
11110001101
01111010001
00101010111
10000111011
11111100110
00100010101
10001110101
01010111011
00010010001
11001011011
01100110100
10111111011
10000010100
01000000111
10011101011
01111100110
01001000100
01110110001
10110101001
11110011100
10001000010
11100111110
11011110100
10011000011
10110001110
11001011100
00011000001
11100101111
00100011011
11000100001
11110000110
11011100001
10110011110
10010011101
10000011010
00100100111
00010001010
11110001111
00010011100
11011000000
11110001110
11010011001
11001001110
10100010100
01110111111
01101101100
00110110111
00100101010
01111001000
01001000001
00001001011
10010001000
01011101011
10101010011
10100100110
00101001111
01000011000
00110110110
10110110011
10001101111
11101010100
11111010110
00101100001
10010101001
11000001101
00101101101
11101111001
01000100000
11110010010
01010110111
01001010001
10000110001
11100000001
10000111111
01000000100
01100001000
01010110110
11000100101
00001000110
10101010110
11111001110
01111011111
11001011100
11011110001
00101010001
00011111110
01000000000
10110001101
01011100110
10011100100
00111111100
00100010110
10100010111
10110100000
00010101111
01101101110
11001101101
00100000100
00000001011
01111011001
01010101001
10010010001
10011110110
01100111011
10010001111
10110111110
01101001111
10000111011
01101110011
01111010011
10110101111
10000000011
01001010111
10000110100
00110101111
10100111101
10000101010
10001101001
00010101000
11101000000
00110100111
01110010011
01101010000
11001011011
10101011100
01111100110
00101010001
01100000111
10100000010
10011110010
01111001001
10000101011
10010100001
00100010000
11111111001
00101011001
11110111111
11010110110
10000101011
00000111011
10010010011
01101000110
10001110000
01011000011
11111000011
00100000111
01000011010
01101001010
10110111001
00101101110
10010000111
01010110000
11001011111
00010111100
11100011011
01011000011
10001010111
00001000101
11010111010
10010100001
11001100010
11011001101
10001110110
00000010111
10100001000
00111000010
01100010010
10101000010
11111011110
11000110100
11000101101
11101011010
11111111111
00111111010
11001011111
11000000011
11100111000
11110001100
10100101010
11010101010
11010110001
00100100000
00010001011
11011100010
01100101111
01100010001
01001010000
01001110011
11000001010
10000000100
00100110001
10000110000
00100101110
11101111110
00010011011
11110010001
01101010111
01001111000
00110001011
11100011011
01111001100
10111100011
01100110111
10001001001
00011100001
10100001111
10100101010
11010000111
10110101111
01000001010
10111010000
11000001010
01011011100
01111101110
10111001110
00100010000
01101011110
01100101101
11001010010
10011111100
01100000111
01111100001
11110001100
01110011010
00010011101
11010110100
11010110100
00101001011
10110100110
10101010100
11110110101
00110010110
11011010110
01010100011
10101100001
00111111011
00110100000
10110001000
11110001000
11101010111
01101110111
11111110001
01010100101
01100010011
11001000101
11010111010
01011111011
10011001111
00111110100
01110001010
01100001011
11111100011
00001111011
11111011010
10001110010
11110010001
10100100101
11001011100
00000100111
00100101000
01010011000
11010000001
11010100001
01101000100
11000010111
00100100111
01110000001
01110001011
00011010000
11101101111
01110100001
11100011000
10111100000
11011010011
00101011000
00111010100
10011010010
11110000001
01101100010
01001001011
10100110110
10001000011
10111000110
10100110111
11101110001
00101111011
11111010001
00101010110
11010000110
10100011000
00100100000
01000010010
11111001110
10011100000
01011010110
11101110110
00101101100
11110001110
00000101111
11011010010
11100011111
01001001000
11000100111
00100000110
00011001000
00011000110
00101001000
10100101000
10011110100
11110101001
10100010101
11010110001
01111010010
00000000100
01010111111
10110111100
10011101110
01101111001
10000101000
11111011101
00010101001
10110100111
11101100100
10000010010
01101001101
01110101110
10001001011
10101111110
01100110001
10011101001
00101010011
11110001011
01000100111
11110001111
00110100110
00000110111
11110001011
10011000010
11111111011
11110111101
00110100111
11110001111
11100000111
11100000010
10111110101
00011011001
10100111001
01101110010
10010110101
00110110010
11111101100
11110101010
11000001011
11010011011
00100110110
01111101110
01101011010
10011010101
11011010100
11100101011
10110111110
01001110000
11111111010
01101101000
01101110101
11000001011
01111010010
11100100111
10001110000
01100110111
00101011011
01101110101
11011110101
00110011100
11001011110
00010011110
00110110001
10111001110
00101000100
10001001010
10101110010
11110100100
11100001000
01101011101
01010010001
01000001010
11011111011
00110101001
00110111010
01110110010
00001001000
11110101011
00001011011
11001001100
00111011000
00100011100
01011011001
00010101010
01111011011
00011100101
00000100000
10001011011
10011000011
11100010011
11000010111
01100101111
11000010011
11010100010
01010011111
10011110010
11100001011
11101101001
00100010010
11100100010
10101011010
10111011011
10111011011
00001101101
10000110001
00101001110
10111011001
00101110000
11110001011
01101110110
00010010001
01001110110
00111011000
11100000011
10011010101
10011101111
10111110100
00111011100
00111101000
00100010001
01110000001
10000110010
00101000110
