01011111111
10111101000
11001101111
00111110000
11001100111
01100011001
01000110000
01001100010
01001001110
11011011111
01100000011
00100011111
11011010101
00011110011
10011110101
01101011001
01111110100
01010110011
01111111001
10101111110
10100000000
01000011011
11111100110
00101000001
01010011010
10110011110
00001111000
11011010101
01011000000
11110101110
10111000000
01100010010
11000101101
01011001111
10111000001
10001000010
00010101110
10110010000
00001100100
00010100011
11010100110
10011100100
11111011111
00111101000
00110000110
00010011111
10000010011
10000101010
01101010101
11011000110
00100100101
11011010111
11111100011
00101101000
01101000100
10101110101
10000111101
01001001110
11010000100
00010010101
10111110001
10011001010
10111011010
00010111111
01000010000
10011000011
10010010001
11110010111
10011011100
00100011100
00110001000
10100110111
01010001101
01101101011
10010011011
11010110010
10110000101
10101001110
10111010110
10010101000
00000111111
10101000101
00001001100
10010011111
00010101001
10111101100
11111011101
00011000010
10001010011
11111110110
11100101011
01111101001
10000110100
10101110100
11000010010
10100100011
10001111111
00010111111
10000110110
11001010001
10100110001
11101011101
11110011110
00111000010
10000110101
01001011111
10001101101
11010000110
00110011000
11101101100
01001010010
10111110001
00111000010
10000110010
00010101101
00110010000
00001101000
10000101010
11111000100
00001111000
10001101011
11100111110
10011101001
10101010111
11111110011
01010010111
10001110011
11001000101
11001011111
10110110101
11101110100
10000100111
00011001000
11001101001
00100011010
10001010100
01010011001
10001111000
10000111000
11001111001
01000000011
10011010010
01111100110
10100110011
10111001011
01000010100
00110110010
00010001001
00101010101
01101011111
11100100111
00111000110
11100100110
10001111000
11010101000
10111111001
11011110011
10000000101
10110011110
00110110001
11110010010
11011111101
10011100000
11110111101
00001100011
11001000111
00100100001
00101000011
10111110011
00000001000
00101000011
00001010111
01011010111
00000000111
11100110101
00111100000
10010101011
00111010111
10000110000
10001011100
11101011011
01001000011
11110110100
00101010100
11001111111
00010111101
01011110000
10001000011
11011101110
10000110010
11110110011
11100011100
01101101001
00000000111
01011010010
11001101001
11011101111
11111000000
00001001000
01100000010
00011110010
01011001111
00000110010
11010000000
11011101101
11101001010
10000110111
11001000110
00110011010
01000100111
00000101111
11110011111
10111011100
10011101100
11111111011
10000101101
00100100010
11100011010
11101110000
11101011100
01110111111
01110100000
00111000001
00101110011
01110011101
01100110011
01001101001
11100100100
11110101100
10110011000
00100010100
11001000101
11110101001
10001110010
11000000010
10101011000
11111101010
11101110110
01000100000
01110100110
01110100110
01011110010
11010000100
00001001001
01100001010
00101101000
10110010100
01010001000
10100010001
00111101101
10101110010
01110010101
10101101100
00011100001
10110111011
10001001110
00100110010
10001101111
00110000000
10011100010
11010010000
00100001110
01110001000
01011110000
10101111110
11001110000
10101100010
01111100000
11100111001
11100111100
00010101000
00111101111
00000101101
00111011000
11000000111
01000011110
01011110101
10011101010
10010111110
00111101000
00110011000
01101100000
11010000010
01100001101
01000000000
01010110010
00110111101
10010101011
10110101101
01010110110
10100000100
10101010111
10000000010
00011110111
10001110011
11010111000
00101111010
11100001010
10001011011
10010110101
01010100001
01000100000
10110101110
11111101000
11111110010
00001110100
10101001101
01000110101
11010001110
01100011001
01010010101
00000111110
01010111110
00010110101
00111110000
11110101000
10001100111
10001111110
00011111001
10000110000
00111101011
00111110110
10101111010
00110011100
11110111110
10010110110
00111000010
01111010011
01111001101
00011101110
00100011010
10011001101
11111010001
01100001111
10000010001
01010011000
11100110000
01011011011
11110011111
00000011010
10011011101
10001100110
11111010001
11001000000
00111001111
01001000001
11010001010
01000000100
10110001100
00011011110
11100100111
01101010101
01010111011
10011101011
10001000001
10010110100
10010001001
10000010110
01111110101
00010100111
00001111000
01001010101
01000100100
01101110100
01000111010
11101010000
10110001111
11000100101
01000101110
11111101100
10001001110
11100110101
11101111110
10010111110
10000101010
00100010111
01000001011
01100011100
01001011000
11111010111
10110111011
11110010101
11000100101
10101010000
10100100100
10111101111
00011010001
01101001000
00000000111
00110100100
01011100010
10101111111
10100110110
11111101101
01100001111
11100111001
11110101010
10001001100
00100010110
01001111010
10101010100
00111101101
10111000000
11001000100
00011001111
00011101010
10110010101
00010110001
10001010100
01110010110
01001111010
00011000110
00001101011
10010011000
11011010111
11011001101
10111001001
01001111011
00010101110
11001001100
11111001110
00110001110
11111100101
10110001010
11010110101
11110010011
00001110100
10011101000
01101101000
11111000101
00010110110
01111110011
11001101110
00110001001
10010010110
10010001011
11011010100
01011010111
01100100100
11101011100
10110011101
01100010110
11110011000
01000011111
01111101000
10110011100
10000110100
01011011010
10101111011
00001110101
01010000000
10100001101
11100110110
01111011011
10111010001
10110110011
11000001110
10000001100
10000110110
01001110010
10000111111
00001001010
00000100010
10001000010
10100100010
11100100111
00000111001
01011001000
11011111010
10110011100
10011011011
11001011001
00011111110
01011111011
10101101100
00101111110
11101011111
00000101000
01110111101
00101101100
10101000010
00101011111
10111101010
01011110111
11110011001
10001011101
10101010011
10010001101
01011000100
10101100111
11011000111
01010001000
00000101010
11101101010
00011001100
10000111110
00100111001
00010101001
10110101000
00101010101
10011010011
11110111010
01110110100
00010100000
01100001000
01001110101
01000000111
01000100110
11111110000
01101111000
10110100010
00110111011
00110101010
11011111010
00101101011
11001111001
10011000010
00101100010
11111000011
10110101000
10010100110
00111000110
10101011000
00000110101
01111001010
11001111011
11101101011
00000000001
01110001010
00111101110
01100111001
10000101111
10101001001
10110110001
00001001101
01001011001
11000000001
01000100111
01001011010
01101110100
01110001001
00100110010
00011100010
10001111011
01000111100
00101000101
01010000111
01011111101
11111001110
00000101001
10011011101
11001010010
00001111100
10010111111
01111110101
01110100001
01110011111
10100100110
10001100000
11000110000
11000010010
10101010000
01111010001
11000011010
10111111000
00010000001
00010110100
01011010010
00001101110
00110111101
11100100101
00010110011
11000000100
01001110100
01011011100
10101001010
01111110101
11011100000
00100010011
11100010111
00010001101
01010111000
00000110000
00011001111
01101011000
10110010110
11111011011
00100001001
00001011100
00100001010
11001001110
11000000101
00110011110
01100111011
10100101001
00000100000
10111011100
11111100101
10000010001
10010001000
01101101011
01000100010
11111101100
01111010100
10010010010
11011100010
00000100101
11000011010
00001000001
11100001111
00010010010
11111100000
10001100111
01000101110
01011111000
10000011010
01101000011
11101001011
00110011100
01011101100
00110010011
00100111111
11011000000
11001110101
11101101111
00010011100
01110011110
00010100001
11100101111
11010001111
01111001010
10101100100
00001110010
01101011001
00001011101
11010100111
11011001000
01000011000
00010001111
00100011011
10101101001
10100111101
10000010000
11010101111
01111100110
10110001111
00110001011
00010101001
01110110100
00011101011
01101001011
11011111100
11011000010
01101001011
00110100110
11001101010
01001000110
01000100110
01110000010
10111101100
01011110101
01010111010
10000111000
11110101100
01000001110
10100001000
01001101100
10101110000
11101101000
11111110100
00100011111
00010101001
10110001101
01001000010
01001110110
00000001110
01011111000
01010011100
11000011110
01001001000
10001001111
00101100100
01100100100
11011010110
00110001000
01110001101
10010011101
01000111001
10001000001
11000111101
10000110010
01101000100
01101011101
01101100011
00000000010
00011010110
10101011110
01101101111
01111101111
01000001000
11011001101
01101011001
00010001100
11100110010
01101100101
10111101010
00010101000
01100010101
11100111011
11111101111
11001000011
10011011101
00100000111
01011110111
10010111101
01001011010
11011111111
11110100110
00110110001
00010001100
10001000110
00011011111
11100000000
11111000110
10111111111
11001010100
00100110000
10111000101
10001111100
11100111000
10000101100
00100110001
00111101110
00001111100
00001010010
11010111011
10111001001
01011111001
00100111001
11110010001
10011101101
11100101011
10111001111
10011011000
00011011010
01001011100
01110100010
11011110011
10000001111
10101000110
01100111100
01110110000
00100101001
11101010000
00000001000
11000001100
01111111011
01100000001
10111101100
01110011111
10001000011
11011011100
01101100001
11100001100
01110101000
10010001110
00001100000
01111011001
11001111111
01011110111
01001011111
11101110101
01111000110
11010010110
11001111101
11000110111
10000101000
00000001101
00100110011
10111101001
00011011101
10101000011
10110101001
01001010100
11101111111
01101010001
00001111101
10101000110
10010010001
00010100001
10100110101
10000111110
11010101001
10101110110
00100100111
10010010010
10001100111
11100110001
11010110100
01100111110
01101000010
10100001001
11111011111
00010010001
10100101101
11110001101
01001111011
10111001101
01010101100
10011010010
10011000101
10011001110
00110100110
10100010100
10011100001
01010000011
00101100000
11111100111
11101110001
01010001111
01110110100
10010010100
11010011110
00110110000
01101100111
11001010011
00110010001
10101011000
00110001000
01101100100
11111010010
01001010100
00100100110
11011010111
01010110000
01111000111
10101100010
00010011101
00011111001
11011100110
01110110100
11110000001
10011000011
11110001001
11010000101
11111010000
00011110101
01110011111
11100010100
01101111001
11001001101
10111011010
01110110011
10100000110
11110011000
11101110101
10011101101
10110110110
00101100010
01101001101
01011111100
01000111001
10011000100
10111011111
00001000100
10011101100
00000011011
00111011110
01100000110
01111000100
11101000010
10111110010
11100111110
01010001001
11010110010
00000100111
10001000000
11111110001
01101000011
01001010001
11110011010
10101011100
11110101010
10010111100
11100111011
01101101100
01000001010
11010110011
01101010010
11110100001
00010111011
01010010000
10011111100
01111110101
10100101100
10011011100
11111110010
00010100101
01000000010
00110011010
10110111101
10011100100
00100100011
11000000101
11011001100
11100000000
00001011101
10011101101
11010000011
00110110011
10000010110
01011110001
10101111111
01101000001
00111111101
10001001110
10010111111
01110000101
00100000010
10100000100
11010000110
01111100011
11011111001
00110011100
01111111111
10111000100
11000011101
00100101000
11101010000
00011110100
00010111010
00001010101
00101011101
11111001000
11100010110
11101001010
01010110011
01010010010
01000110110
11111000001
00110100011
01001100111
00011001100
11100111001
01101000101
01000111111
01101110100
10101011011
01010001100
11100111101
10101100110
10111111100
10111101101
00000010111
00101001111
01100111111
00011110000
01010001101
00110010011
01000011110
01101010000
01000000000
01110000110
01010000010
11110011000
00010010011
01101100110
01111100010
10010110011
01110010010
00100111010
10010001011
11111110000
00000000110
01011001110
11011000000
01110000000
01000001101
01000111001
01100100000
10101101100
10000001110
10101101110
01101101010
11010001011
11101100010
00010000110
11011110010
01000001011
10011101001
10011010111
01000011110
11000011111
01101011101
11101010111
10010001011
01110000111
11010000011
11110101111
00010010100
00110001110
10000010110
10101010111
01100100110
10011110111
00001001110
00011110000
00010011011
11010100000
01111100010
11000000000
11010100110
00011000010
00011010111
01101100001
10000010111
10001000110
10101011110
01011101100
10100001100
11011000001
00011100111
00000101110
01110100000
00000111001
10100110011
01000111001
01111010011
01110010101
11000101000
11111010110
00011100000
10110001001
01000110001
11011101001
10101111111
11000111001
11011111110
01110101000
10010010010
01000111000
11011000010
01000010010
10001001010
10110001100
10000000101
11011011011
11001010101
11101110010
00011101000
11110111111
01100101011
11000011101
10111110101
00010101101
11000101101
01110111010
11100111111
10110101001
01111111110
01000110010
01110111111
01001101000
10000101101
01001010111
11011101010
01011110110
11001010000
00010010101
01110001110
01101100010
11000010110
11101110011
00100111101
00100101010
10110010010
11010000100
11100111011
01110001010
10010111011
10101101001
11100101010
00110101110
10000111101
11100000010
11001111000
11110100001
00010001010
00100100010
00001011100
11110110111
10101100011
01011111000
01001101010
00001011111
01000011100
10010100110
01101100001
11110011100
10101110000
01011011010
01000100111
10110001011
10011011101
10101110001
10110011011
01001111011
00011010100
01101111000
01100111110
11000001110
01010110010
00100100000
01100111110
01000000100
00010000101
00110101111
01000001110
11111100010
00011001010
10000100100
10011100000
00100110110
00010000100
11110101101
00000110010
00010101110
10000111010
00001111110
01010000000
00001110011
11110111000
01010111100
00001000101
01111110010
11100110111
11010110000
10010111100
01010011000
00101011110
10000100010
01011001110
11101110000
10110111111
10000010001
10110011110
00010010101
11111100000
00111111000
10101010011
11100101000
10101100101
10000100000
10001011000
11010001111
10110111001
00100000101
11001101011
11110010000
01011000001
11001001001
11000100010
00111111101
00101100111
01001001100
10110000000
01101111000
01110001001
10101101001
01000011111
11001010001
11111110011
00111110101
01011011101
11000110000
00100000010
11110011101
01010001001
00001100111
00100010110
11011111100
11001111101
11000110010
01100111101
10111010100
11011011110
00110110111
01011110101
10011111100
11001011101
00101011001
00101101001
00101001111
01010110011
00111101110
00111110010
10100011011
00001011111
10011001011
00010100001
00000111111
00011011000
11011110010
11010101001
11100101101
11010011111
00011000010
01001000110
11100110010
10001101110
01111000100
00111110111
11001101110
01011111100
11111100010
00000010001
10001010011
00011100001
00010001100
01000100010
11111110110
00110010101
10100100111
11110010111
00101101110
00010011100
10010010100
10110100110
00111011100
10111101111
11111001001
11010011001
00001000001
10011100000
10101111011
11100111011
10111100100
11110101100
11010111010
00011001101
00110111111
00110110001
01000010101
10111001111
10011111100
11111101001
10010110111
00000101011
11100111111
10001100000
00100010001
10011001101
11010001001
01000001000
01000100001
01010001010
10011110111
10010010001
01111001110
01100000000
00011100100
11000111101
01011101001
11001011000
01111010011
11001011100
11111101001
00111011001
11011000010
11110101100
00110001000
11101011100
00111000111
10000010101
01100100100
01001100101
00011011001
10100111110
10110001010
10010111010
00011110111
10011001000
10000100100
01100101000
11100110100
01111011101
11011111100
01000011111
11000010100
11001100011
01100010111
11000111010
00000011101
10110010011
10000110000
00001011101
01010001011
11101011011
10110110100
01010111011
01100000111
11011110100
00100000110
01101101011
11111001110
01001111010
11111011100
10110001000
00000000111
11101000110
11001000010
10111100101
10011111110
01010110010
10101011000
11100011000
01011000110
10011000011
10000101000
10011110101
11000111111
10010000010
10000010111
00111111000
10111000110
10010001001
11101011000
10101101010
11111101111
01011011000
01001000110
10010111101
10101000010
10111101011
00001101001
00001101111
11111111001
11001110010
00101001011
11000100101
10000001100
10110111001
10111111100
11000010000
10010000001
00110111010
00101110101
00011110001
01100011000
10100110101
11001110111
10110001110
01001010101
00001111010
00001111111
01111111110
10000100100
00101011011
10101110000
11010011100
01000111111
01111001001
01110101100
10000000100
01110000110
01101011001
11001100000
10000110010
11111000011
11110010010
01000111110
11001111101
10110011101
10110101100
00011101001
11001001000
01100110011
10000011100
11010111001
01101101010
11010001110
01111100011
10100101111
01001100110
11011000000
00011001010
00110011110
01101001100
01000111101
01100001110
10010100110
00000000111
00010001110
10000001101
11111010000
00010001101
11011010101
11110000111
11010000101
10111101100
00000110110
10000111110
11011110000
01111111100
10000110000
00110001011
11000100011
00010010101
11011000011
11110000011
01010100111
00100111010
10000010011
11110110110
10001101100
00111001110
01010110110
01001110100
00100101110
10100010010
01001110111
00000011010
01110010111
10011110000
10000110101
00011010100
01011001010
10101100110
01101101101
11001011000
00001111101
00010010010
10110101001
01001100010
10111000110
11000010100
10010000110
01101010001
10110111101
01110001000
01000011100
11000100111
10010001010
10000011101
01001011100
10110100110
01000110010
10011010000
01110111010
01101001101
00001111010
11101111000
01110001001
10111101010
11010100011
00110010100
11010100110
11111100010
01011110011
11111110010
00001011110
01000110111
11101011011
00101001011
10111110101
01100110010
00010111001
11011001001
00010000111
11100010010
11011101010
11101111111
10010101101
11011111101
11111010110
11000110111
11101011011
11011100011
00110001101
00111011111
10010110100
11110000011
01010101011
11100100101
11011011100
11001111100
01100100111
11111110011
00111011110
11001000011
01111101100
00010111110
00111010101
01110010100
11001101000
10001101011
01101011100
11100001111
10110000011
00000010101
10101000100
10110011100
01111000011
10101110001
10101000011
01000011100
10010110011
10111000100
01011100100
00110101001
00000100001
01000010011
10010100111
11011101011
01100101001
10001010110
00010010011
01111010010
00101010001
00110101000
01001100010
00000111110
00000010101
01010100100
00110110001
10110011101
11101111000
11111110000
01000001101
01001001110
00111001101
00111011111
01011001000
01111111000
00110101110
01001101011
01101011000
00011100001
00010000110
11010011010
10011110000
01100101100
01001001101
10100110010
11001000010
11101100010
01101010110
10100011010
10011001100
00111001101
11111110001
11011011011
11001011100
10010001111
10001001101
10001110010
01011001001
01111101000
11111110101
01100001111
00010110100
11000010111
00001100101
00000001000
01011101010
00111001001
01010100110
10010010011
10001110110
01111011010
10011010100
10111011000
01110010000
01000100101
01010011001
11110010011
10100111111
00111111000
00111011111
01101100100
10010110110
11101100101
00001011000
00101111011
11100101011
01110001100
00000010111
00110010000
01110111101
01110000101
10101000101
11101000101
10110010111
11100100111
00011100010
01100001010
01100110010
11011000100
10000011110
00011110100
11011011111
11101110010
01011101000
00000101000
10101101110
01101111001
11010011101
00100001010
01101110000
10101110001
10001100100
11011011100
00010010110
10011111010
11100100010
00001101000
01010110011
01011010011
00000001010
11110001110
10111001010
01000000000
00000101100
11001110100
01101110010
01011010111
01011011101
11000110101
01100001001
11001001011
11110111000
01111100000
11010000011
00100011011
10100100000
00111010100
00010001001
10111011100
00100010101
00111101001
10010100001
10111010000
10101010110
10100111101
11000001111
01001000010
00101001100
10101000001
11000110000
10100111000
01000000110
11110001011
01110101100
01010111111
10111110011
10110101010
01100111101
01000000110
11111101001
01100010101
10100011010
10010101111
11100111100
00010001100
11000101010
01111100011
11100100010
00000011101
10100000100
11101001010
00010110010
10110010111
01110001001
10101010100
00001110110
01010011010
10010100100
11001001000
11100011000
00011100010
00111011100
01010000011
01100100000
10001001000
01000001110
10011100011
10110001000
01111110000
00001010111
00010000100
01100001001
11010001100
00001001101
11011011101
00000001101
00011101011
00010000100
01101100101
01100010111
11010010110
10010001111
11011100111
00011100100
11101001110
01111100111
01010111001
00001010010
01110110001
01100110000
11011011011
00010010111
01010011101
01110011010
00000000111
11010101001
00111101011
01110110000
11011111111
00110000000
10111001101
01011110111
01011000001
01111011111
11010110011
11111010010
01010000111
01010000110
11110011110
00010100100
00101110110
10100001101
00101010001
10011000111
10100101111
10111101000
10001111111
01011011100
11011010100
10000010111
01110010101
00101011001
11101110110
01110011010
11000111101
01001001110
01000111001
01111000111
00111110001
01001001111
10001111110
11100001011
10000111010
11000001100
01011100101
01100100101
11011010101
01010000100
11110011011
01010111010
11110101001
11111110101
10000011101
11100001001
00010001000
00011001111
10011010111
00101011010
00111010011
01110110001
10100000000
00011011001
01101001100
11111001000
00110111001
01111100010
01000101110
10100101110
00000011110
10011000000
10011011011
01000011000
00011010100
11000011101
10001111001
00101011101
01111111001
11111111010
10111010011
00100101101
11110001111
10011111110
10100010101
00100111101
00100001011
11111101011
01111111101
10101110101
10011110101
10100011110
01111000100
11101000011
10100101000
00110001100
10011101110
01001000011
01011001110
11010111010
01110000111
11011010110
00010100000
11100010010
10010001011
11001000110
01010100111
00110010111
01110000010
01111010001
11001010000
10111010001
01100100110
01110000101
01000111101
01000010010
10101011100
11011000111
11010100001
11111011111
01100111100
00111001001
11000101000
01010010100
10010110111
01011011101
01011100100
11100110010
10100100100
00101011000
10000101110
00011000010
10101110111
00000101001
11001011100
00101010010
10110110100
11000101001
01101110110
01111011010
00001111000
01001101011
11011011100
10101010100
00010100110
01011001001
11100110110
10000011000
00001011001
01011101101
11000011110
10000001010
00111001101
00001101001
10100110010
11110011110
10101011111
11001100000
01010101110
11100011001
00101010101
10011001101
10001110001
00001011110
01110110101
10111101001
10110010000
00111101011
11100101100
01100000001
01010011100
10000101111
01110000010
11111001000
00001001111
11001001001
01111010101
00101110100
10101001000
01001110011
11111000100
11011011000
11000001100
00000001111
01111101001
11001011011
01100011101
10101101101
00010001001
11110100010
00011101101
01000011100
01100110100
01011011010
00101100001
11010001000
00101100100
00100101101
01101000100
11111100101
01011110010
11011010100
10010100011
01100011110
00101001000
10110010100
01011011100
01011110110
01011111011
01001000110
10010111100
00010100100
00111001100
00100011110
01111101010
10110101000
10111111000
10110110100
11010011011
11100111110
00011111100
00110110001
00100000101
10100011001
10111101101
10011011001
01011101101
01100001011
11000011011
11101001001
10000100001
11011110110
01011100000
11010111100
01110111001
10010010101
01101100100
01001001011
11100100010
00110100000
01000100101
10011010110
11111111000
10111101101
01000001011
10000111110
11110110011
10111010011
10100011011
10010110001
00010011101
10110101101
00110010011
11011110011
10011011100
10011101110
10110100100
01000100110
00001000100
01001010100
00000111110
11000100000
11010111011
00001011101
01001101010
11000000110
11100111010
01110111101
10101111011
01110101100
00100010000
11001111000
11010011111
01100100000
10011001101
01011100100
00111110001
11001011010
10110111100
01111100001
10101100010
01111011010
10000010100
01010001110
01010100110
00011110110
11101101100
11011000111
00000111010
01000011010
01111110001
00000011101
01000010111
