11000111101
00011101111
00000111111
10011001110
01111010101
11110111110
11111011110
11000110110
01001100000
01100011111
10110111010
10111110011
01110010100
00011101001
00000101101
00101000111
10001011000
10101111010
00001001010
10111000110
11010111110
10111110001
11110011001
11101001101
10001101000
11101111110
00100000101
01101000100
01110011110
10001110101
11110001111
01010100101
00010101101
00100011001
01110000110
10100000110
00101011111
00000110101
01000111100
10111100010
01111010011
11111000001
10010001000
00110010111
11110010000
10100111010
01011010101
00000111000
11100101111
00001011100
00010111100
11100110001
10111110000
11011100111
10010001101
01110010000
10010001000
10111001100
01111001000
11000110110
11111001100
00001110111
00100011000
11110001000
00000011001
11000100011
01000001011
10110010011
11101010110
00011011001
10110010111
11110000110
11000110000
11100111111
11111001100
10000001110
01010010001
11000010100
10001010101
10000001010
00101100001
00101010111
11110101011
11000111001
10111110010
10110100111
11101000110
01011001011
10101000110
11110010011
11101111010
11001100010
11100000110
00001100100
01101111101
11111011001
10001110010
11011000001
11101100001
01111111001
01001011010
10111000010
00001110100
00111100001
11011000010
10001001001
10010110000
10001101011
11010110101
10100101110
00110101010
11110100100
11110011111
00000001110
01010101001
01100100001
11100101101
10110011101
00001001011
00011000000
10110111001
01010100010
00111001101
01111001101
00101011101
11110010000
11110011100
01000000110
10001100010
00011110100
01011011100
10101010111
10010100101
11011001011
11010100001
10010011110
00111110111
01100101010
01111000101
10110111000
10001110000
10001010011
01110011001
00110011001
11111110110
00011110100
10011111110
10110010100
11000110011
00110111111
00111011000
11100101110
10001010010
11001101011
10001101011
11000010110
11001000110
00100111011
01111100000
01100111001
01110111001
01100111101
10011110111
11111011000
10111010001
00110000011
10010001001
10000001111
10011100110
11001011000
11101000010
11100100110
01110000100
10101100101
11101100100
11011111001
00000101111
01110111011
01110101000
10101011110
00101101110
10001010101
00001101010
00001011011
10000010011
00100000111
10101011100
11100100000
11000001010
10110011111
01001011101
10010110101
00011100011
01011100111
01111100100
10010001001
00110010011
10101011111
11111110011
11111000000
10001100001
01000100110
00111100000
11011011100
11000000100
01101101100
10111111111
10100000110
10101001111
10110101000
10000100111
01001111100
11100101011
10100101001
00010001010
11111101100
10000111111
11110011011
10010011111
11100100011
11011011101
10001100100
10010100011
10011101111
10001001110
00001111110
01101100110
11101011011
10000000101
11011001111
00110001111
11100010110
10011110011
11010110001
01000101001
11011010010
01001001111
01101011101
00101011001
00010010100
00110100010
00110011100
00101111001
01111001110
01101011011
01110101011
01100010100
01000000100
01111100011
00000111111
11001000000
01000111000
10100001001
01011010001
11000101011
10110000110
01011100100
10001001100
01101111010
01110111101
00100001000
01000011111
00010000011
00100100110
00101111011
00010001111
10011101100
00001110000
11110110101
01010101101
10000101100
11010100111
00010111011
00011110100
11010000110
01001000010
01110111100
11001010110
00010101100
01000011101
11111011111
11010011001
01110101011
00101100001
11101000001
00100001100
11001001101
00111110000
11000011110
00101001110
11011100110
00010100011
01100111000
01111110001
00010100110
11001000110
01000001110
01010100010
01110000101
11001001111
10111001010
10000110110
10010101100
01000000110
11010110110
11011101110
01001101101
01011111111
10111001110
11101110100
10010001110
00111101100
10100010010
10011110110
11100010101
11000100110
10110011011
00000000100
10111011101
00101000101
11110001111
00111100001
01000100101
00000010010
01001001010
11101010100
10001010011
10010101111
01111000000
10010001110
11100000001
00101001011
01101101100
01110001110
10110101011
01001110001
11010010000
10000000111
11011001100
11001000111
00000000101
11010101000
01010100100
01010110110
01110001101
11100101110
10000101100
10000011111
01010011000
11010011001
01110001101
10010111111
01000000011
10000001111
10100010010
01011100100
11000001100
00100100101
10011110110
11110111110
10001101010
00101011110
01000111110
01101110100
10001011110
11101100100
00100111111
10011111100
01110100000
10001101011
01101001101
00011110001
10101010100
01110101010
11110101101
10100110001
10001011011
11011001011
01001000010
00010001000
01110000011
01000010011
00101010100
11101001110
00010110101
10111111000
01100011101
00011000010
11101110110
00100011100
10100011111
10101001011
10101000100
01110000000
10011010001
11000001111
01110110101
00001010011
10011101111
01100100100
01111100000
01101011100
11010100011
01110001001
10000101110
11000111011
00100100101
00100110010
11110110110
11000001010
11101100111
11010000001
00010000010
01100100011
00010100100
11011011010
10110111011
10000101011
01010100111
00111110111
01101100100
01111001100
01001101110
00010110100
11100111011
01001110000
11010100101
10111110000
11111010101
10110110011
10010100100
10010000010
11011000001
10101011100
01010100011
00101100101
00010011110
00110010111
11111101011
11100110100
00111011110
10001010011
01110010000
01010001001
00000101001
10100011101
01000001100
10100010011
11101100101
11010101001
10011001010
11000110010
00110011000
10010010011
01001110000
00011000110
01111001110
00111100010
11100101010
10011000110
10111010100
01101011011
01110011100
01101110101
10111001011
10111101001
01001111011
00000110010
00000100110
01001101100
10111001110
00001100001
10001010100
01100010000
00101011101
11111111110
01011110111
01100001101
10110001000
00111010100
11100001101
01001010100
01111100110
11000011011
00011001011
01111110001
10001011100
01010000001
10001000100
10101100111
01100111110
10001101101
00010011111
11010000001
11010010001
10001010110
10011011010
10010001111
10111010111
01011101011
00111100000
00001011101
00110000100
11010001111
01010111111
01111001111
00000111010
10111111000
01000100111
10101100011
10000001111
00100111010
00110001001
01011110010
10101011010
00001101111
01101101110
00001100000
00000000111
01100101000
00001011101
00011111101
01100011111
11101110000
11000101001
10100010101
00100101100
10101001101
10110110010
11100101000
11110111101
10100110111
10100010101
11111011101
01111100100
10110100100
10011101100
11010111001
00111000111
01101011010
01111000010
11001101101
10100000001
10001111011
10110011101
00001100100
01110010010
00011011010
00000010000
01000011001
00101111000
00001000100
00000011001
11000101101
01111111000
01110110110
11100111000
01111000011
11101110001
11001111011
00111011011
10010010101
01010100001
00001001010
10100101000
10110110010
10000001001
00100100111
10101010000
01100011011
10100000010
01000111011
00111001101
01101111011
11101111001
01010010100
00000100011
11110010000
11011100011
10000001011
10011100000
11101001100
01011111110
01001000111
01010001010
00010101000
01001111110
11100001000
10101100010
01100001110
10101001000
10100000011
10010001110
11101010110
01011101101
11111111110
10010100001
10100000101
10110101011
11010101111
10011001010
11111100010
10101001010
11101010000
00110101100
11110101011
00110111100
01000011111
10110010110
11110011001
00100111111
11011101111
00110110000
01100101100
11010000010
00100011101
00111010001
00001000101
11000110000
10110011101
00000111110
01111001000
01111010000
11001110101
11100010000
10010100000
11100100011
10011001100
11111110010
11101011101
00000100101
01110111000
01100010001
11001100111
11110110111
01101111101
11101101000
01001000100
00101101001
01110011110
01100011010
00001101011
11011010011
11110010100
00100010001
00101000000
10111001000
11011101110
10001101010
10101001110
01011100110
01000110011
00001011000
01111001010
00011010110
10010001010
00110111110
11101000100
01001000111
10011010111
10100111100
00011010110
01011011101
10011110110
01101111110
01100000100
10001001110
00101101111
01111001111
10100000011
11101110110
00111011001
01011011111
00110000011
11011011100
01011110100
11110100011
00000010100
00101100010
11001011010
00100100000
10011010110
00110100001
00010101000
01011001000
10111011101
11000111011
11110001011
01100010011
10000111001
00101110011
11111111001
10000100001
00110110111
11001110001
01100010111
11101111001
01101000001
10001011001
01111111001
00101010101
01000110011
00110111010
10110111010
10100000001
10101000101
00010100101
11101010110
11101010011
01100111010
11001000011
11110011101
00001101101
01010110001
00110100000
11000000011
00101011110
01100100010
01011000101
01100100101
10100111011
11010001111
00011000100
01001101110
10111110010
00100101000
01101011100
11000000100
11000011101
10111111011
10000110110
11101001111
01111001001
11010110111
10010000111
00010001110
00101110100
11000000010
00001101010
10101100110
01111101110
01001110000
00001010011
00100000010
00010001011
00001011000
01001001001
00111101010
10001010011
00001101111
00110010111
11000101100
10100101100
00011110001
11110011101
10111011010
10111010100
01010101100
10001010110
01010001010
01001010101
00000111001
11011011110
11110010111
00001000111
01011010011
11011101101
01111001110
01100000111
00010011011
01101110011
00100000110
01001010010
11100010101
00010011000
10010010001
00001101011
01010010010
10001000110
00011101110
10010001001
11110110100
00001000111
01110000110
11011010010
11011010111
10110010011
10110001100
11011010011
01110011110
10001111100
01111100000
10110010110
11110110101
10001110001
00111110000
01100101111
11110100111
11100110111
01111110100
11110011010
11010011001
01010100111
00001111000
11110111111
00011010010
10011010101
00101011110
10001001001
11110011111
11011110101
00111000100
11101110111
01011001010
00111111100
10000100000
11111110111
10000010010
00110110111
00001111000
00101010100
10110001100
11100110011
00011011010
00110000111
10010110011
10010001100
00110011010
10000001110
00011110100
11101100111
01101110101
00010110010
00000000110
11010010110
01100011010
00011101001
01101010001
00100000101
00000100000
11110000101
01000000111
00001101001
01110010110
11011011001
11101001011
00111000011
10001001100
10101010110
11100000011
01011011110
01000111101
01001101100
01010100111
00100010101
11001101101
00110111011
10011101000
00001111010
11110111011
10111100101
01011011101
00111111010
00111000000
01010000111
11100001110
10000001001
11110101101
01010011111
11111010110
01010000010
01101100101
11010111101
01000000101
10111011100
11111100011
11011111100
10110111110
00001001000
11111001101
10000110011
00001010110
10100011011
01011000010
01101100010
10010001011
10111010100
00000111110
11111101111
10100100100
00000000011
00010011001
10111000111
10001000011
01000001100
01011100100
01101001111
10000101100
01100101110
11011010010
11111001011
01111011110
11010001111
10011011100
11110111100
01011001101
00110101100
01000001000
01010100101
11100101001
10010000000
01100010111
11111001110
11001000110
00011100101
01101001101
01011011011
11001011111
10110011100
01010011100
01001010011
11001101000
00011111000
10110000011
10000010101
01001110010
10111101000
00100110010
01111101101
00000001010
11110100011
00011001110
01001000001
11000110100
01100000100
01101001111
11110001101
11001110011
00100111101
10100101100
00101000111
10001011111
11110000100
11100100011
01111101010
10101000011
10110000110
11010100011
10001000111
00001111000
10111100111
00110110010
00110101110
10000010010
00101010101
00100100001
00010001111
00110100101
01001101011
00000000000
10110000001
11110111111
11011111110
10110110101
10110001011
01011001011
11011101101
00100001111
00100001100
01100011110
11001100101
10100001000
10100000111
10100100010
10101001100
10101010000
00110101010
01111010010
11110011100
01110011000
01011000000
11101100000
10011100000
00011000011
11111000010
10100100000
10000111011
11001110011
10000110011
10000010111
11100101111
11101101011
11000011111
11101001111
11011100000
10110000100
00100111011
11010111010
11001101010
00110000001
10010011110
11001001110
01011001111
00110100011
10101100011
01000000001
10110101011
10001110111
01001110101
00101000100
01000000101
11000100111
10110001110
10101100101
00010001110
11111011011
10100000010
00101110101
01100100100
11111101100
11000000110
10010001010
10101011011
11010100111
10000111100
00000100011
00011111010
01010000000
01001110011
00010001011
01010100011
11111100011
01100000100
10100000110
01111010111
01100110101
01001111010
11011101001
00110101100
01111110100
01010001101
01111100110
11110110111
10111000100
01001101011
01001000010
10110101111
00111010111
01011010111
01101010110
10010000000
10100111101
10010110110
11110111010
11011111101
11111011100
01000100011
11010001000
00010010111
11011010111
00000001111
00100101101
01100010101
00111100000
10110110000
01101001111
10001100001
00100000010
01110111101
01111000101
01001111010
11001011101
11000111010
11111011000
00001101110
00010100001
10001011101
00100011001
11000010110
10110100011
00100001001
10001110000
11101101000
00100010100
10000001001
10101010000
00100010101
00001100011
01011000000
10001110111
11010101111
00001010000
00101101000
10110000000
10010000111
10001100010
10000001001
00101100101
00011000011
00111101110
10101000010
10001101101
01100011100
01101000101
10100001110
01110000000
10100110011
10100100000
10001111011
01011011000
00111011101
11100011010
10001010101
10000111101
10010111101
10111111101
00011000101
01000101101
10001110010
10111100011
10101101101
11111011111
01000100111
10111101011
11010001100
01011010010
00100000011
10100110101
00001000111
11001001111
10011110111
00010010101
11011111111
00011100111
01010101100
11111010011
11010100111
11100100001
01010100001
10001000011
01110010100
10000110001
00000111000
11101110001
11101011100
01111000011
00010011000
00010110010
10011111111
11111110101
10001011100
01100111000
01010011001
01010101010
01010111110
01001000100
01010000010
00010011001
01110010101
11110010111
00111000110
00000000000
00100100000
00101001001
00011000100
01110000001
11111011111
01010110010
01101000110
01111000000
10111101111
10100000100
11111011010
11010010011
10000001101
00100000010
11010110001
10010011111
00000100001
01001111000
10101110110
01001001100
01100101111
11100100010
10010001010
01111111010
10110111111
11011111101
00010000110
01011101101
10010101101
10000000110
01100111001
11000111010
01111111101
01101010100
00101010101
00110110100
11000001000
11101010001
11010100101
01010111001
10100110011
00010110010
10110100101
11111101111
01001110011
11110010001
10111000101
00001001000
11101000000
11110011110
01010101100
01100110100
01100100000
00001001101
01000011001
00100011101
01111000001
11101101110
00100100111
01010000100
01010100101
11101100100
01100100001
11000100101
01010111011
11001010011
01110000100
00100010100
01010101011
11110101111
00111000010
00111100111
10101100001
10011001110
11101101100
11101000101
01000000111
11010110011
01100010100
01110110101
00010001010
10010000110
00110101010
00000110111
00001110101
11011000011
11000010011
00100001111
10000011011
00000111011
00100011100
00100000011
00000000110
10011001101
11011011101
00110100010
01110010010
00100110000
01001010101
01010100011
00011101101
10001001011
01010100011
10010111100
10101100001
01010101101
00101001101
01100001011
01010000011
00111010001
11011110000
00010010001
11110100000
01101011110
01100101100
01100100101
10110000111
01110111001
01111010010
00010110010
11100100010
11001111110
01011101110
00011101111
10000000110
10100001011
11010010101
00010011100
00000110010
10010010001
01010010101
01000101000
11101100111
01110011100
10001001101
11110001011
10101010000
01111010001
01110011100
10101010000
11000101011
10111111100
11110010010
10101101110
00010100000
00100100010
11111000011
11101110010
00011101100
00101101100
11000100111
11111100100
01001010110
11001100101
01010000000
00101000101
01110111101
10000011100
10010001110
00101011000
01111011110
11111001101
01010001110
01011000011
10100110100
00101001100
01110010101
11011100100
01010001100
10100001010
00101000111
10101000100
11010010110
11000101000
00101101110
11100010101
00100101110
10101101000
00011111010
11011110100
11101000000
10111111111
01011000110
11100011001
11011100000
11000100000
10101110001
01101110010
01010001100
00101111000
11000000001
10100111011
10111010111
00111110111
11001011111
11111111000
00101110101
00101100001
10000001010
11101100011
11010001000
01011101100
01100000111
11000001111
10101101011
00100011011
00000010000
01111110010
01111110110
11000011000
00101111100
00000010011
11011011100
01000000110
11011110011
00100100010
01011100000
10000101111
00010100001
00111010011
10001101011
01100100010
10100010110
01101110100
11001011010
00111111101
11110101100
00100011101
00010001101
11100001001
01110111100
01100001110
01011101110
00101101011
00110001010
11011100000
11000100111
00110001100
11001101011
00011000101
00011011111
10100010100
11100011000
10101110000
00110010101
00011000100
11111111000
01101011011
01100010000
10011001110
00011111111
00110011001
11111100110
11011100011
10111100100
11111010001
00001100111
11011001001
01001100000
01001000010
10111110011
11100100110
00010000101
00000101010
11101100010
01011000111
00101111110
10110101101
10110010011
01001101000
10011111010
01110101010
00111000011
01110001000
00000011000
10001011111
11010100001
00110000001
10101010100
11001100001
00010011000
00100011010
11111000000
00111010001
00000011000
01001101001
01111110001
10110101000
00110011100
10110000010
01010100101
00100110010
00010110101
11011010001
10110101101
10000000000
00000111101
01111001110
10110001001
11111001110
10111111101
01101101100
11001110010
10011010101
11011100100
01011110101
11010101000
00100011110
00001011110
01000010000
00100101011
01110001000
00000010010
01001010111
00110100100
10001110001
10101010101
10001001110
00100111111
10110001010
10001010100
00001011001
10001001110
00111000111
10000010000
00011000100
11010110101
00000100111
00101011101
00100111101
00000111110
11001111010
11011100100
11011001101
01111111110
00111010011
00101011011
00010010100
01000010110
10100010000
00100011010
10111000100
00000111011
01111011001
01110001001
00011011001
11101111000
11100000111
10100000101
11111001001
01101111001
01010010001
10111101111
01101011000
11010100110
10001111110
01100011110
11111100010
11111111110
00110010011
01010010000
01101010101
10111110010
11000000000
11000100110
01110000111
11011001111
10110010000
00010001001
01100000110
00000110010
00111000101
00100001100
10010101101
10000001010
11010111100
01111011100
10111001101
00011010110
10100100000
01001011010
11100011000
11111111000
11000001000
10001011000
00011111001
00001110001
01110101100
10011010100
10101110010
01100100100
00110011111
00100011011
11011111010
11011001100
10011100110
01101101011
01100100001
10001111011
00011010001
00010110101
01101111100
11001001101
11101100111
10001000011
11111000100
01110110010
11101011110
00011001011
00100101110
01011000011
10111000010
01010001110
00010011101
01001000011
10111010011
11001011101
01011110000
01111100100
01010000110
01000111001
01011010010
11000100100
01111111110
11011001011
11110000110
01111110110
11101010000
11010000100
01010011111
00101110110
10010101101
00001001101
10010100110
01000101010
00010011001
11001000110
00100010010
11110011011
01110000100
00111001101
11001001100
10000101010
01000111101
01001101011
01010001101
11111001101
01110111010
11011011000
01100110010
00101010011
00011000110
11010110110
00100011000
10010010001
11011111000
00111000010
01011001111
01001000101
10000001100
01001011010
10110000001
01101001011
11001000100
00000101010
11010000000
11011011110
10110101001
00011001001
00010110111
10001100011
10111010100
00101101110
11110110000
00001111010
01001011110
11000101111
10000101001
00100100111
10111101001
00111011111
01000000111
01100001000
10110100101
00100011101
00010010110
01111000100
01010011001
00111111110
10111110000
01101010010
00010001111
01111000110
01111111010
10101110111
11010010101
10101110110
11110011100
01110100011
10100010101
01101010001
11100111010
00001100000
00011110010
10100100110
00111010101
00000101101
00101011100
11010111110
01010100000
01101101101
11000111010
10100100000
11111000001
10100001001
00111100100
11101010011
11010100101
10001011010
11110010011
10100011000
00110000101
00101111010
00010001110
00110100011
00110010001
01101111111
10111010010
00101001011
01111001101
10101000111
11110111010
11100101101
11110111001
11011010100
11100101011
01100100011
11111110001
11011100011
01111100000
11001001010
10111011100
00111101110
11010001000
10011100010
10000011101
00110011011
10011011111
10110110011
10011000000
11101001111
01001110001
10101100101
11111010011
01000110011
10010000100
11001011110
00010111000
01001000010
10110100111
00000100111
10101111111
00000010110
11101100100
11001000100
10100010110
01010101101
10110110100
10000111011
00100111001
11100111111
00100101010
01111111110
11001110110
00010110000
01110111011
11110001010
00001100000
01110001101
01000101101
11000010001
01001110011
01000011111
00000110000
00100000100
00010110101
00101110000
00011001110
10111111100
11100100110
00001110010
00000010010
01110011101
10000110101
00000111000
11001100111
10111111111
00000100110
10001100101
10100001000
10001101010
11011011000
11101011010
11001000101
01110011001
01000001000
10100111100
11111111010
00001000010
11111011111
10000001001
11100000000
10111111001
11100010000
00001101111
11000011111
01010110011
10010101001
01100111001
01111011111
00010110011
11100101110
01111100001
11100101100
10001011110
11010100111
00111000100
10111000000
11111011011
11010001000
11011100011
11001110111
11001000110
11010101011
01100100101
11110101111
01000111110
01101101011
00101110110
01001001110
10100111100
00001010011
10010111100
01010110001
00101010000
10011001111
00001110101
00011000101
11010000110
11110000000
11100100001
10000001001
11011111100
00010000100
00111111011
01100100101
11111101100
10000111111
01011000001
10111010111
10110100100
00010001011
01111000000
11010100001
10101110100
00111100101
11100011000
00011101110
11100110001
01011110000
01111011111
11000011111
10101011110
10111001101
00010001010
01100010100
11100101000
11000011001
00000010000
11100001111
11110011001
11001010110
00110111100
10001011011
00111110000
01000000011
01000101101
01000110000
00110000001
10011010001
11100000100
00100011001
11010001010
00001110111
00110000011
01010101110
01110001000
00001101101
10000011110
10010100110
00101100001
11000000101
11111111001
10011010000
00110110111
10000010100
01011111000
10101011101
01011000001
00100000100
00001100010
00000000001
01110111110
11101100111
11010001010
11001111101
01001110010
01110001111
00010111001
00011011001
00011111101
01100000101
00011001110
10100101101
11110000111
11110001111
00111100010
11000101111
10111110110
00011101111
10010110110
10100011100
10001111000
01100001110
10111000011
11100110011
01010101001
00001111001
00000010100
01010000011
11010000101
10100110000
00110100001
01110110111
00001000100
10101000100
10000111001
10110000010
00110100010
11101110000
01010110100
10100001111
11001010001
01001001110
00101011010
11001000110
01010111010
00111111000
01011110001
10010001100
10001001110
01101010110
10100011011
00111011110
11000011111
00111011101
10010010101
01100011011
00010000101
10110100110
00110010101
00001001011
01100011100
11111010011
11011101001
01100111000
11111101110
11101001000
10100111011
11100001001
01111001010
11110111100
10110101100
11011100111
01011010100
01010001010
00100110101
01000011011
00111010001
01110100110
00010100000
10111000101
00000110000
10010000010
11111000101
00001111001
01100101101
00101000011
00101111100
10011011100
01111110111
01110000110
00011000110
01110111100
01010100111
11111001110
00100000000
01010010000
11011101001
10110101110
00000011101
00101001001
10000000110
01110001001
00101101111
01100111010
11011101110
01011011100
10100101100
01100100111
10011111111
11001100100
00111101100
00110110100
11011110001
01110011101
01110100101
01100001101
01101000110
01110000111
00100010000
10110001100
10101011010
01101101101
01011001010
11110101000
11011100010
11000000101
