01011011000
00001010100
01001100111
10000110001
10010011001
10101101110
10000100010
10101111110
00000010101
01100011111
11011001110
01010111111
10011011000
10110101000
11101100001
00110010101
11110111010
00010010001
11101101111
01101010110
11110100001
11110001011
11010011000
00101100110
10011011100
10000010100
10100111101
10111011011
01011000101
11011101110
11101010010
10001100000
00011101001
00110101101
10010001110
01111110000
01110000000
11100010000
01011011101
01011110100
10001110001
01001011101
11101100101
11110110011
01111011111
00110100111
00010101111
00000100110
11111011111
00010111101
01010011100
00001111101
00101101101
01100001100
01110000101
01000001000
10001110111
00010010011
00111110110
11101000000
10011110011
00000000000
11111101110
11010000110
11111010010
11010101011
10101111011
10001010001
10010000111
11110011010
10000011110
10110011010
11011011110
01111010101
01000111001
11011111100
00111100101
10000000111
10000000000
01010101001
10101110100
11100100110
01100000101
00110011011
00110001110
00110110010
00001010000
10101111000
01101110011
00100000011
00111101010
11110110001
00001111001
11111110101
11101001010
00011100010
01011110011
10001001011
10011111011
10100100010
11001011110
11100101110
00000100001
01010110111
11001111001
10010011011
11110110011
01111110101
10110010100
01001100010
10001111101
01101000001
11101111110
11100110101
00101100110
10011100101
10010111000
10110100001
11010001110
01110100101
11011111110
11000011101
01010000101
11000110111
01000010101
10111101010
00110010101
11011111101
00010010110
01001000010
10011110111
10011001111
01101000011
00010000110
11010101110
00110101000
10000100000
01001011100
00001001110
01000110111
10010110011
01101111001
00101000110
00010101011
01101110101
11010110110
10000000001
11111110000
10001010111
00011011000
01110000000
00011011001
11010100000
11010001010
11001100110
11101111110
10011011101
10001100100
11101100011
10111110011
00111001100
01111101111
00111010000
00011110010
10111110011
01111110110
10000000001
01010101100
01000000001
01110101101
00110101010
00111011111
11011100111
01101111101
00011110101
00010100101
10000101011
01101001011
01110100111
11001111111
00111010101
10001010101
01011110001
00110101010
11001010101
00101000011
01001101000
00101011110
00101111010
00000110000
11111111101
11100011100
01000000000
10000000000
01110110001
01011011010
10110111010
11110011110
01010010000
00100100111
11001111101
00100011001
11011100111
10011011110
10100110100
11110000110
11010101001
11010100000
00111100001
11010100100
10101100010
01101110010
11001100001
00010110101
11110100000
01100011000
01011010111
10110010110
01010010110
00100000111
10000111110
10010001010
11110110001
01010010001
10110000011
00101000011
00000100001
10001100100
01001011001
00111100101
00110011110
11110110011
10000110000
10111110110
00011000101
10110100110
11101111001
01010111101
01110011000
01011101110
11101110110
11010110110
01110001011
11000111011
00010110110
01001001011
01111111010
00000110101
00110100101
00110010100
01101111001
01101011111
10101111110
10011010111
11100010110
11000100000
00001110000
00111100011
01100010011
10001011011
00110110011
10111110110
10111010011
10100011110
10000111010
10111001110
00010101100
11101110111
00010111101
00000000101
11010110111
00110111110
01110100110
01000111010
01011000110
00010011101
01110000000
11101000110
11001111000
10110100001
11100111110
10110101001
10110111100
11110000110
00110001011
01011100001
01001111010
11111110110
00000101011
11001011000
10100001011
10110010101
10100010011
11010111111
01001100111
00010000011
10101001101
01100000110
00100010001
01000111100
10000101010
11010111100
01000100010
01000010111
11011101100
10011111101
10010000101
11111011000
00111101000
11110110111
10100111011
10101101111
10101100101
00100000011
00111101100
11010000011
01010101111
00101010000
11110011011
11001011100
00111011100
00111101110
01010100010
10011000100
01110101010
11001100110
11010010010
11000001000
11111011010
11001000000
00001110001
11100111010
11010010110
10100110011
10001110111
00111101011
00000110011
01011100000
00111000100
11110100111
01110010000
00101111101
10110110010
00111000010
01011101010
10001000100
00110000011
00010101111
11001101100
11010000111
01010000011
10010000011
00111111111
01000100100
00111100110
11110011001
10111001100
00111010101
11101100011
11101010000
11010011000
11010110111
00110100100
01101111011
00001110111
01111010100
10010001110
00000101010
11011100001
01110111110
11001110100
11110010000
01101101110
11010100000
11000100100
00000111011
11011111100
11010011110
01100011001
00010110100
10111110010
01110001011
10011001000
10011101000
10000011011
10000110101
00111101111
11110100011
01111001001
00000100001
01111010101
10010000110
11101111010
11100111111
01111110100
11001011010
01001110111
10011011111
00010100000
00010001101
01101011011
01001100001
10010110000
00001101011
10110001010
11000110100
11111101111
01110000100
11101111010
01011100000
11011100001
10111111010
00101100010
10011111001
00111011101
00110011001
11011100010
00011010000
00000100010
11010001000
11110100011
00110001010
00001010000
10010000011
00010111011
11000000011
01110000010
11101001001
01011100011
11101100011
10001101000
11101100000
00111011000
00001001000
10110100100
11000011010
11101101001
10001110011
11110000010
00100101100
00001000110
01110011000
10110011001
10001000011
00001100010
00110110011
00111100001
01000010100
01111100110
10101100110
00000101111
10111100011
00011111111
10110010010
00001010000
10000001110
01011001111
11001010001
01001010111
00010111010
01100111100
00000110001
10011111101
00001101000
10011001010
00011100011
01111100011
01110101000
11010110110
01011110101
10010011010
11000110010
01100010111
10010100011
00100001000
00001000010
00011111010
11001101110
10011001101
10111011111
00110010010
11001001110
10100001110
00000000011
11010110101
10001110001
00000101111
10100000001
11111100010
10110010111
10010011100
00010110100
01011000111
11000101011
11111000101
01010000010
10010100010
00101001001
01100111111
00101100000
11000101011
00011010101
10011000101
01011111100
00000000110
01000000010
10011011111
10010010000
01100000100
10111011000
10001001011
01101101101
11110101101
11001000010
11110011011
11111100000
11100101110
01011011001
01010011100
10111000000
00110011111
00000111110
10000110101
00101000101
01010011001
00011111110
01011000001
11101100010
10000010110
11111001001
11101101111
11100111010
11101011100
00110101100
00000111010
00110000010
11011100001
00100011011
11001100101
11001011111
01111001101
00110101001
10010010110
10101110101
10111110100
01111001101
01000100111
00010011110
01101111010
01101011100
10110000011
11001100000
11000001110
10001001001
10000110011
10000000101
01101110111
11001010000
11101111110
10100100010
11110010110
00111110110
11010011001
11001010010
11011111001
01011011100
00010100111
11011100011
01010110110
10010101000
11100001111
01110110010
00100010000
00100111101
00001000010
00001001011
11100101011
11100001001
00000101001
11010011111
10111011101
00011011101
01010010111
01000010010
01011111101
11011000111
00111001001
00110011000
11011101001
01001011010
10000000010
00111010101
10000110101
10010000111
10111100101
11101100111
01010110110
10000010101
00010000011
11110110000
10101001100
10011110000
10111010011
11111110101
00010110011
01100111001
10111000000
01000000001
01001110000
01000111001
11111010111
00001000011
11001101010
00010001010
00001110100
11101011111
00100110000
00111011101
10110001000
10001000001
11111011000
11001110110
11111000101
01101011101
11011110000
10110001100
11001000100
01111010101
11000101110
11110011110
11011011100
00101100111
00001110100
10011000000
00100011011
10101111011
11101110110
01011101110
11001101110
11100000011
11101001011
00100001100
10111001110
00010111110
11100100100
01111111001
11000101010
00011010100
11000100011
11000110101
10011111110
00110111000
01101110110
11110110110
01011011011
01000010101
00000100110
11011010011
11101000010
01001110100
10001111001
00100110110
10110110011
11100111001
11011101101
10110101000
00001100111
01101001111
01011011111
01100111001
10110111000
00100000100
11101101110
10111011101
00001111111
11100001110
10001110010
01011000100
00001100011
01010111111
01101111000
00101100111
10010001001
10000001001
00011100111
11011110011
01011011110
01011110110
00000000001
00100101101
10100101101
01011011110
01101110011
10000011000
00100011111
00010011100
10010010100
00011011011
11111011101
00011111010
00010110101
00011011111
10000100110
01100001000
00101011111
00010100001
01011101100
10100100011
10011111010
00011110101
00101111000
01010111010
11011110010
01110110000
10111010011
10100001111
01111011011
00111100011
01011110110
01110110011
01001100110
01001110100
11100010001
00111001000
11001101000
10100110010
11000100001
00000001101
00111110100
01111110010
00100011110
01000011111
11011100001
10011111110
10101010100
01100010100
10001001101
11001111010
11111001000
11011110011
10000110100
00101001111
00000011000
00100101111
10100101011
01100101100
00010000111
11000101110
10001001101
11010001000
10000100110
00110101100
11101110100
10100001011
11100100110
00000110001
00010100110
10010011001
11001000101
01101101010
00101110100
01111011011
00000010100
01111001001
11000101000
00111010000
11000101110
10101011110
11011110010
10010000001
00100000110
00101011100
10011100000
10101110001
11101111110
10000000111
11100000101
11000000000
01100001010
11100011001
10001111001
11010101011
00101010111
00001101011
01101110010
00101011000
10101001110
11110000001
01111011001
10100110010
00110100100
01011011101
11001000111
11011111111
10010100011
10010100000
00011101111
00010111110
00010101001
10001010110
10001010101
11001100110
11010011111
11001001101
10001101110
11101100001
00011111100
10000110010
10000010011
00000011111
10000001000
01011010110
11001011011
11011000001
01100110010
01000001011
00000111100
00000001000
00001000110
01110001011
11111011010
10000100111
01110011101
01111111011
00010001001
11000000101
11111001011
11011011001
11100111110
10110110101
11100111101
00110100101
11000100010
01000001011
01011010110
01000111001
11000100011
11000110010
11000111110
00010110110
11000000011
10101101001
11100111011
00101000110
10001010011
01011100100
10101111100
00010011010
10011100011
01101110000
00011101111
10000000111
00110011111
10001000000
00010000010
01111101111
10111101010
00000101111
11110100000
00101001101
11110101100
10000001001
01100001000
10000100100
11001101101
00110000000
01110011000
01101110100
11111110011
11100111000
10001111011
11010110010
01001011000
00110010000
10101001010
11110011011
00101010001
11111011010
00101110101
00011100111
00001001111
01011010011
00010011001
01100100010
00010001111
11001100111
11011111010
10111100110
11111100000
11111000111
10000101010
11011100111
01101001001
11101111100
00011000010
10000110000
01010111110
10011111110
11001011100
10110100110
01000011100
00001001011
11100101011
01101111110
10000000100
11111010110
10111101100
10000001110
10001000010
00000000011
11100110111
11000101110
00111000111
10101000101
00011100101
00111010110
01000010111
11011111010
00101111001
01100001011
00111011000
00101011100
01110011101
11001011101
11010101100
11111010010
01011100000
11011101000
01011100011
01100110101
00101010101
00111100010
10100011100
01101111010
00001100001
01011011000
01100001110
11100011011
01011011111
10100011111
00010111001
00111100001
11000110001
10011111101
11101010101
01011000011
00011010110
10110011100
01101010001
00010111011
00111001110
00011101001
01101101111
11010011000
00100001111
00000001101
01000111001
01000000011
01011101100
11001100000
11100110111
10001100001
10000111111
01110101101
10100111111
10000010000
01000001000
01100101111
11000010101
10001111111
10110010110
11101110010
10010011111
10100100010
01100000001
10100101000
01000110000
01100000000
00010110110
00101110100
10101011110
11000111011
01000101010
10101011111
01001111100
01111000111
11110011101
01111010011
00011101010
00010000101
11011111100
00100011010
11110111011
00001111011
10100101111
11001001011
11101011011
10111000001
01010101101
10011100010
10000000111
01111010010
10001001110
00101010011
10001111100
11110000011
00111011000
11110111000
00100100011
10000000101
00011010101
00111110010
00110111001
00001010011
01000011010
10001010000
10001001000
10011000100
10010100100
11011000000
11101101110
01100101000
11110000100
11101111011
00011110100
10110101110
10110111011
10110000111
11101010100
01110000111
00001001111
01110101100
01000010100
00000101110
11100000001
01110000001
01110010101
01011111100
01001010000
00100000110
00100010111
00110101111
01000000110
10000110101
11011011011
11100101110
00111000010
10001100110
10010110111
00010010110
11010100000
10111100000
00111110111
11100010000
10110010111
10111110011
00111010000
00101101110
11110011111
01100011110
11011110110
00100010001
10011010001
11010101100
10111100101
01101110011
11111100101
11101001111
11111010000
00101100010
11000110101
11011010101
11000111010
01101001010
11100100010
01010100011
01110110100
01010000011
01101000110
11000110110
00000001000
10001110000
11110110101
00100011011
01011110000
00110001001
11000010010
11111010000
10001101100
00101100011
01010101011
11100110001
00010010110
00010101000
11110111000
11000101011
10110000000
10111100110
10001100010
11101111110
01010001001
11100000111
11110110010
10001101111
00110100000
00100011011
01110100011
11011111110
10111111101
01000101000
01010011010
01001110110
01110000000
11000000011
11111011000
10010011010
10110010101
01010010110
00011000010
00110101100
00011100000
11010101001
00100100100
10100100111
10101110000
11010001100
01010100101
10111000101
11100011010
00010100111
10001111111
10111111001
00001100000
11100000001
01010010000
10111001111
01010110010
11000100000
01011000111
01100011110
10010000010
00101101110
10100001110
01111100011
01011001111
11001000001
11100100100
01010101110
10000001111
11100001010
01101010100
00100001001
11011111011
00110011010
01110110000
10100100101
00011010101
10110000010
10011111011
11000110011
11110010101
10001101101
01000000001
00111000001
00010111100
11100111110
10110101010
01110111100
10000101000
10111000110
01000101011
11100001001
00101110110
10010101101
01001110011
01001110110
11111001000
01101100111
10100100100
10011010100
11010000101
10001011011
00111010010
00011100110
10010101000
10101110100
00010101011
10011010010
01000111111
11111111001
01001110110
11100000101
01010100001
11010010000
00000010000
11011001000
00111101110
11001110000
10010100000
00101010111
00110111100
01111011110
01010010001
00000001001
11010011010
11010111011
10010110110
00100000001
10100010111
01010100100
01111111111
00101101000
01010011111
00101101100
11011000100
10110110111
10000001110
00000001101
10111001000
10001000000
10110111010
11101100000
01001011010
10001001010
00001111000
10011100100
10101111111
10001111100
00100110010
10010100101
01011101111
01110101011
01000001101
10000101110
11010011101
10100001100
10000110101
10110110111
00001011111
01001111011
10110110111
10100111011
10001110001
01111101000
00101101001
11101100101
00110101001
01001100010
01001010011
01000100001
00010101011
10110001010
11100010101
11010010010
01011000111
11111101100
11110111010
10110010101
10100010011
11001001111
11100110110
00000010101
11001010000
11100001100
10010001000
01100010001
01100110010
11101011000
10010010101
01101110011
11110000110
10011001010
00000111010
10101101011
11001110011
01100101001
00100011101
01111000100
11001011001
00110010110
01001100111
10010100111
01000001010
00010111011
11101010000
11111000101
01100000001
00011001101
00111100101
01001101110
00000000001
10000101010
10111011001
00110000001
00110111100
11011000011
11010111111
01111111000
11001101111
01101001000
10010101000
11111110111
10001010001
11000001111
00000111111
01000011110
11111110010
01010100110
01111110100
01001100110
01011100001
00110001101
01110000111
10000000110
10100101001
01100000110
00110010010
11001010011
00001100011
11011000011
01001000100
10010000000
11010100011
11111011100
11010010100
10100100101
01110110101
00000010111
11011010100
11100011010
11110000110
01111010001
11000101001
01110110010
10101001000
01111100001
10101010110
10001011101
11111010111
10101110110
01000100101
01101111001
01010010111
00111001000
00011110111
00100101100
10001101010
01011010100
00100010011
01001100010
00111111000
01111111101
00110011111
01010101010
10010111111
11011100001
10110100011
10000001011
11101110011
10101111011
01111001110
00110101001
00001111110
11110110011
00001001111
01101011111
00001001100
10110000110
01000000011
01000111111
10001000101
01010010100
10010101011
11101011111
10011111100
00011100101
00010000010
01001100101
00111110010
11001000100
11100011101
11011000101
11001000100
00100100000
11100100111
00111000010
00111011010
01000110010
01011000000
11000100110
01011010101
01101001001
01111000100
01000000000
11011100101
00001001000
01010110101
01111000111
11101011110
11011100010
10000011110
10101000111
01010100101
00000110011
11011011010
11000011010
01101111001
01000010100
01011101100
00100111111
00100100001
11111101111
11100000111
11111111001
01110010101
00100110110
01001000110
11001111010
11010011110
10011100110
11100100001
11101010110
00110010001
11010001101
01011101110
10110101000
10111100111
11010111011
11100000000
10101111111
10001001111
00110100111
00010001001
00010101001
11011101001
11101100010
01010001100
11111100111
10101111111
00100110101
00101001110
10100000100
00000000001
00100110111
01000100100
00100001100
10011100011
01000010001
00001000110
10000100001
00000100110
00110010111
01101001010
00011111111
10101110011
01101001101
00010111001
10000101101
01100000010
00101011010
10010101010
01110101100
10010111000
00101010010
01101110111
00011110011
10010101101
11101000100
10011101110
11100111010
11000101111
01010101011
10101000110
01011111110
11011111010
10101110010
00111110001
11011011001
10110010110
00001010100
10111100110
11110111011
00101111100
10011010101
01111110010
01000110100
10111011101
11110110100
01110000011
10011000010
00101111111
01101111011
00000100000
00001001111
11000110110
01110000011
00000101111
00100100011
00000111100
01111111110
01000100101
00001011110
11110001010
00010100111
11011010011
11001011011
10111110111
00010010010
11011000010
10101101100
00110001001
01001100110
01101011011
10010101011
10001110111
11101101111
01111100111
11001110011
01101110111
11001001001
10001101011
01010010000
11000101111
11011010111
01000100111
10010000101
10110100010
10101010011
10000101100
10000010110
10010000010
00011011000
10000001010
00011001011
00110101001
10001001100
10001110010
00000101100
01101101000
11110000100
01010111101
11011011100
11100010100
00101001011
01001111010
01001100101
00011111001
00100111011
11100001110
00111100101
10100011001
10000110111
11000001100
10111011111
10011011101
00100010011
10011001110
11101100010
10000111001
11111101001
00111111001
10110100011
00111001100
11100011110
11101101110
10101100101
01110110100
10101111101
10111010010
00000111111
01011110101
00110000100
01100001110
11110110111
10010101010
11001010111
01000000111
10110110101
11001110000
10001011100
10111011110
11001000001
01000010100
10000101011
11001111110
11011000111
01011000000
00000011000
00111010110
11000111000
01101010011
00110011100
01011110010
01111101110
11111101111
11100111100
00110000011
01000011100
11011011111
01101100111
10010010111
00000010001
01010100111
00011111110
10010010001
11011011000
11110001111
01011000110
11011101110
01001000100
10111110110
01111011100
01111101010
11100000010
01000011000
10001111011
01110011001
10011001001
11001111110
10000111001
00101110101
01001110010
10100111011
11010000010
11010110001
00101000011
10101101011
10011011000
11101001001
00000011000
00011011000
01110101010
00100110011
11001111101
10101011001
01000110010
00001111010
00000111010
00000011010
00011010010
01000101011
01111010011
00110001010
00001101100
00110001101
11110110110
00000010011
00011100001
01011111001
10100011001
00000100010
11001101010
00100001010
01010100000
01011010110
00101111111
01101111110
10101000100
00010010010
00010110110
00001001110
10110110000
00111110110
11100111010
01110110001
10101111111
01110011011
10101101010
00111001101
01100010101
01000000001
10111100011
01001110010
00101111001
00100001001
01000100101
11001010000
10110110101
10011001001
00010010000
10001101001
00110001011
01101001011
01110000111
01000001110
11100100011
10100000010
11101111001
10010010110
00111111011
00110100101
11101001110
10011100011
00011101000
11001000101
00000010100
00101010100
01111000001
01101101000
01000011010
10100110010
11001001111
11101000100
11110110111
01011010001
11100001110
00100000110
00100011000
11010101111
10011111101
11100010100
11101001011
01010110101
11011111101
11000000000
10010000101
01101000101
01001010000
11111111010
11110001100
01111000100
00001100001
11010111000
11100010100
11010111010
10110110100
10110000100
00110101001
10110010110
00010011100
00100100000
10111110001
01010011111
11110000110
01100111101
11111000011
11010010100
01111001100
11110100111
11001010101
01110001101
00101111011
11010000111
01000001011
01000110010
00001111011
00100110111
01110100111
11010010110
00101010110
00011001010
01000100011
11100000010
01100111100
10100100000
00001000110
10000001111
00111101000
10110010110
00111000110
11011000010
11100010100
10100000010
01010100100
00110110010
00110110010
01000100011
00110011101
00101101101
11100101000
11111010011
00001111101
00001100100
00000111011
10100010111
10001111010
10111011110
00011001011
01010110011
10111001110
11010010110
01010111000
00011100110
01111101001
00101011000
10001101011
10101000001
10001100110
10110101001
01000100110
01111101100
11101011011
01001100000
01100000101
01111110111
11110001000
01110100010
11101010000
11100111011
01011100010
00110001001
01011011000
00101011110
00001101111
01110111011
00101111110
00100010100
10000111111
00111011110
10101101010
10010110111
11100000111
10001101001
10001010011
01001011101
00011110011
11110101000
00011111011
01101110001
01001111101
11001111110
10001011110
10110111010
11011101011
00000010001
01101000101
10000000010
00010111110
10010010011
00110011000
10000110010
10000010111
10001000001
11010101011
01000101110
00011000111
10011011011
01110111110
00011101100
11001110000
10001011111
11111001100
10011100010
00010100000
01101001110
00100101001
00011110001
00110000111
11001010001
10010010011
00100000110
10100101111
00010010101
11101001010
10001101001
11111011010
11100100000
11111011100
01110100101
11001101011
00001111100
00001101110
01100101000
11010011100
10011000110
11110110101
00101001000
10010111110
10111001100
11000100110
01010010100
10011111110
01011110110
00110000111
11000100010
00000000110
10010011001
11110100001
01001010000
10011010010
11110011100
11011100011
11010111111
11110010111
11111000110
01100010111
01000110110
10101111101
10010001110
11000011100
00101111010
11101101111
10001001001
01100000100
00111001001
10010010000
00010101111
00011110111
01001101010
01100101111
11100010011
10100110000
10000100010
00010111101
10110011001
00100110010
00001101001
00000011011
00101111000
11111000100
01101010000
01011011111
10100010110
00011011000
10101011101
11110001000
11000110100
11011110010
00111100011
10011110010
11011000110
00110110101
11011101001
01111111100
01011111101
10010001110
10100101111
10100101001
10011000000
10110010101
10001010011
00100010110
00101010110
00011110000
00110111011
00010111101
11000011001
01111000111
10101000110
00011000111
11111100100
00110111011
00101101101
00110000110
00001000111
01100101110
00111111010
10011110100
01101110011
00111010100
00001100100
10010100001
00011000110
00100011100
01011010011
01100100000
11000010110
11001011101
11110011101
10011010000
00000001010
01010111100
10111000010
00101110100
11110111001
10111110001
10010010010
01100101011
00111001100
11110010101
11111111001
10011000110
11100100110
11111111011
11010000011
11001000000
00110001110
10010001001
11101011011
01010110101
11000011100
11110100100
00001000000
11101111011
10100101011
00110110100
00100101011
01101111100
10110010000
00001110110
00011000010
01010010111
00010110100
00111111111
01101011100
01001111101
00010100001
01011111000
00110101110
11101110011
