10010010111
11101010011
00001101011
10101101011
10001000010
10111010111
01000011010
11111101111
10000101000
00110011001
11001010001
01011000101
01001011011
01000110110
10100011111
11001010001
00001111101
10001001100
00100010110
00001101010
01111110110
01000001001
00001011011
01111011110
11110001110
01100110010
11011100101
11000010110
10110101011
01101001011
11101010110
01010101011
11110011101
01000000010
01001111011
00010010001
01111010010
10101000001
10101010011
10000110001
10010111011
10011101101
10101100011
01011001110
01001110001
11110111011
11101000101
00000011001
01100110111
10111011111
11100010000
10101011110
10110100100
11101010100
10101011100
11000011011
10110011000
01101011111
00010110001
11110011011
01110111010
00000100001
11010111101
11001101010
01001101110
00100101011
00110111101
01011110011
00011011110
11000001110
01100001011
01111101011
01100010111
10001000001
10101111111
00111111010
01111000000
11010011101
01110001000
00010000000
11110101000
00110101001
00100010101
11000111000
01110110111
10001000111
00100101011
10110001100
01101010100
01100011010
11010100100
01111011111
01110110110
10111001001
00010110000
00100010000
00010100101
11100101000
11111111110
10100101101
01101011110
10010001001
00010000101
01011111000
11011000001
01110111100
10110111111
11000100111
11100001100
00010110011
10111110100
00001110101
00011010100
11011110000
01110101000
11111000000
01111000010
00001110010
00111110110
01101111010
00110110010
11110101001
10000010101
11111011101
11000101000
01011111011
01001101011
00100000011
11110111011
00100100000
11010011001
01001001111
11111011101
01110010100
10001001111
01111000011
10010011010
01100101011
01001110011
00001101000
10001110111
11001000011
11101001100
10100001011
01111011101
11100101010
01000001010
11100010111
01001110100
11011001110
01000100110
11010011011
01011000000
01101101101
10001111000
11110000001
10101111101
11000111100
10010000001
10010101100
01010000001
01110000101
00101011011
10011101100
10111111100
01001101000
11010101010
00100110011
01000001000
00001100011
10011011011
11111011100
00100011000
00011111100
11110110111
10001011011
11111110011
01011000111
00110110100
10110101101
00110111111
10110110001
01000000001
11010100001
11000100101
01011111010
10110111111
10111110011
11101101000
00111011101
11110111101
01001001110
10001001101
11100100100
00110010001
11011101100
11010000100
11101010000
10111000010
01001001110
11000101001
11110010011
00010111110
01110101011
00010011001
11110010010
01100001111
11101000010
01000110000
10000110110
00111000101
11111010000
01100010010
00111110110
01100010000
01010000001
11110110110
11000000010
10001010110
00111101011
01100110100
00000110010
11110001101
01111010011
10001001100
11110110011
01100101100
00100011111
11110101011
00011101001
01001101111
11010000110
01101111101
01001001110
01101001011
11100101110
10101001101
01110000110
01100101101
00011101011
10100110010
01010101000
00000110011
00011110100
10101101011
01010101110
00010010101
00110110010
01011110110
11111111011
01110110010
10011010100
00011101111
10110001100
00100111100
00100101010
00111101101
00110011011
11010001110
00100001101
01000011001
10111000001
00101000100
10001101101
01100110010
01011111001
10100010101
11100010000
01100001101
11010111101
00100110010
00011010011
10000010000
01111100110
00111100111
00101000110
00110001110
01111011011
01010000010
00011101011
00100011010
00001010011
00100101010
01010101000
10110101000
11111111011
11000011011
01011000011
10010010110
00010100010
00110100111
10100100000
01111100010
00101001110
10011100011
10111001010
11100100100
00010011010
00111100111
11010000101
10110011110
10001011010
10111100001
11110101001
10100000110
10000111001
01010100011
00010111000
10100101010
10000101000
01000001011
01111010101
11110111000
01000100011
10000011000
01100000010
00101010000
01001010000
01110000010
01001011000
00111000110
10100000001
10000110110
11010010101
00001001100
11110110011
10011000011
01011100110
11001011100
01000110111
10010101111
11011111010
00000111111
11001110111
11110101110
01001110110
01101100001
11101011111
11011011010
10011101010
00110110000
10110010000
01110001110
00011100101
01000110110
11101010010
11100011110
10100111100
10110110011
11001100111
00001100110
01111011110
01011111010
01011100110
11011111010
10001001000
01000110000
11111100110
01010110111
01100000100
00011010000
00110000001
01111001110
11111011001
11100101001
00101011101
00001101001
00010011100
11110100100
11101101110
01000011110
10110100011
01101100111
00100101000
01000011111
10010001000
11011111011
10111110001
10000110111
11111110100
10001010001
01001111010
00101111000
11000011101
00111100010
11001011001
01010010110
00010000111
01111110000
01101101000
00000000100
11100010010
11000110011
00100001001
10110010010
01110010011
00000000101
10001100110
00001101011
01111100111
11100101011
00110110111
10101101111
00101110101
11101011111
10001001001
00010011010
11111000110
11110011100
00000010110
00011101011
00010101101
01110000111
10011101000
11101010001
01101100011
10100100111
10000100101
10010010011
00011001101
00011010010
10111001101
00010011011
11010111001
00111111101
10100100001
01101101101
10100010000
11011100010
10001000101
11011000010
11100110101
10100101010
00100011110
11010010000
01000100111
00001100011
10111001011
10000110110
01100110010
00010010010
01001111001
10111100111
10101010111
01100001111
10010011000
01000000110
01001000100
00011000111
00000001011
10100110011
10110101100
01100111010
00110101010
11111010000
01110110000
10000010011
01101110010
01011101101
11011011000
10111100100
00010010010
01110010011
01010110100
00101111101
01100101100
10011101010
00000100000
10111001110
11100100000
10111001101
00010001011
00111100110
01011011111
11011011101
11011010001
11111001111
01100101101
11100100110
10111101100
11000010011
11101111111
01111010001
11010011110
10101101101
10011011111
10101000110
11110110111
01001111001
10010000100
01101010001
01101110000
00111111000
11010010101
00001101101
00001011001
01011011100
00101000011
10011001110
00011100101
10000000010
00111011100
10101110011
00001101101
11011011111
11111110110
11010101010
10011111010
10110101100
00010110111
10110111001
00011000001
01111111000
01100101101
01001110010
00101001000
11110110000
11010101111
00000110001
01011111011
01111011111
10000000100
11011011111
00001001100
10001101100
01001010100
00010000010
00110101101
11001011010
00100001110
00111100111
01000000001
11111101110
10000100101
11101111100
00001001010
10111000000
00111010111
11010111000
01111110001
00011101110
01000110111
00011011010
10111110011
10001111110
01110000111
10101010110
00000010010
01001001101
00001000101
11101111110
11001000000
01110011110
00101101111
01111110101
10001010011
11111011100
10011111010
11111001010
10101110011
10111010100
10010101000
10100001101
10101101111
10101011001
00101110111
00111001001
11011100110
00110111011
11111010010
11100010011
11100001110
11111101110
01001001100
10010011001
01001111011
00101111000
01100010011
11110000000
10111001001
10000100000
11100000100
00000001000
11110111111
10010010101
11010101011
01011100010
00101001000
00010001101
00001100101
00100001000
00110000000
10011010111
00110111000
01101010100
11000101101
11111101011
11101111011
01100001010
00110001001
01001111010
01000110111
00111011001
10100010100
10100010011
10110101000
01011010110
11111000110
01100001011
10000001010
11101100111
01101100111
01101011000
10011101001
11011000010
00011000111
00110110111
00111110010
01111010101
01110111011
01100100001
00111001101
01000010011
00000011010
01110111011
01001001011
10100010110
11011101010
00001110101
10101011011
01011001110
11111000011
00101010010
11010101101
00111000000
11010000011
00110100100
10010010111
10010011111
00001111101
10100101111
10101110101
00110010011
00111010110
01111110100
10110010100
10101011000
01000011011
11110000000
00110011111
10001000010
11001001111
00101101010
01110000001
11111110001
01011100100
00111001000
11000011100
11011100110
01001010001
10010010011
01101011110
01110111101
11001000001
01100110010
01100110011
10010010100
11110101001
10100110100
10011000111
11100010101
11010100100
11010011010
10001000001
11110110100
01110001001
00011110111
00010101100
10110010111
11011111110
10011000100
01100001110
00000001100
11100001010
00001110111
10110111000
10010010011
11101010011
11101111100
11100101011
01101110100
11111000100
01010110111
10110001110
11100000101
10110010001
10000101101
00011000101
10100111010
00001101011
11001100101
11001010110
00011110101
10101011111
11000110111
11100010000
11101111001
01101110111
01001100111
01000110001
10010110000
00011010110
10011011110
01100111001
01110000010
11100011101
00011100111
10011111001
10111100111
11010111001
01111101001
11101010011
11010100101
01111111100
00110110010
11101010000
11010101001
11011101010
11100100100
00000001110
00110101000
10000101011
00011010101
00010111111
00010010001
10100100111
11111010100
10011111010
11011000101
00001001110
01011110101
00111111110
10001111111
01100111000
01100111111
10111111101
11000010111
11110000000
01000100001
11111101000
10111000011
01100110101
11011001110
10101101110
11111111101
01101000010
10010000101
11011111011
11001111110
01101001001
10000000010
00001000001
00000111110
10111110110
10000011100
10110101001
00000001100
01101000000
01010101011
01111001100
01001111011
11110101101
11000111011
11001111111
00010011001
10111100011
00110001000
11100010110
00100110011
10100111000
10110111110
11001010100
10011101100
01101101111
00010010110
11011010101
00011100011
01001100010
01000111010
11011001001
00101001110
11111110110
11001011100
11010010100
01110111000
10101101101
01001100011
10101000000
01110011111
00000100111
00011111010
01101111101
01100001100
01000010010
11010001110
11001001010
11001000110
11100000001
10011100000
10010101011
11010101111
01110111001
11100111100
11000010110
10011001011
01011100110
10110001100
01111001111
10000000011
11110101101
11011101000
10001111101
11001011010
11001001100
00000100100
01110010001
00101011100
00010000110
00110010100
01110101110
01010000000
00001101010
11010110110
10011010001
00110010001
11101111000
00011010000
00011100100
01111000100
10010010000
00010110110
01111010000
11111011010
00010111000
11101000101
10011111111
01111001000
01011000110
00101010001
00001111011
00110110001
10010111100
00101111111
01000111110
01010111101
01110000101
00011011110
01010101101
10100110100
10100000001
10011110001
10000101111
00010101010
11110011111
11011100001
01010111100
00100000011
00000010000
11010101000
10110101011
10000101011
00100111101
11111001100
10101001010
01100000111
01100000110
11100000100
11001000001
11010000001
00101001000
10000100101
00011111011
10001011010
01000011110
01101011100
00010011011
10110010100
11000011100
01001010001
10010011011
11111111010
01010110011
11100110100
10101000101
00000011100
01100100111
00010011001
10011110100
01000000010
01101101110
10100111000
01100110010
11100111011
11011001000
01010110111
10110011111
10100110000
10010111001
11111101100
10100100001
10110101111
01000001101
11110010000
10101101111
10001011101
00101100010
11011110110
11000011010
00001100011
00111010000
00110101100
11100011101
10111110101
11011011010
10111110101
11111100110
11100010000
00111101100
00010100010
01011010001
10011010011
11111011110
11010000101
00000001100
11111000000
11000101100
01011011111
10000110000
01000111000
11001001001
10000011111
10110100100
11100100010
10011011100
11011001000
00111101100
11000010000
10101001001
01000111000
00011111110
01111110010
00100011001
01010101100
00110111100
00110010111
10001010011
00000100001
10000010000
01001010101
01101000111
01001110111
00011111010
10101101100
11001110101
01100110010
10011010000
11001001010
11101010100
01111000011
00110010100
11010001001
00011000110
11111101100
00010010110
01010101011
10010101101
00000001001
01011010101
01000011010
10000001010
10001001100
01101101100
01000011001
00001011001
10001100011
00110101011
00000100111
11111001001
10111100101
11001000111
10001100100
00001001100
00111010101
00000100110
10100110100
10001001000
01000111001
10111111000
10100010011
11011111011
10111011000
10000100000
01100000000
01010000100
11110001100
00010000100
00011000110
11110011011
11100010000
01011011001
10000001111
10101110101
10010011101
00011100001
10101001111
00100011111
11111000001
10010010111
00111101110
01011001111
10100001001
01010011111
00000101110
00000110010
10111010110
01001111100
00101011001
00011000011
01001001110
10101011101
01001110110
10010010010
00011101010
11011111110
00011010010
11000111100
11010111100
11011000001
11101100000
11000011000
01011100111
01010011010
00101011111
11011011100
00010011000
01001001001
10011011010
11101111011
10001010011
00010010001
11011011110
10000111110
11001111111
11010001001
00001101001
00010110000
01010111110
01101001010
11010001111
01001011011
01011010010
10000000010
00111100110
10000001001
01011101101
00110110000
01101011010
11001010111
00010100011
11001011001
10001011101
10000100001
00100101010
10010100101
00100110001
01101011011
00010001110
00100110110
11100111011
00110011110
01011001111
00001111110
01010001000
10001011111
11000101100
11010010110
10101001001
10101110000
00110101001
11011001000
00100011100
00001010100
00011110111
00010100001
11011011001
10001100001
11110011011
00001001001
10010110100
11000101111
01000100001
11111110000
00011101111
10101110001
10001001010
10011011110
01011001111
00100101100
11101100001
00111011111
11110101011
01101010001
11000101110
00000110101
01011010101
11001101000
10000110111
00000011101
11011010000
11101011101
11011000101
10001000110
10110101010
00111101100
11110111111
01110010001
10001100110
00100100000
11100100100
00011010010
10000000001
00111011001
00100111011
10001000000
11110110110
10001010111
11100101010
11111100011
00010000101
01011110011
00001000101
01101001000
11001110100
11000100011
10111001010
00111101100
00010110001
11000101110
00001011010
00100011110
11010011000
11110101001
00011101000
11111100111
10110000011
11011100001
10000001010
10101100111
10111011001
00110111010
01111111011
11111110000
01011001110
10010100010
00100100101
10011010000
10000111001
01111101100
01100111001
00001011111
10011010010
00100110011
00000111100
01101011100
11001110001
10111100111
10001010010
11011011111
11110011011
01000111001
11000011011
10111110100
10100000001
11001111101
00010010100
11011001011
11110100110
00011100110
01000111100
01010100100
00001001111
01110101100
01001010001
01001000110
10100001100
10101001101
01010011110
00011101100
11010011110
11011001001
11011111111
01100111101
01101001110
10101000010
00010101000
11100110011
11101011100
00011111010
10001100100
01000000001
00001000011
11000111010
01100101110
01101111101
11000101100
10101001010
01111000100
00111101011
01001111000
10111010111
00010001000
11110001010
01101001000
00011101110
01100010110
01000001101
01011011111
00011000010
11001010000
11001110011
11101111101
00001100110
00011101001
00110100000
11001001000
11111100100
01111101001
11010000010
00011001001
10001000011
11110111100
01001101100
10101011010
11111010010
01100010010
01000000110
01110110111
01011100111
01001101010
00100000011
10101100100
10001100101
11110100111
10010110001
00100000111
00101101111
10101110001
01111101111
11111101000
11001110110
01001011111
11010000000
10010110111
01010100110
01100110011
10111001110
01010111011
00011101011
10101101000
10110000000
00110110000
11001111100
01000010100
01100101010
01101011101
01001100010
00001101101
01100100001
00111011100
10110100010
11010001101
11000100000
11111100101
10100100010
10010100001
01000000001
01110101110
01100100100
00010111111
11011011001
00100011111
11011011101
01011111100
00111000010
11011000011
01111100101
00011101111
11111011001
10011100011
10010100100
11011100110
11010100111
00100010011
10101011001
11011010001
11000110000
10100001011
01001100110
11111000100
10011101011
00100001010
10101001101
01010000011
10111000101
00010101011
10011111010
01100100101
11011111010
01110110001
00101111111
01111111010
00111011110
10111111010
10111011001
01100101011
11100111111
01100010101
10100010100
01011100111
10111111100
00101100000
11000111110
01000100000
01100000001
00010011011
11001111001
10110111110
10001100001
11100111111
01110001011
01110110110
00100110000
01011010110
00101110010
00000101100
01111100001
01011011111
01101101010
11100110000
01101011010
10001000111
01111011110
00000010101
00111010001
10101010100
01000100010
01111100000
00010000111
00100001100
10110100001
11110000100
01111100011
10010110111
11101011100
11010110001
11110111011
11100000001
11100001111
11000011111
10010111010
10000001100
01011000010
10010001011
00101111000
10111111101
01010011011
11111100111
00010110110
10000010111
01001110101
10011110110
10001111010
01001111100
00110110010
01110001001
10001001010
11001111001
11000000101
10100001011
11101000011
10100000011
00001101100
01010100010
01011100111
10011101101
11110100000
00001010100
11101011111
11000000000
10111110000
00111011011
11001000110
00111000110
11100011110
10100000101
00010011101
01100111110
11111011010
01110100111
01101000010
11111100111
10010100101
11000010010
01011110001
11001110001
01001000000
10111111001
01110100001
10100011010
11100110111
01000010101
00001001110
00001100000
01110010010
11101101101
11000000001
10111001101
00010110001
01111101111
00001111111
00011010010
11000001000
10100011010
10000010110
10101110010
01111101001
10001000101
00010010000
11000111101
00110011100
10001011001
10111111101
01000010000
01101010010
11110111010
00001010010
11110010010
00101010011
01101010011
10100001000
00111100000
00111001000
00001011101
11101010110
00101110101
01111110111
10101011000
00001000100
11000011111
01001011100
11001011101
11001011110
10000001010
10010110110
11111111101
11010001110
11010101000
00111101010
11110001110
10000110011
10011010100
11001010110
10100010100
00010100011
00001000110
11010011111
00000110000
10110001010
01001101000
01000001011
00000011110
11100011101
00100110111
01011111100
01100111101
10101100101
01101111010
11111100001
11100101111
11000001011
11110001100
01101111111
01000101011
00011101000
11100100011
11011101111
01100110111
10110111101
00010000101
10011010011
10010101001
01110111011
01101111110
11010111110
01101110110
00111111001
01111101110
11110010110
10111100011
10101100110
11100111101
01101100000
10111011010
00000101100
00011101111
10010000111
01100100010
11100001111
00011000010
00111111011
10000111011
11000001100
10011000001
00101100010
10100010010
11100110011
01000100011
11111001111
10010010000
01011001011
00001011001
01110001010
11111111000
01100110010
10001001000
01011111011
00010011110
10011101101
11110011101
00110101100
01000011010
01101100011
11011100000
01111000011
01011000010
00111110001
00010001100
10011001111
00101100010
11100111011
01110101001
01011100110
11111100010
01001011010
01101011111
10001111100
01011000000
11101100001
01111001000
10010001101
10110111100
00100110011
00011011111
11001111100
10101100001
11101010100
10000110010
01001110111
11010010111
10101110001
00111111000
10110111010
00110010001
11010110111
10000100000
10001110001
10111000011
01111111001
10011000010
11011000011
10000111101
11111111011
10011110101
11000110011
00001011011
01000111100
11011001011
10100001100
01001100110
00001110010
01001011001
10010000100
00111001111
11100111011
10100000011
01101000010
01111110110
10111000001
10011100101
11100000110
01010011100
11100011001
00110000110
01000001010
10110101101
00011000110
01011011110
01110111111
11110000000
00101010000
00000101001
11010101011
11111100001
10100110011
10110001100
00100000111
11010000111
11010000101
01011000001
10001000110
10000110101
11010110110
11011000001
00101100110
00001010100
01010010110
11011010110
00001010011
11000111001
10000010000
10001011101
11011110011
00011101100
01110000011
10010100110
11111001100
11101011111
01010010100
01100101100
01111111010
01100000111
10100101100
11100001010
10111010100
00101010101
10110100101
01001000000
10010011010
10011111100
00001011100
00000110001
11110000010
00000111110
10110101101
00101001100
10000100101
00101110100
10010000111
00110101011
10101010111
10101001001
11011111010
10100100001
11010110111
00110110100
11101011011
10001110011
01101100110
10011100000
00011110000
10111100111
00010011000
11001110100
10010010011
10001110100
01101001111
01101010110
01010000000
01010100011
10001110111
10011001000
11011111000
01001101100
01010100101
10110110100
11011101100
10010011110
00000100011
11111000111
11101100100
00100001000
00111111100
11011100110
10010011010
01010010010
01100101101
01100101110
10100111011
10000010111
11110100100
10100101101
01011010100
11000001001
11010011100
01011111000
01101000110
00010011111
10111001011
11101111101
00111011011
10110110010
00010010010
01100011111
10101110110
11100110100
00101101001
01101101000
11001010111
00100101111
10000110101
01110101110
00101010100
10101000010
01101111111
00110010000
01000001011
10001011101
10001010110
11010001010
11001001001
11011010111
01101011001
11101101010
00000101001
10111000101
00110011001
00111000101
01010111101
10001100000
11110100001
10000011001
10010011101
10001011110
10000111100
01100001011
11111011000
00110000000
11111100000
01011010001
10001110000
00100111110
01101000100
00110111111
00001100001
11011000011
00001100010
11110101000
11001100100
11011111110
00101100111
00000100011
00111111100
01101001101
10011100001
11000110111
01000000010
10000110000
11000110100
11000001101
00011110011
01100011000
00000001111
10000101010
01110111000
11111101110
01110000101
00101011100
00011111110
10000101110
00110010101
11100101000
10110110000
11100010111
10011101110
01100000001
10111011001
10100100100
10101110101
10101110010
11010110011
00011001101
10001110100
00001011011
00011011001
00000001011
10100001011
00100111111
10001011010
11110001111
01100001001
10111110110
10101100000
11010010000
00100100010
00100101010
00001010001
01011100010
01010011000
11011101110
11101011100
10000111101
10010011001
10110110110
11110010000
00000000100
00110010001
11111010100
00001011101
10111110010
10111010111
10110000001
00100110001
01010000010
01110000000
00111011011
01011000001
11000110010
00010110010
11011110001
00011011001
01000010001
10011110001
10101000011
11011011001
10001010101
01000000000
01000110110
11011011010
01111111111
10001101111
00000101001
10010010111
01011010101
11011100010
00011010110
11100111100
11001001011
11111110100
00001110110
11000000011
11000110100
01110100011
10110111110
11101100101
01010010111
10011100001
00100100101
01000111000
01111001110
00001100110
01100011100
01000110010
01110110110
10110111000
00001100100
01101001010
10110111110
11100000010
11110101101
11011110010
00110111101
11101001011
10100010101
01110001000
00001000000
10010000001
10110010010
01010000111
00110010011
00100001111
11111101011
00101001100
01011001001
01101100110
10011010011
01101001011
10010111101
10011010011
11110111110
10011111111
11010101010
11100101000
10001010100
10000001000
11010011101
10101001011
10111011010
01110111100
10100110001
01011001100
11110101100
01111011010
01010111011
01010101011
01011111110
00001011101
01110111101
10010101011
01101101111
11110110100
00011101001
00100010101
00010110001
10101010000
00010000000
10111000100
01001111001
10110001001
01011000111
10000011011
11111010000
00110010101
11110000100
10011011111
00001010010
00110110110
10110001011
11100110110
11100111110
00101101110
10001011011
11100101111
00110101111
00001000100
11010000001
00100000111
10110011110
00010000010
01010010001
11010000111
00011101011
00011110100
11111011000
11100101001
10000000111
11110000011
10111111111
00111110110
01001111010
11110000001
00011001000
00101111001
01011000001
11100000000
11001001000
00100010000
00101110011
11001101011
11111111111
11010011101
00001111011
11111000101
00100111110
00101010011
10010101001
11000100010
11000100110
11100000110
11101011101
10010111010
11010101011
01110101010
11011111101
00110111011
11101110101
00111111100
01101010111
11110010110
00000101000
11011111010
00010001101
00000111010
11101001101
10011011101
00010011101
01101010001
11001111001
10010010011
00111011011
11110101100
00101100010
10010100101
00100000000
11100011100
10101111000
00100011101
00000011100
11101110001
01011111100
11001011010
