11100110100
00101001011
10001110101
11110000011
10000001101
11001110100
00001000110
11011000001
00110011010
01011100010
00110001001
10000010000
00110110000
10111110010
00111001011
11101101010
01100110000
11100011101
01000010011
01100000011
10100111000
11011000110
01110001000
00101011101
00100110111
10111101110
00000010011
10101100100
01101000001
11001100111
00000010000
10110001000
01100011101
01010111111
11100101001
01010010000
01110001111
11111110100
10010100010
00110100000
11111000111
01001111001
01010101110
10111000000
11011001001
00000010011
11110010011
11101001010
11110111110
01010100001
01010110000
01010001111
01001111100
11010001111
01111101100
00101100101
11010010100
10011000001
01010000110
00111111101
10000001001
11111011010
11110101100
00000101000
00110001100
00111111010
01000100001
10001100000
00111110111
00100011011
10001001101
11100110001
10000110011
10010100110
11101101011
01100101010
11001010110
10100000110
11110010110
10000111000
01100010111
10000010010
10111000110
10110011011
11011000110
01000011001
10001110111
00100000010
10011101110
01010110001
11110111100
01100010010
00001011101
10000100011
11001001111
01101111010
10011001100
10101011001
11001110001
11110111100
10110100001
10000101000
10000101000
11001000000
11110101110
10110111000
11011100000
01100010000
11010110010
11011000111
00011100000
01000110010
00100110111
10011100011
00000100001
01011010011
10000010100
01010111110
00010100001
10101101100
10100000011
00010110010
11000011010
10000000111
11011100010
01011111100
10110010000
10110000011
11110010001
00101110100
10011101000
10010010100
01001100110
11011001000
00110000100
01101011010
10000001101
00010111001
00101010010
00000000100
11001010010
01000100011
00000100111
10000010100
10100111110
11100010101
10101111010
01010111001
10110110111
01111001111
11010000010
01010100001
11111101011
00110110011
10110000111
10100101111
01111001010
00001101100
01111101101
00100100001
00101001110
01000010001
11100110100
10010010010
00110011011
10000100100
00101011111
00000010100
00101011110
00100000101
01000000111
10101110101
11001011110
00100010110
11010100110
11011011000
11010001110
00100010011
00101100101
00100101101
10001101000
01111000010
10100111001
00111010110
11101000011
10010001110
00011010010
00001000110
00101100101
01000100011
10000100110
10011111001
00100111011
11101100101
01111011111
00010100000
10111110110
00111100000
00100001010
11111101110
00011001010
10011110100
01010000000
10110111010
01000101011
10000011011
00111100000
01001000100
00101000010
00000000010
10000001001
00001110001
10000001001
01110001001
11111001101
01111100111
10100101110
10001101111
00000000000
10010111110
01101010110
11010010000
11001110010
00110100010
00000101100
00101100001
01111110011
01011100001
00011001001
00100110101
11000010011
11101111001
10101111110
01100111101
01100001010
11111001110
11101011110
01101110100
11100001100
01111101110
11101111011
11011111001
00110110101
00111001000
01001000001
00010000010
00101100011
00011010100
01011000111
10010000000
10011101000
01001110110
11111111010
01100110101
11100101101
01000011110
00001101011
01000100100
11100100101
00011001101
10101111100
11100010110
01100001010
00011001110
00101100000
00010011010
01011010110
11000110111
00010110101
11110001000
11101100101
00100001000
10111001100
10111111110
01110001101
00000101001
01000001110
10111111100
10000110101
10100010001
00101001110
01010110101
01110101001
10011100100
01010011110
00101101111
01010001110
10101010100
10010000100
01011110000
01110001011
01001110100
10011001000
00000100001
00100010000
10110001011
01100000010
10011010111
11000101101
10111001000
00011100001
00010100100
10111111010
11111101111
01010101110
00010111110
10001011100
11100110100
11001101110
00011000100
10100000101
11101011100
11010110101
11010101101
00111110000
11010110111
11000111100
01110110100
11110100011
01001010110
01001011101
01101101001
10111010010
01110000110
11100010001
00101101111
11000100101
10011010100
10001000110
00010100110
01100010101
10010100110
01101011000
11110001000
11101110001
01110010101
10000001010
10100001010
10111010110
00000111001
01100001100
00101011111
00100111011
10000000111
01101000101
11110001101
00010111000
10111010010
11110011000
11011000110
00011000111
00011011100
10100011101
00000110110
00011100101
10100101001
11010101011
11100101100
00111111010
10111010001
11000000010
10000111010
00011111010
00010011111
11011001010
11000101101
01100000111
11010110010
00110111011
00000000010
10110001001
10011110011
10010111111
01110010100
11100101000
10111111011
11101010000
11011011001
10100001011
11000101111
11110100110
01001000101
11110001001
00100110111
01010001100
10011111001
00000101010
01000001101
00111000000
11001101001
11001011101
11010011101
11001110010
01001011000
10110001001
10111001101
00110111100
11010011011
01000001111
01001001100
01011101110
00000011100
10000011100
11111101000
10110111110
00001101111
00000110010
00001111011
00010010010
11101010000
11010101001
11110111000
00100110101
01111001011
00111100001
01110011111
00011111110
11011010001
00011111010
01101001010
01111000010
10110000010
10111101101
11100010101
00110101001
00011111111
10111111110
10011001100
00000001000
01111101010
01100111111
10111000110
10011001001
11110100000
01100001000
01100101101
10000110010
00010110011
10100110101
01000001001
00111000010
01011000011
11001010001
01100001110
10101010001
00100001001
01010011111
01100100010
01100011101
10001100101
10011111101
11000001111
01110001001
11001010110
01011001101
10011110001
10011010111
11110001100
01101011010
01001111100
11111010100
10010110011
10100110110
00101011111
11111101110
01011001111
11001011000
10011100001
00111110100
00100101010
01011000100
01001101101
10100110101
11011000001
11011001111
10000100101
00000110100
10101011110
10110001000
01100101100
00111001100
10110101111
11110000111
11000100100
10101110001
11101011111
01101111101
00111110101
01011011000
00010010011
00000110001
10010101111
00100000100
10001111010
11001000100
00001110100
00011011101
10100101101
01001110111
01001000101
00001110000
10100001000
00110110010
01100011000
10011000010
10100000010
10100001001
00011000111
00011010011
10110000111
01011110110
00001000011
00001001001
01101100010
11010110100
10001111111
00000000100
01111111101
10101111111
01110011010
11001111000
11000010111
00011011011
10000110000
11100001011
11100000110
10110001010
11011100101
10111101100
00000111011
01001100111
10010011011
00010111101
11010101111
11100110011
01001010000
01100000111
01000000011
10000001101
01010101000
11110110100
00010111010
01011011011
01101111011
11011110011
00011100111
00100100011
00001100101
10010111100
10110010010
10110111011
10100000100
10101011110
01110001110
01000001010
10011001010
11010000010
10100011110
10011010011
00100010011
00111011000
11101011111
00011110111
11100101111
10011111100
00111001010
11101101100
11101110101
00101111111
11111110110
11101100011
00110011101
00000011100
00010000000
00001010110
11101101111
01000110101
11100011111
11100011110
01001000101
00111011101
00100001001
00001111111
11000101011
01001010010
00110101011
10111000110
00011110110
10001110100
10111111010
00011000110
11000011110
10010110101
11011011010
01110110100
11001110000
10110101100
01010011010
11111111101
11101101101
00000100110
00001100101
10100000100
11011100100
10100100101
11010110001
10110000101
00010010101
11000000011
00010011000
11010010001
10000100110
00000101101
00110011000
11000101011
01000011110
10010010010
10001101010
10110110100
11100010001
01111110000
10010100111
01111101011
10110001011
10011011110
10100010001
00010101010
00011111100
11111011101
10100111001
10110110111
00000011011
00100110000
10101010100
11100111111
01100101010
00110100100
00100011101
01111011001
10010111100
00101100101
00100100011
10100110111
10000100010
10100011001
00011110000
00000101110
11010001110
11111000110
10001011101
00100011001
11001110000
10111000111
01101011001
01110000011
10011010001
00101000100
11111001110
01010001111
01100010100
01011000100
00110100011
01110010111
10101010001
11100011010
11101000110
11110110010
00101111011
11010101111
11010000000
11101010100
10110111010
10101010101
01000111011
10110110101
10101001110
11100110100
11011011111
10010111110
10110111010
10001010100
01100011100
11010011000
10110010010
10011100010
11110111110
11011100010
00011011111
00011001000
10100100100
00101101110
10001010001
10110000001
01010011100
01101011101
00101110011
00101000000
00001010010
00011110110
00011101001
10101111100
01110001111
01000011101
10101010110
01101011101
00111110011
11010010011
10011100111
01011001000
11101011100
00011111101
11010101100
00000111011
10101011000
10000011011
11010101101
01111001000
10100001111
10000101001
11101010011
11001100011
10110100111
00010001011
01011110110
00111010111
10110101101
11101011111
01100101111
01001011100
00011010001
10101110010
11110101011
01001010001
10101111010
10001111010
01111110010
11111010100
01111111010
01101010100
01111011100
11100010100
00111110000
11101101000
11101110101
01101100101
01100100001
01000011011
10001101100
11001100010
01000000111
10000101110
11110111011
10000000101
01101101010
00100100110
11000000101
10110110111
00110110011
00111101110
10101110101
10100110000
01100100001
11000100001
10000101101
10011111011
00111001110
01111011111
10011000101
00100010011
00101010011
11100111100
10100100111
11011011100
01001111010
11101111001
11101101110
01111000001
00110011110
11110010001
10110010000
01111100111
00111100000
10111101000
10101010100
11010110110
11100111111
10111101100
10010111001
10011011110
10111111010
00010010010
00011000000
01111010110
11000011111
01001010010
01010011111
00000101101
10000111101
10011111101
01111011001
10110110011
11101000000
00000110001
10100001110
11000011110
01101001100
00101101100
11100101011
11101110101
01011110101
10101011000
01011010110
10110100100
01110101010
11101100001
10111110011
00101011111
00001110111
00100011110
00000101000
01011010101
10000011000
00000001101
00001100101
10001100000
10001101101
11100100110
00101010011
01110111111
10011000010
01001100000
01000110001
11000100001
01100010010
01111101001
10001100001
00111000001
01100001000
10101011001
01001100110
00011110000
00001011001
11010100000
11000000001
10101100111
00100101000
00010000010
00000111011
00011110100
11000001000
11100011101
00111101001
11010001010
01000001111
11100111001
01001100110
11011111001
01111110011
00100100011
11010111110
10111000100
10010000111
01010101100
01100010110
01011111000
01100011110
11100000111
11111111110
11011111011
00000011110
00101111110
01101100110
11100000001
01111101000
10101101111
01011101100
11000011011
00111110010
01111010011
00100010010
10100110100
00110101100
01000001010
00000100000
11100111100
11101111100
11000010100
01001100111
00101110111
11000010001
01010000010
10011110001
00010100100
01111010110
11100100011
11010000111
10100011010
01010110110
00001011001
00000010010
11101000111
10101110000
01111010000
10110001011
11111110000
01101010110
10000001011
11100101011
00000100110
00100111111
00110000000
10110011010
11110111101
11001100011
10000001001
00001001100
11010110000
10011011111
10010010011
10111001110
10000011001
00010100111
11101111000
00111110000
00101100111
10111101001
00100001000
00110101101
10000111001
00011011110
00001111110
01001101011
01100110111
01010100101
01010101010
00011101011
10101001000
01011101011
00111110000
10110000110
10110010111
10011111101
01111111000
10011100100
00010011000
00000101011
00100001011
01110111000
00101111100
10010000010
10111111111
00110011100
10101100110
10100111011
01010111111
11010001101
01101010011
00010010111
00000111000
01011101011
11111101000
00010101001
10100101101
00110100100
10100010101
01010101010
10001001011
10001100000
00111111010
00001111110
11110001101
01111110101
00110000011
00100011110
11010011000
00101001100
00100110010
00100110000
10011001111
01101011001
11000110011
00010000111
00100111111
10111111110
10101100000
11100001001
01101111111
01101111111
10101100111
11110110001
01000001011
01001001101
11010101011
10111101101
11000100100
10100100111
10110110010
00000110011
10100010100
00100000000
10100011011
11010010010
10111100011
01011101111
10010010010
01111010010
01111110101
11111011010
10100001101
10100100010
10101010110
10011001100
10110000010
01010000010
11010101010
00000100100
11010111100
11010011111
00111101001
11011001101
01100101001
11100111111
10011000101
11000010010
00101111100
10110010010
10001111011
00010100001
11110011001
00110101101
11101100101
00100111100
11010101111
11000110100
00010001000
10100100010
10010010000
01001110000
01001110100
01111101100
00000000110
11001001001
11100101100
11010001111
10101111110
01010010110
00101010000
10011001101
01001010000
00001011100
10001101011
11001011010
10100101110
10110101000
00001001101
11101000010
01101001000
00111111000
11110000101
10000111010
00101111000
01111101011
10011110101
01101001000
10111110110
10101111000
11011011110
11110100001
11110010010
11100100011
01110110011
11111110010
01111110100
10111100111
01101111111
01111111101
00000100110
00011110001
00101011010
10111100010
01100000110
01101111100
01001001100
00001111110
11011010111
00000110100
11011010101
01111001001
01011011011
01101111101
01011001111
01111001111
10011110010
10000011001
01100010010
01111101101
11011011110
01111100011
10000100011
00000011101
00001101111
11110110110
10011100011
10110011000
11011110110
11101000010
01111110100
11000000110
00010101100
10110001110
00000101110
11100000111
00111000111
00111011000
10101010000
11100110001
11101011001
10001100110
00101010010
01110110001
11001100011
10000111111
01111100110
11111001011
11010010110
10111011101
01001100010
00001001111
00000100100
01010111000
01001010001
10101010000
11010111001
11000001001
11111000110
10010110111
00010011110
00010011101
10000100001
00100101110
00011010101
10110110111
00000100100
01100011101
01101110100
00101110010
11101110101
00011010110
10001100111
01011010001
00100100010
10100011100
10011110001
10010100100
11111010001
01000101110
01101110011
10110110001
11110010111
10101010001
01000101110
10110011010
01111010001
10000001101
11011101000
10011110011
11101111010
01011001011
01100110000
10101111101
01110101011
00010100111
11101010000
11010110011
11010101001
00001101101
01001001101
11010100001
01011111000
00010001100
10011110011
10101110001
00100001010
10000000010
10001110001
00111001100
00110001111
00001010101
00000000101
10100010000
11111010001
01100101001
10100110011
11100000001
01011000110
11010010000
11100011010
01010111001
00010000001
00110111001
00010000101
10110111011
00000111100
01100100011
11100111111
01001111101
00010011000
11001100000
10101011000
00100001010
00011000110
00000101011
01101110100
11001111011
10111100011
01010100011
00001001010
10001011110
01101011111
10110110101
00010100101
01100010001
11101001101
11001111010
01000110001
01001011001
11010100011
00001111111
11000000100
00100001010
11001010011
00000100111
11111010001
00001110010
01111010000
11011000011
00101110110
01011111110
10011001011
11111011000
11111111101
00110000111
01000101010
01001011111
11000100101
10000100001
01111011011
10110001100
01011000101
11100110001
11000111011
11001001001
01101110100
00101101000
10010110101
11101111001
00011001010
01011110111
11000110011
00110111011
10011111010
10010001000
10011101101
00001011011
01111000001
01111011000
00110000001
10111010010
11000101011
10001011100
01011010000
11001001010
00101110100
01110010111
00101011011
01000111111
10010101100
01000000110
10101111111
10110010100
00110111011
00101010000
00101100100
01011101000
00110000011
00010111010
10001010101
00011111001
00110001010
01110010111
00101001011
10100001001
01110011101
11100011001
11100000100
01000100101
11100011010
10011111111
00111001111
00110001000
11110010101
11001010010
00010100011
00100111001
00011001001
11001000111
10111011101
00110000100
01000110111
10110110010
01011000010
10100001011
10000011110
00001010100
00010011101
11000011011
11100000011
11000110000
10111101000
01111111011
10001100100
10101100110
10010010010
00110011010
01110000100
10100000001
10000010010
00111100100
01100010110
00010100000
11001001101
01110000010
10101101000
00000000011
11011101000
00011000000
01111100111
11000111010
01111010100
10010111010
11101100101
01111010001
00001100011
01111010010
01111000000
00101001000
10011001001
10100110100
10100000111
11010010001
10111010011
10000011101
10100000001
10010100000
00000110000
11101001000
11100000101
10101010000
00001111111
00000100010
10011011100
10011101101
11111100110
00010110010
10100100100
10111010110
11001010001
10110010111
11000011000
00101111000
11000100000
00001111001
00111000101
00100001111
01111100010
10010010001
01101010110
11111110111
01010111011
10111111001
10111001101
11010100011
11111010010
11111111110
11000101110
10110000100
01110001010
01010010000
10100111101
01000100000
01101010100
10110000100
00001111100
00111111110
11011011010
11100101100
11000011000
00110110101
10001110110
00100000111
00010110100
01111010000
10011101101
10011010110
10000000110
10001010101
00100100011
11100000010
10111000001
11000110100
00100100000
11100101100
00111001010
01000111011
11110100100
10111000010
01101001110
11101000011
11011111111
10011010010
11000011001
10111001101
00111100001
00001110000
11110101110
01111001010
11100011010
10111111000
10011001011
10111110101
00100111111
10110111110
01000000001
01000110001
11010111101
01100001110
01000100011
01101001010
11000100001
11110111100
01000011011
01110111000
10101101110
11110111110
10100101100
11101010101
00000110011
10011111010
01101111001
11001001011
11111110110
10011100100
11001100110
11001011100
11001000011
00101101111
11000011100
01000110101
11110011110
00101010111
01000000010
11010110111
01000011100
00001011010
00001000000
11001101110
00011111000
10101011011
00000110100
00001001000
11100010010
10110001011
00010111010
00011010011
10101010101
01001111101
01110000001
00110000110
10010101000
11010011001
11000111110
11011001000
01100101101
11101111000
00110011101
10101011101
00101100111
10110101111
11110010101
01001000001
00011001101
01110010110
11001011001
11110001101
10101111111
11101001101
01101001110
01010000101
10110100000
01001111111
10110101010
01111010111
01010100101
00110011010
00000100000
01011101001
00100100010
00111110111
01010001000
10011110101
01000100000
10111100001
11000100011
00110101010
11011110000
10100001000
00110011001
10100110110
10000000011
11110001111
01100101110
10010100010
01000111110
11011011111
01100100111
00000001011
11010111111
10010000010
10010101111
11000001101
10001000111
00111100000
11100010001
00011001100
11101001101
11010100100
11100111000
00001001001
11010111101
00100001010
10000111101
10100010000
11110100101
11110101010
01100001100
10010101101
11111101001
10111010111
00001001011
11101110011
11001010100
01101011111
01111000100
11110000011
01011010111
10101110110
01000011111
11000011011
11001110011
01010110001
00111111000
00000101100
01110111111
01010000010
10010001100
00011011000
10110001011
10001111010
00011001001
10001101001
00110011010
10110001100
00110100111
00110111110
11110000011
01110010001
00001001001
01001010010
10100000101
11100101110
10101100011
00111001110
01001010111
11010011100
10000111100
10010000101
11100111010
11000010101
11011100001
10100010110
11010000011
11011101001
00001010010
11011000100
00001110010
10110110011
01100111011
01110011111
10001000011
00011001100
10010010001
00110101110
01010001101
10000111000
10010011111
11000000001
00100000100
00110111110
00010001110
00001111110
10001010010
10110110101
01001101011
11101011110
00011100110
01110101001
00110001001
11111111000
00010100101
11001111111
11100000001
00011100110
00011110100
01111100101
01010011111
11101111001
00001111101
01100110100
00101101010
11111100111
01011111111
00010001110
10000111000
00111010001
11110011011
00100111010
00100111001
00100010100
01101111111
00010110111
10000000111
11010000001
10010010110
00000001010
00111000101
01001110011
00101100110
10111100000
00000001011
01101010000
11100110110
01110101010
10001100001
11101001011
11110010111
11100000100
00001001000
11100110110
00101001011
01010000001
11011110110
11011010000
01101111000
01011100110
00001110011
11001101001
01111101101
11100010011
00010010010
01110001011
11011110000
11010010101
10100111001
11001100000
01111011011
11000010011
11000000100
00110101000
10000100010
10010101111
01110011011
01111011101
11011000110
01010100101
01001111001
11001000100
11001011100
11011101101
11111110110
01110011010
10000010010
00111111100
10110100010
11001111011
00110010000
10110100101
00001011011
11111111110
00010010000
11011000010
10111100000
00001111010
10000100101
10000001101
00101011011
10001110000
00110000111
10010100100
01110010001
11110101000
10010011011
01000101001
01111011100
01010101001
00101110110
11111110011
01001001000
00111001110
00001111111
00011101111
10000010100
10000000110
10101010000
11000011100
10100110100
11111100011
00000111010
10000011001
00100101011
10000001001
10110010011
10100100011
01100101110
00010001111
10010000111
11110101100
10010011110
11111010111
01011000101
11111111100
10011010011
10001000101
10100101010
01001011010
10001110010
10110111100
10110110011
01000000001
00101100000
10010111101
00111111101
11101011101
00111111001
10001100100
01100010011
01011001011
00111111111
00111111101
11010011100
11111010000
10111110100
00100111000
11101000110
00100010010
00111010000
00110111010
01100100010
11100110111
10111101000
01011010110
11101001001
10110000010
10110110000
10111111010
10000010000
00100000110
11000010011
11111000001
11010101010
01010000101
11101000100
10010100001
01010111001
11000001111
00100011011
00110110000
10011110110
10000101011
00110111010
01011101100
00001101011
00100101111
11110011000
00000110111
01101000001
01100000001
01010101010
11000011101
10101101110
01010000110
01011010101
00101011010
01011100010
01010101100
11100001101
00111101111
01011100010
01000001000
00110100110
11001100111
00100101110
10010010111
10010100000
01100100001
00100100011
00001111011
10010111010
00111100011
10101110000
10001000100
00011011101
00010000001
10011010101
10101110001
11000010001
00000111100
00110010011
10011000000
00001001111
11111101000
00111101111
10001001100
10100011110
00101000111
10000011101
11010110110
11001111011
00110010101
10000100111
01111001110
01101111111
11011111010
01010101011
00111010100
10010001001
10100111101
11011001110
11001000100
11100110111
01010100000
10111110010
01001011011
11010001101
10111101000
00011111101
10100001011
00010010010
10001000010
01111010101
10111101011
10001010100
10000110110
10011010100
00100111111
10110011001
01111000110
11100100110
00011110111
00110000011
00101000110
00011100011
01011101100
01111000000
11000000010
01101110100
10111011000
10111011010
11010001011
10100000110
00000000101
11001100100
01001110001
11000111110
11010101101
00100001101
01011111011
01000101001
01100011110
00100101010
00110011100
01111001001
01110011110
00001110101
10011101111
10111011001
11110100100
11010110100
00011100011
01011110101
00100101001
11101111010
10111001100
00110111001
00011111110
11100100000
11010101011
11001100011
00010010110
10000011111
00000001110
01100011110
00110011110
01101100101
01010011101
10000101010
01101011001
00100111010
01000100110
11110001110
00111111101
00000011010
00001010010
00101111100
00010011100
00111010100
00000111001
00100011001
01001111000
10011100100
11110110101
11100010110
00000000101
10011000101
11101011000
11100010101
11010111101
00101101001
10110000011
10011111110
11100011010
01010010100
10110100110
00110010100
11101100001
11011011001
00101110101
01011111111
00011111100
11100110011
11110101100
01001000010
11011011111
10001001110
01101111100
01111000101
00010000100
01111110000
01001011111
00110101000
11110111010
01110100001
00110111000
00100011010
11011010001
00101000110
01100000000
00100000010
01011100111
11101000001
11110110110
10110000100
00000000000
10111111111
00010111111
11010010110
00001101111
00000010100
01101011001
01011011100
00100100101
10011000111
10000101010
01000001101
01010100000
10101101110
00101101111
00100000111
00001100100
11001110011
00100100100
10101000011
11100100010
11100000011
01110010010
10101111000
10000111000
11011010010
01011001101
11100011101
00111100000
