01001010101
11010101011
11010100000
10010001100
01001000011
11000000010
10101100001
00111000100
01111001111
00001100100
00000100001
00010100010
01110100101
01001000011
11101000100
10100000110
01000001101
10110010010
00101100011
11011010010
00111111011
00110100000
10100000111
00011000010
10011101101
11110000110
00101111101
11010011000
00011111101
01000111110
11010111100
11100011010
11010101100
11101100010
11011110111
00101111110
01010100011
10011001010
00101011111
11101010001
10001011000
00100101101
11110100100
10111111101
11000010110
00000100101
10011001111
01110010010
11011111110
10001110010
00100111000
10001001111
11010111100
01010000101
00001010000
00110111111
11000101010
10110111000
10101000110
01011100011
00100100000
11100010011
01001101110
01101100001
10100011001
01000001000
11110011010
10100011010
00000110110
00010000011
11111011010
11011010111
10011110100
01111001100
11100101001
10100010110
00010111010
00110110001
10101100010
11001111111
01101001100
11000001010
01100110110
11111000110
10001101100
01011010001
10000110001
10001011001
10001110000
00010111010
10011111111
11010100000
10100110011
11000010011
00011111110
10010010111
01001011101
00000010110
01111010000
00001110111
10110100111
00100010101
11010101011
10010101111
00001100111
01110100100
10010101101
00100010110
11010001011
11100010011
10111010010
00000010100
10111111101
00100100100
00111110110
11100011011
10111111011
01000011000
01010100000
00011110111
00001000011
01110101101
01101011011
11101000111
10000100011
11000110011
10010110100
10001100100
11101011011
00101001000
01101111011
11000001000
00101011010
11011000000
11110110010
01110101110
11011100111
00010100101
00110100110
01110011011
00000101001
00110101011
00010111100
01101111001
00011101110
00111100100
11101111000
01011101100
11000011101
11011000000
01100000110
11000000011
01010001111
11110101110
11100101100
00100101111
01100010011
10110111001
10011110011
11001001011
00010010000
01111010000
00101101001
00111100110
11110110111
00110010100
11110111010
10001101000
10000100000
11001111001
00101100100
00111000100
00001000011
00001010000
01011010010
10010101100
01001101101
10010100111
10011011000
01001111010
01101010100
01000110101
01111100000
10000111010
00111100101
01010010110
11110011111
11100100001
11100100100
10111110001
10100011101
11110010101
00111111001
00001000010
10001000000
11010110001
00011000000
10101001101
10101000110
10000010000
11100101101
11101110100
11000110010
01000010011
01011100011
01110101110
00110000001
10110011010
11101100010
11011100011
10001001001
10111001000
01010000010
00110111011
11110111010
10101100111
01000111101
00101001001
00100100111
01100010001
10100001000
01100110111
01011111100
00011011010
10011011011
10111010111
10100000011
10001111011
00100101110
11001000111
10110110001
00110100110
10001000110
00000010001
00011000101
11011100011
00010001000
00110111110
00011100111
11110111101
01100110001
00010010011
11100011110
10000011010
11001100100
00000110110
00011011001
10001111111
01010100010
01111010011
11011100110
10000100010
01101001101
11001010000
11100010110
01100010000
00010011011
11101111010
01001110100
00100111111
00100100001
10011101010
10001010011
10101001000
01110011000
11010000011
01000001000
11101001111
10110110110
01110010100
01101111101
10011010000
00001010001
01111001101
10101001000
11011010111
00001110100
11000110010
10101001110
00001001011
01001100100
11011000100
11010010100
01010111100
00111000101
00011010010
01101110101
01000000100
11101010000
00000110000
00000001010
01111010000
00000000010
10011010111
01100100001
01110100001
00101001001
00100000011
10001101100
01000010011
10000110011
01100001000
01010001101
10000111000
11110101011
10110011001
11010011010
11100110011
11011111110
11000001100
11101100010
01111110100
01011100110
11111001111
01100000010
11100011100
00001000010
11100111100
11100011111
01100111111
00010010010
10001101101
01111000100
10110000101
10011000110
10111011101
00111011111
10001100001
00100100011
00011101001
10111000010
00010011101
11110100011
01110000100
00010111011
00100011011
11111101001
01000011001
11110001101
11101101100
10111111011
11011101101
10110001010
01110101100
01110001101
10010101010
00110101010
11110000000
10011111100
00101001001
10101100111
10100111110
11111011111
01010001010
11000000111
10101010000
00011010101
00110010011
01010000111
00100100110
01011111100
00011111111
01101101111
01010100000
11111101000
00100100100
00001101101
00000011000
10010111011
10101110100
10110110011
10111101110
01000001011
01000001010
00110011111
11011101010
01111111011
00101000010
01011000110
11110101111
00110100010
10111001100
10000111100
00000110101
11111110111
01100110111
01010110010
00100100011
10100111100
10111100110
01110101111
11010100001
00011000001
10010001101
01101011010
00111001010
10001000100
10100001011
01000110000
01111111100
11010010000
00011001000
00101001101
01010010101
01010011111
10100101010
00101000110
10011001101
10001100000
11111000010
11001111111
01101100001
10010010101
01000001100
00111110101
10101110000
01110111010
01000001101
10100001011
10101011010
11010001111
01101111101
10101100100
11101011100
01000011110
00110011100
01111101100
11100010000
11001111000
10110100111
01000101011
11000011110
01111100000
10011110010
01101110010
11100110010
00000001010
11010101111
10101010000
11100011111
01110011101
11111110110
01010110111
00110111001
00100111101
01110011110
11000001100
11001000010
10101110000
00001100101
01100110101
10001101111
00110000100
10100000110
11101000011
01001000011
10001010000
10111110001
00100010000
00101110110
01100111000
11101000011
11111110011
01011000100
11010111111
10111000010
01011010100
10011100000
00000101100
01001101110
00010000101
10000000100
11001010101
01011011110
10001101010
10000110111
10000100011
10101101101
00101001011
00101001000
00101000110
01100111101
01110000111
11001110100
10000010101
11100011001
10000100001
10101011001
10000011001
11000110111
10101010101
10001101110
11100111100
00111000010
11110111011
01001100011
00100001011
01001000111
11010110001
01000111010
10110111000
11101111010
11100000000
11111010001
00000000001
01111011101
00011100011
01000101111
10111000010
00101111000
00101100001
00000010001
11000011100
01011111110
11100000101
00101111000
00010010000
00101001011
11000111100
00000001000
00111001111
10000110101
00001010110
11000111101
11010111001
00011010111
01011000111
11100001000
10110001111
01010001101
10001010111
01111100110
01000111010
11100101010
11100101000
10011101111
00011100111
10001011101
10000100110
11000101100
00101100010
11001101111
10011001000
00110111000
00001010011
10100101000
00000011110
01001100011
10101100110
10101110111
10011010011
00101010101
00110000110
01001001001
10110101111
10000110111
01110001000
10010010010
00110100010
01001101000
01011111110
11001010010
00110001101
10110110001
10100010100
11101110010
00101101100
00110000010
11010111010
00011100000
10110011100
11000000010
11010101101
00111010101
01010000100
11111011101
10101000110
11100001001
10110010010
00110100010
11010000110
11110001100
00001011110
00010001001
01111011100
00111011001
00010111000
11010000110
01101011101
11111010001
01101001111
00010010101
00101100111
11010010110
10111011100
10101010011
00101100111
10111011110
10001010101
10010000010
01110111100
00010001010
01011010001
00001111100
11100010010
01101011011
00000110110
01010101010
01010110010
00001010011
01000101001
11101001001
11001101101
01101000000
11010011001
11010110001
01000110111
11011110110
00101110001
01111010100
10110010010
01010110011
00011010111
10110000001
11110000001
11101101001
00101101110
01110001110
00001010101
11011011000
01000000110
01000010110
00011100101
00111000011
01111000111
00110001100
11011100100
01101011111
01100100100
10000110101
10101101010
00101011001
10001000111
00000001101
00110011100
11010100101
00011110000
10011010101
00011010011
00100001001
00000000110
10101001011
00011101011
01100011111
10100001100
11001010010
10011011001
10001010110
11101110111
01010010001
11111011001
00000101010
01101011010
11111100110
01101001100
10111101011
10110010110
11001110010
00000011010
00101110101
00101011111
11100101011
10111110011
01001000100
00011011000
11100000101
00111011010
11111100011
00011010001
11000000101
10000000011
01001011110
10111110001
00001100011
11001100011
00011000110
00001011010
10111100001
00000101110
01010010010
00010010001
10111001101
11111011110
10111001110
01101111011
10001100101
00000000011
01110111001
00001101100
11001011011
00101110010
11110011110
01000000000
00101111101
01010100101
00110000011
00010011110
11011001110
01010100110
11111100001
11100000001
01101000011
10100000000
01011110011
00110111101
01101011100
01110101101
11101100101
11010001110
01100110101
10110111011
10110011010
01111111001
01110001000
10101101101
10101101000
10101110101
11000110011
01110100001
11001001100
10101011011
01000010111
11110110000
10111111011
00100001010
10000001011
00011101011
10000101111
00100001011
00000100000
10010000000
01110100010
00100011010
10000110010
01100100100
10001001100
00011111100
10010101010
01011011001
00101110111
11001010100
10101100000
01001110000
00110110110
00110100111
10001011111
11000010100
11011001111
00111101010
11101100011
00101000011
01101110110
11111101001
11001100111
01010101011
00101010001
01111001011
01101010110
01111011111
11100101110
11011011000
11110111111
10110010110
11001000011
01110111111
00100101001
10000000110
01101001011
11111100111
10010110011
11001001101
01010101110
01100101001
00110110110
00010111000
01110010110
11001100011
11101001111
11010101010
10110110000
11100000110
10011110101
10111001100
00100110100
01100110011
00000110011
00110110100
01010101001
00111100010
01011101100
11111011100
11011011101
10111000101
01100111110
00110011110
00000000111
10010010000
01110000111
01101110100
00001011010
00001001101
11100100110
11100011110
01010101001
10010111100
11111110100
10000111101
00001100110
00011111000
01100000011
11000001100
01011000101
01110011011
11011111111
11100010011
00001111001
01000110110
01100110001
00001010100
11000110100
11010101011
01101000001
01011011010
01010011100
10010011011
10101101101
10110110010
11110100001
00011111001
00000010111
00100101011
11100010100
11010000000
10010110101
00100111111
01000001011
00110100110
11001011001
11011011101
10110011110
01011100001
00100100001
11011110111
11110100010
10101101101
11110110100
11100011011
00110100000
01110010110
00001111101
11111011101
11101101011
00100000010
01010010001
10100110111
11000000000
00110001011
11100000011
10110011001
10110011101
00001110001
01100001000
01101010010
01100111101
11100000100
01011111001
00111011001
01001101111
11110011011
11101111100
10010111010
01101100011
11101000100
10001110111
11010101101
00010100101
11110001100
00010101001
11000110001
01110010100
00000101100
01001010101
11111101110
11010011011
11110000101
01111010001
11100110011
11101111010
10000110111
11110100011
11111110001
00001000001
00011010111
01101011011
01111111100
01110010100
11000100001
10111110111
00011001000
11100100101
10011100101
01010010001
00111111110
00100010001
10000100000
01000100100
10111000011
10101011100
00001001111
00101001001
01000101000
11101000101
10000110100
01110001010
10000100100
11001101101
11001001100
01101011101
00001110011
00111111100
11010111011
10111111010
11110000001
11101101101
01011001010
10111111001
11110001000
01011100011
00100001011
10111000000
01111100101
10111010000
00101110100
01000011011
10000100111
10100100110
00111101011
10101111001
11010111110
11101001100
10001100100
01111111001
10101100100
11001010011
10011001110
01101011001
10111000100
01101000100
11101010000
10011011001
11110011001
10001000100
11101100010
10111011011
01010011110
10100000100
10001011001
11111010111
01001010010
10001111100
10001110000
11100000111
11101001100
10000100010
00110001010
10010010110
10101100111
11000100100
10100110011
01000100011
10110000001
01011011000
10001100101
11101010010
01011001110
10111111011
00001001010
10011000011
11011011010
00101001000
11101101101
00110001110
00000101110
10010001111
10101001001
10110110010
10110111100
11101010111
00001000011
00101001001
00101110001
00110001101
00011000101
01100011000
10111011010
01000000100
00111000001
10110111011
10101110100
10100110101
00011001001
00010111101
00010000100
01011001101
11100010100
01101111001
01011001011
11001111100
11100100010
10110001111
10011110000
10010111001
00011100000
11001011101
11010000000
10111100100
00000011011
01111111101
10000100010
00001010100
01011100000
11111100110
11110111101
10110101001
01010101000
00100010101
01110100111
11011101111
10111001010
00111100000
11110111010
00110100010
10101001100
01111000111
01010101000
00010101110
01110000110
10011111101
11010101101
10000001100
00101011101
00000110010
11111100101
01001111010
01101100101
11111010110
10101011101
11110001000
00111010111
10011110110
01001100011
00100001011
01111001001
00110011101
10100010110
11111000100
00000111000
11000100110
01011100100
11011110100
11001001000
00010011010
10110101011
01011011100
10111111111
10111101110
01110001100
00101011001
01010110000
10110001111
11010001101
11000010111
10000100001
00000000000
11000111110
11011111011
10100111100
00110000110
10100101000
00011001111
11100011001
11000000100
10000111010
10100000111
00100011101
11010101011
10010100101
00001001000
00000110000
11110111100
00100101000
10001100000
11110010110
11111100000
10101000100
11011010000
10010101010
11011000110
00001110101
11000111101
10001000011
11001111001
10000001010
01110111010
11111011101
00110111010
00010001110
01000011001
00101000101
01100100110
11110111001
00001010110
01001011111
00111111111
01001001100
00100110010
11100001111
01010110000
01010101100
10001111100
10110000011
00010010001
00001001110
11000000011
00110000011
10110011110
01111001110
10100001011
11100011010
10100000111
11000100101
00000011110
01111001111
01111000101
10000111110
00001101100
01100000001
11011011101
01011110000
00011111010
00111000011
00010011000
00011100101
01010010111
10011110000
10010011111
10111101100
11000010001
11110000110
00001001111
10101011000
00101100100
11001110111
10100111100
01110100100
10111011010
10111111001
11010000101
01111000110
01001111000
11101110100
10001000000
10111110010
01110011000
11001000010
01010001001
01101010010
00110000111
01100011001
00000111011
11101100001
11010010110
01011101001
10100100000
11100011110
11100000111
10000001011
01110100101
01010111010
10011111001
00000101110
00110010100
10001000110
11010000010
01010011000
00010100110
11100110010
00011101100
00111010000
11001000101
11011000100
11000000000
01110101000
01011011011
10110111111
00001101000
11001010101
00101111010
11010001001
10000001000
10000001101
10000111010
01001101110
01010010100
10000110001
10111100000
01010110110
01000000010
11110010011
01110110001
10100111001
10100010001
10011011101
00011010101
11001101101
10001101110
01011110110
11000101000
10101010100
01000001000
00101010000
00100011111
01010111000
01110011111
00011011100
00110101000
10000110011
11111001111
11000011001
10011011001
00000000011
10001100101
11101000010
11110110000
10110000000
10100000011
10000011011
11100101111
00101101101
01001101110
11111001001
01110110111
00111011100
11111001111
11010100101
01111001000
11110110101
10110100000
11011110111
10111000111
01011101100
11011011011
10011101001
00000111101
00111101100
00100111111
00011101001
11000110001
11001000101
00011100011
11011011101
10101111000
10101001100
11000000110
01011100011
01011101100
10100101100
01001001010
10011000010
11010101110
11111000011
11000010001
11110000010
00000001010
00100101100
10111111010
11011011100
00011101111
00111100010
00110110110
11111001011
11000110000
10001001111
11100000011
11101000001
11000010100
10011001110
01001100010
11000011001
00001100110
10001001111
00011010000
10101011000
01010011001
01100101010
00001010101
11010110101
01111111010
11110000110
00101011001
11000001000
00001110111
00011011101
11010100010
11111111011
01101110110
10111110111
11100101101
01010001100
11111110011
01001111000
10011011001
11101111001
01001100111
10001110000
00001001000
00101101000
11011101111
10111000010
01101111111
11100110000
11000101110
00001111100
10001011011
00010011000
00100110001
01111010001
01110010101
11011011101
00101010011
01101000011
00101100011
11111001101
11110000000
01110101000
00001000010
00100110011
00100011011
00111000011
00010000111
01101011111
00011010100
01100101001
11000110010
11010110000
11101001100
00101000111
11111011101
00011001110
11111011100
11000010000
11101001100
11110010001
00110101101
10001001000
01100101100
01010001111
11000001100
00001001000
11001111011
00101000010
10000011101
10000100111
11011011100
01111111011
10100000011
00111001001
00011010010
11111111011
10001110011
10100001101
01010111110
11111110110
10101011001
10011011110
10100000100
10011111110
01100101011
11101111000
01001111000
01100100000
11100100001
10000100110
01101110100
10000100110
00101011111
00011101111
10110001010
00101101011
10110011001
11011100101
11100010100
00111110011
00101100001
10010010011
01100001111
00100010000
01010000111
00000000001
00101011100
11010100100
01001001111
10000011000
11111001001
10001000000
10010000110
10101001100
11011111110
01001001010
10100101111
01110111011
00111101101
10011001001
11001110100
00101100110
11001100001
10010110010
10011110111
00101001011
11010100101
10101010001
10000000100
01111010000
00010001000
10101001011
00111011001
01001010001
01001111000
11110010101
11110110101
11000010110
00000110010
10100010010
11111011100
10010001100
11001111011
00111010010
01110110111
10100110010
11100011000
11011100011
01011111001
00011111001
00010101100
10110011001
00101101110
01000101100
11010010101
10010101000
10001001101
01001110101
10101110000
01011001101
11110110110
10111011000
10011100000
10100010000
01110100000
11110001100
01100010011
11110100111
01001010000
10101011100
10111100100
00111001111
00101110111
01001010101
00111111010
11100101001
10010011100
01010000110
10110000111
11110101010
01011110111
10011101000
11001001001
01111101011
01001101110
11100110101
11010110101
10100110011
10100110111
01101001111
01111100000
10001011000
10110000100
10010011001
10000110001
01001110011
00000110110
01010000011
11000010100
01010000011
11010111010
01101101100
00100001110
10001001001
00111110111
01111110101
10101011101
10000001001
00101000010
10111110001
11011011111
00101111010
00001111000
10101011000
11000011101
00110101111
01111110010
00101011101
10101010110
01011000010
10111110011
01010010010
10110010110
10100001001
10111010011
00000110100
01111110111
10010010000
00001111110
01101110010
11000010111
01100000111
01000101011
01100010111
10101110110
01011000000
00010110111
00010000110
11111100001
11010100010
11101110011
10111110010
11101101101
11100111101
11101000111
00110000100
00000111100
00111000011
00101110110
00001101011
01101010110
00001011011
10000100010
11111001010
00000000011
10100110011
11101011011
10101110000
00011110110
11000001001
01011110000
00100111011
11001010101
00100011011
01000110010
00101010101
10001001000
10011010011
01111101111
11010111001
01100111011
00001110001
01100110011
11010111000
01111101000
10110111101
10011001101
00111011010
10100010100
10001110101
10100100100
10101001010
10110100011
01110000100
00110111011
00110000011
11011010101
01010111110
00011101000
11111111110
00011111000
00010000000
11010100000
01001100000
01101001110
11111010011
10010101101
11011101000
00011110000
11100111110
01010110010
11010001101
01100000011
11001010000
00000101001
01101010101
01111000001
00011000011
01010001011
00011101011
10000110101
11110010010
00000111101
00010001000
10001001110
11000001001
00100111010
00101000000
00111000010
00100101111
10001001110
01111000110
01100110001
00100100001
10011100010
10011010010
01111111011
11101010011
01110100001
10011010101
00011000011
00000011011
00100101001
10110111011
10110001100
11101111101
10001111001
11001110000
01100001010
10001100110
01010010011
10010101010
11011110001
11111100111
01001001111
10101010101
11010011011
11101100001
00110101000
00011010010
01000010101
11010110001
01101110100
01000000111
11101110111
00101000101
11001101001
01000001000
11010111100
10111111101
00111000010
10100000000
01101101111
00010011001
00100011001
00001100010
00110101111
11000100110
10001100010
11101011101
00111011110
11100011001
11011100000
00010110000
11001101001
10001001000
01000101001
01110101001
01101101101
11100101111
11011000110
11001100001
10111111110
01111111010
00001001110
11001000000
01100001101
01100001001
01101100100
01010001101
00100101111
11011111001
10011001011
11001111110
00111101000
10111011100
10011101001
11001011010
10010001000
10111011111
11011001100
11010000010
10000111101
11010110100
11010001011
01011100101
00101010011
11010111101
10011101101
10111110111
10001101110
10000100101
11000100001
01010011010
10101000100
01111101000
11011000111
10101010000
10111010111
00101111100
01001001100
01110100011
01011111011
01100100010
11001011111
01010101101
11101110010
10011001110
01011111001
10001000101
10100001101
00101001100
00001001100
11000011110
11011101110
01000101000
10111010110
10100100100
10000001110
00011111111
00000010010
00101101101
10010010101
10110001110
11111010101
11011100111
11010000000
00100101001
10111010001
11110010111
11101010000
11110101001
11100110110
10000011110
01011011101
01110110101
00111011100
00011010101
00001001001
00110111001
10101010111
10101011111
11110111110
00001110010
10001101110
10111101100
11111001000
10010110001
10110011100
10111111000
10000001110
00111111111
11111110000
01010000101
11010101110
00010101101
01001011101
11011110100
01110011001
00100110101
10010010110
11001110011
01011000011
00010011010
10100101110
00101101110
10000100111
01010000100
00101010001
10001001000
10001100101
11010101000
01100101111
11001011101
01101101011
00111011001
00100110011
11100011001
00110001101
10011001001
11001000111
00110010000
11010011100
00001010011
01110110110
11001101010
00101101110
11010000110
01000011011
11110001100
00001001010
00000010011
00000000011
11011001101
01111000100
00110011011
01111011100
11000110100
01001010111
00000001110
11101011110
01010011001
10011001000
11110101100
11010111111
00011011001
11101011001
10111110110
10111011001
00111000110
11011100101
10001101101
11110001110
01001111100
11100101100
11111101000
00011010011
11101101010
01101000011
00000010010
11011110101
00111001011
10001001010
01011100010
01011110101
00011001001
10000100010
00111110010
10011111001
01101100001
00101001001
10100011111
00001001100
00001011010
01000010000
00010001001
10010100100
10001000111
01010011111
00111101111
00101101010
11100001010
01000110011
10001000100
00101110010
01010111100
00110011011
00111011100
11100011110
01011011010
11001001111
01011011010
00110110011
11001101011
11011000000
00100001001
01001110100
11100001000
11010101101
10011010011
10011110010
10010001101
11110000100
00011011111
11010101000
01100100111
00000101010
10010100000
00101101100
11110010001
10001000010
00010110011
10110011101
00011111110
10000100100
10101001010
00010111100
11110111101
10001001001
01111011111
01010011010
10101110011
11011010101
10110101100
01001101110
00001111010
01011110011
00001001101
11010010111
00100011110
01000010110
00111010111
11001110101
01000011100
01000100101
01010110010
10110111000
11011100100
11101100001
00000101110
10011011011
10111000000
10101110111
11111101110
00000010011
01100000011
00011100100
11100101101
00110110001
11000011000
11011110100
00101010110
11111111101
00101010011
00100111001
10000010011
10000100011
10010011100
00011100111
00001000101
01101011001
01010110010
11111110000
10110100110
00111110110
01110110001
01000110101
00101000110
11011010111
11010011110
10101110000
01100000000
01001010001
01011101111
01010011110
01100100100
01000101100
00011011001
00110100000
10011011010
00100101101
10000001000
10001111111
10100110111
10001101111
11100010011
11010001101
11100101100
00000011101
00010001010
11100001001
01011110110
10001010111
11100000011
11100110110
01011011000
11110101110
10101101101
11010111010
00100000100
11111001110
00000000111
00011110101
01100100001
01000110100
10001010110
01001001111
11101110000
00000100010
00001110111
10010010111
01110011111
00100011001
11101111111
00001000101
11110001100
00010001010
