10010100110
10101000000
01100011110
01010001100
11001011000
10111001011
11010111001
11110101110
11001010111
10011000101
11101000111
00001111110
11110010000
10001110100
11000101011
00100100001
10110010101
00100111010
00100111100
11110010001
10001100001
01101001100
11000010000
11110000001
01011010101
10111010110
00010101110
00001100101
11011111101
01110111110
10111001001
10111010101
11111111111
01010010010
10010110010
00000110000
00100101000
00111011010
01100011111
11110100100
00010010100
01011000100
11101100101
00110110101
01110110110
10100001001
10010110101
00011100101
01111000101
11101011011
00111101000
00010011100
00010010011
10000001011
01011011110
00000001010
10110011000
11101000110
10101010111
01110011001
00010101101
01101100101
10110110110
10110111001
01011000110
01101100010
00110110011
01001001001
10110111010
01011111001
01001011100
11100001110
01100010111
11100001100
10000100001
00111110100
11101001001
11010111110
10100100011
11011100110
10010011011
01011011100
10100100001
11100101001
11000111101
00010100010
01111001010
00111001000
10001100101
11101111101
11001111011
11010101110
10001110010
11011011001
11011000011
01010111010
10111001000
00111010111
11001110001
00111001000
10110110011
01100011001
00100100000
00111100001
11001001010
10100001100
10011110100
01110110001
01011100100
10111110011
00010111010
11100111101
11010111100
01011010001
10001000001
11111111000
10001101010
00011111110
10111010111
01001111001
10101010111
11110100111
11111011010
01000010001
00111110111
01011010001
01110101011
01101000011
11100100101
01010110010
11100000100
01010101111
00110100000
11000110100
10111010101
00010111000
10110100110
10110100100
01101111110
10000010011
01001000101
10001000010
01100100010
10011111010
10011000110
11101001000
11100000010
00000011001
01010011101
11010011010
01100100101
00010000011
11011111010
01010100011
01011100101
11100110101
11101010110
00001111110
11111010111
01111100100
00110111011
11110110001
01111000011
00111101101
01101111101
11000011101
01001110000
00100101000
01001011011
10111100000
10111111011
10110001110
00101101000
11111001101
11111001110
00101010100
11101001110
11010001101
11000000111
00110110100
10110100110
10110001001
01101101001
01001111011
00100100101
11111001101
10011100110
01101100000
10111010100
01111111111
10101111000
01000001000
10010100011
11110100110
00101111111
00101010001
01111000100
00010100101
00011010110
00011010110
10000110100
01000100110
10000011010
11011111110
11000000100
10111000000
00101100010
00111011111
10001011111
00100000110
11100010111
11101011011
10010000010
11001001100
10001100000
10100010001
01001111101
01101000010
10101010010
10000100000
01010101110
11110101011
00010100111
11001110100
11001101110
01111000110
10011001011
11011010010
01011001111
11100110001
11001010101
10101100011
11000111101
00101111010
00001011100
10110010101
10101111011
01010010000
01101111001
01111100000
11010010110
00011011001
11101101110
01000010010
11100111001
10101010010
11111111110
01110101111
10000011011
00011010001
11001100010
00011100111
01000001110
01100001101
10010010010
11000011100
11010000110
00110110110
01011010001
00100000100
11111110001
00111110010
01010010000
01101110001
11011100101
00010001111
01110111110
01010111110
11110110101
10001110110
01100111010
00110100000
10011001000
11101011001
00001001100
00001110011
10000010001
01110101100
00001110001
10011110101
11101110101
01100000101
11100100111
10110001011
10011011011
10111100110
11010010000
00001011011
00011110110
10110100100
11111010100
11011100001
00111110110
11110110001
10001001100
10111001101
00110010100
00100111000
10011010111
11100001010
01100010001
10101110011
00110011010
00000110111
00001001111
00010101100
10001001001
01001100110
11010001001
01100110100
01010101010
00001000111
01100110110
00101111011
01101100110
11110101111
11110011001
00110001101
01100100100
11011001010
01011011111
11101111110
00100110111
00100000010
00101101011
00100010110
00111011110
11111001010
01010010100
10000010111
11010111011
00111100001
01110110001
00010111110
00110011100
01001110001
10010110000
00110001010
01010001100
11111111101
11000000011
00110011100
00110010100
10111100100
00011101000
01011100111
01000111011
10101001011
00010101001
01000010101
10110111000
00000010001
00011001101
10001101001
00111001011
10100001101
01101001101
00011101000
00010110110
01011101110
01100101001
00110110000
00111010011
00111111110
10100101000
00001010000
11110110001
01100010101
11010010110
01110000010
10000101100
01010010101
10010101010
01110001000
10001100010
01101110011
10101101001
10000110110
10111111110
11100100101
01111100101
10000010101
11111011010
00010110110
00010110101
00001000110
11011110110
00100001111
10100110000
10110010000
01011010100
01100111010
01000000111
10011100001
01010110001
00110000000
01110010111
00011101000
11110101000
11000110000
01001011010
01110100011
00010000111
00110111000
11111110000
11111110110
00100000111
00001000100
10111010010
11110110000
10010101000
01011100011
01001111111
01111101111
01111110010
01111111101
00101000000
10000101011
10011000111
01101011111
10101010001
11000000101
11011110011
00101101000
10001001111
11000010010
01010010010
00100111000
00001111000
01010110100
00001011111
10111100101
10111100000
01001111001
00110000010
01111001101
00011001011
00100011111
01101010100
01100000011
01001100110
01100110010
11101001001
01100000000
01101111111
10110010101
11100001001
10010101001
11010101000
00001110010
11000010101
01111111011
01100100001
10010010011
00110111111
01011000100
01111111101
01011100001
10010100001
11110000001
11110010010
10010010000
11101110110
00000000001
11011101010
01010101010
10111010110
01011001111
10110101011
10011110011
10001110100
10111111101
10101100110
11011001000
10110100110
10000010011
11110110110
01101101011
00000000101
11011100000
00101101101
10010001111
01100101010
10000001000
10001010110
10011100111
01010110100
00111110101
01111111000
11111101101
10101101101
01011100011
00100010110
01000011100
00100011110
00000010110
00100010011
10101010011
01110110111
01001010000
10010010010
01001001110
10111010101
11101110001
10111001111
11110001111
01101111101
01001000100
01011001001
10000110111
11101111011
01010010011
10101000001
01111010001
01110110010
00010000001
10000001111
10101010110
10010111000
01101111101
11000101100
10001000010
01100101100
00011111111
10101001100
01100100000
11001101111
10001001100
10001111111
00011100011
11111011011
10010011100
10100110111
10110011011
11001111000
10011000011
10111101101
01010101100
10011110001
10000111011
11001011110
11110000010
10001110111
11000011111
00101010101
10100100101
00010100010
10011001111
10100100110
00000001010
10011000110
10100100111
01001111101
11110010111
01101110000
10001101100
11100101001
01100001111
00110001000
00100011010
10101110101
11101101001
11100111101
00000111101
11011000101
00101101011
00000011100
00110001101
10001100010
10001001001
01011011000
01100111010
10100010100
10111100100
00001001101
10011110100
01110101000
10011010111
10011000011
11100011001
11111010000
00110010111
00110011011
01000000011
00101000101
01010111011
00000101001
00111100000
11001000011
11010110000
11110100100
11000110011
01001000100
01110001111
11100010111
10110111000
11100011001
01000100000
01010111101
11001110010
10011001010
10101011011
11111100010
11100110110
01100100110
11001000100
01100100111
01100101101
10111100001
01001000001
10110100010
10010111000
11101101011
10100111011
11000111001
01000011110
01110100100
01010111000
01101000010
11101000010
10101111111
01100110111
00011100000
11111011110
01101100011
11110100011
00010001110
00110111110
01010100010
01110010101
11000000001
11010101100
11010001101
00111111001
11000001101
10001101011
10100111111
00111011110
00100101101
00111011000
01111110100
01010000111
11001101000
01111000101
00111101110
10110001000
01110001010
10001010111
01010010011
00111000010
01000101010
00101100101
10010010000
01101000010
11000011100
10101110100
01110001111
01010011100
10110011101
01010010101
01011000100
00001101101
10010111101
10110000000
11111010000
00111011011
11100101011
00100111010
10111101011
10000100000
00101100001
10011011100
10000100110
01100001001
01011111010
10111110011
00000111101
11111001110
10010101011
00110000000
01100000000
01100111111
11100101111
00110001011
00011001010
11001100101
10101001111
01101000011
10101110011
10001111101
01100110101
11010001111
10000010010
00110100110
00010101010
01111111001
00010100011
01101010000
00000111011
00100000100
01000100001
00110111000
10111111010
00100110110
10001110111
10011101110
01111100010
10100110010
01011001111
11001111011
01000010010
11011001001
11100101110
10001101010
01011110110
10100000000
10111100001
00110111001
00000011010
11101100101
11100101000
11000010110
11110110100
01111100111
11000101100
00101101100
01111100111
10101010010
11000101110
01011011110
11011101001
11111000111
11011101110
01011010101
10001001011
01001110011
10011001010
00110101111
10010110011
10100000000
00101110101
10000110010
01001010001
10011101001
10111011011
01001111000
11011010100
00000000101
11110111110
10101001000
01001101011
10101101011
10011110000
10010100000
01011001101
10010101100
11101111100
11100000011
01000000101
11011001010
01110001001
11101101011
00000010100
01010110000
00000100001
00001001000
10100010001
10100100110
00001010001
00001010111
10001000111
10111001110
01111111001
00111111101
00100010001
11000111001
01100111101
11111110001
01100100111
10010011101
10010111010
11011100000
11110001100
11000001011
10110100110
11110100001
10100101000
01001100101
11100111100
00101010000
11101101110
10100011001
11100101111
11001001011
11000000100
10110000011
11100001001
01000001000
11000110110
01111110100
10000010001
01001100010
10001111100
01100101110
11010011100
11100001000
11110110000
01101101111
01000101001
01001100101
01011010011
01101111101
01011101011
10000110011
01111101111
00110001111
11011010100
00100110101
01001011010
00001101001
11001110001
00011101111
01111011001
00011101001
00010010111
01101111000
00000110011
11011111011
10100001111
11101011001
00101110000
00100110011
01011010110
10111101101
00101111111
00101001101
01110011101
00101010011
10110101011
11010101110
01110010000
10100110011
01101001000
11101111100
11011111011
10010110111
01000011101
10000001000
11101110110
10001110111
11010101101
11000011011
01001111101
01010100111
01000000111
10101001100
01011111100
01010101010
11100001010
11010101011
10111010110
11111011000
01010101100
00010100111
01110010111
00111010101
10100001000
11110101101
11011011111
10000101010
01000101000
00010111011
01110011010
11011001101
11010001010
01100101011
10111011101
01011101100
01011000010
10111001111
01101010010
10011011010
11110000000
00111110010
11001010100
10011111100
10010110011
10010110010
10000010011
10000110100
00001000111
00100010000
11111010100
01111101110
11101111110
01010000010
00000101010
00010010011
11011100111
00111010101
01101110100
00011001100
01010111000
11010111000
10111001001
10000110100
11100000000
00011010111
10000001001
01100001111
10000111011
11011011110
00110011101
01000110101
10010110100
11010100110
01100110100
10001011101
10000000100
10110111001
11110001011
00101001101
10101000110
11000011001
00000100010
11100100010
10110101100
11101010010
10111101011
10001101000
01100101111
10100000111
11001010100
10001000001
11110001000
10101111010
10100000111
11100100111
10001011110
10010110100
01100110010
01100111110
00111000110
01000010101
10111011111
01000000000
01001111110
11111000100
00111111001
10110010011
10001011101
11000111101
00110101110
11111011101
01000100001
00011101100
11100110011
10110000011
10110100000
11011001010
00101011000
00001000111
00001010010
11001011000
00110101101
10010011000
01101000010
00011100000
00011000001
01100011110
10110011001
00010110110
01100100011
00011111010
11111000110
10111111010
01010101001
00111010000
00001000110
00111001111
10000001010
10001000001
10111110000
11011100111
00101011101
10101100100
11000011011
10011101000
00101000001
10010111101
00010010011
11100001101
10100111110
01110110100
01111110100
10101011001
11110010111
01001010000
10000111101
01101101101
00100000010
01111010010
00101010101
01100001011
00111011100
00111101100
11001100100
01101110000
00101110110
10110101110
01110101110
00111011111
11010011100
11000110011
10001010111
10111011001
11010011000
11110111111
10110101010
00100010101
01101110100
01100000101
11010000101
10101001010
10011010010
01000100001
01100010111
11111110010
00001010011
11010011100
00111100100
11000101110
11001010100
11111011001
11011000011
11100110001
10100001010
11111101000
00011011010
11011110001
00001010010
01001101111
10100001110
10100001000
00110100100
01001110001
10010111111
10101101000
11100011110
01111101101
10101101111
10010010110
01101101100
00011101000
00110001101
00101110000
11101010001
01101110010
10101101101
00000111111
10000111000
10111110100
11110101010
00100101100
00000111101
00100011000
11010001101
00000010010
01110111101
10100001111
10010100001
00000001110
10010000011
11100010100
11111010010
00111110101
01111000011
11001011010
01000100001
00111110010
01011000110
10001000011
01111110101
10100000001
01000111100
10100100111
00011011000
11111111101
01110000101
01110001111
01100100010
10000010000
01011100011
11110000010
10110000110
00100010000
01010100101
00110111000
11011000101
10100010101
10110001110
10111100100
00111110000
01100010000
11010010100
10110100100
00010111110
00111101000
00011010101
00000010110
00011011100
01000101100
01011101000
10010110101
01000010001
01011111010
01010010010
01100011111
10111101010
11110110100
10100101001
11000110000
00110111101
00001010101
01111001101
10011000101
11011001000
10011011010
10100000110
01000011110
11000011011
01001101000
00001010011
10001001001
11110111000
10100111111
00001001111
11010101000
11110010111
01011101111
01100111110
10100000011
11000001101
00111101110
10001111101
00101011000
10101110011
01101011111
00001100010
11001111100
10011100111
10000101110
10011011011
01011001100
10111111101
10110001111
00000001000
01111011110
01001001001
11000101101
01011110110
10011111011
01011011100
00010000100
00001101110
00000001010
00010111110
11000001101
10111001000
10000111000
00010101110
00011101111
10010101110
01101111000
00111100110
01001010100
11111000111
10000000110
01110011001
11111110101
00110101111
10100001111
10010110001
10011001111
11000000000
00010001110
10011101011
10010001000
01101101011
10001100011
11011001001
10100000111
11011000011
10001011110
10011111010
11101010000
11111101000
10011110101
01111010000
01100110011
10000101111
11010101100
00111111011
11010010110
11110000101
10101110100
10011001110
10100011011
11010000010
11000001010
11000010100
00010111011
00000110111
10011111111
10111101010
11100011111
01010100010
10101011101
01011110011
11101011101
10011001100
01111100011
00001011000
10101010101
01001000110
00110111011
00101010110
10100110110
10001111100
10010101010
01100100010
00101100101
10110100000
11000101100
10000000110
11100110010
00000101111
11000000000
11100100000
00100111100
01010001100
01001011010
01100110010
00010010011
10000110110
01110101101
10100000111
11000011110
11100010010
11100001001
11000111011
00011110111
10101111110
00110011010
00001000010
10100100010
10111011110
11011000011
11110010110
11010101110
00010111001
11001011000
10100100100
11110000100
11111010001
10111011011
10011111001
01000010110
00111000101
01110000011
11111100000
11111010111
10001011000
11101101001
11010000011
00010010001
11010010010
00110111110
10111100001
10101110011
11100001011
11000111100
10011111100
11001101111
00111011110
10001110010
11101010000
11111010100
01111100111
11011011110
01001000111
10010100010
11010000000
01011100100
01101100011
01001000000
00111100010
10001100110
10111011000
01110010101
01001110011
11111011010
01010010100
10001000110
11111000111
00101101010
01010000000
00000010000
10011100010
11100110110
01100010000
10011100001
01000000001
01011100001
10011111010
01010101101
00111010110
11101000011
10111001100
00101111111
01110011000
10000101010
11111101001
10111011110
00001110011
00010000101
01001100110
10011000001
10001011110
10010100010
00001110001
01010010100
10000100100
10000000001
01011000111
01111100001
00001001101
10111001010
10010100011
00001111100
00011011000
10110100010
10111001010
11111111101
11001001010
01001011000
00000001000
01110111100
00010101001
11111111110
10111001111
10010100000
00011101001
01101011011
10000101001
11001001011
00011100010
01101100101
11011101011
00000000110
01101111010
01100110010
10011001110
11010001110
10111001101
11001101001
11010100100
10111100000
11011111000
00101111000
01101001101
10110100000
01010100010
10101100001
00000000111
10100010000
00100101001
01010011010
00001001000
00011110110
01101001100
11010100011
00001101111
10011101001
10110111100
10011001000
10111100010
01100010001
01101100100
10001111110
00011101011
00010010111
00110001101
11110100000
11001010001
01001111001
00100100000
11111110000
10101100000
01110011111
10101011011
00011110110
00010001010
00001000100
01110100111
11111001001
01011110000
11111110000
11011001010
11101001110
00110011010
01100100111
11010111101
11011001011
11001011100
10000011110
11000001001
00000001011
00011001101
00101110101
00001000000
01100010110
10000011100
00101010111
00011010000
01111010110
11100110111
10000011100
11010010111
01111011100
00011010010
01110110100
00000100011
01010111010
11011000100
10110101100
10000001101
11111100111
01110000110
01111000111
01000100100
00111111111
00000110010
01100101011
00000111000
10001101111
01011000111
10111110111
00010110110
01011111010
11010101000
11011010100
00011110010
01101100101
11010000000
01010010001
10010011111
01011011011
00100111100
11011111000
00110101111
00110011101
00001010010
00110100010
01000100011
10011010101
10000001000
11100101101
10101000101
11001001100
00011010110
01101100110
01111100101
10001110000
01110101010
10011111011
11001001101
01011001100
11100000010
10010100000
01010100101
01001000001
01111001010
10001001100
00000001110
01111110110
11101100100
11101111000
01011100100
01100110101
01000011010
11010010000
11000101001
01110100010
11010010011
01100010101
00010111001
10001011110
01100001100
00000011100
10000000001
11100000011
11100101111
00011110010
11100111100
00100010111
00100110000
01000100100
00101011100
01010111001
00000110011
11110101111
11100001010
10111000011
00100000101
01000011101
00110100001
11001111100
00111000001
00000101001
10000100000
01000001001
10000011110
11010101111
11011010011
11011001100
10000110101
11010100000
00001110010
11010010011
10101010001
10101000100
11001110000
00001111111
00100011101
00010101001
00111010010
10110001100
10001110001
00001100010
01000101011
10010101001
00010010100
11100111010
00110101011
11100001001
01010000011
10111011110
00000110101
01111101000
01100101100
01010001010
00001110010
10011101101
11010010100
10011011010
10111101101
00010110111
10010110001
10111101011
11111000011
00000011101
00001111001
01001101100
11100011001
00100010110
01100010001
00100111101
11110010100
11000001010
10001010110
11100111001
01110010111
10101011011
01010111101
00011101010
10001000101
11111010001
10110010010
11100001010
11101111001
11100111000
11100011110
00101111011
01001000110
01000010001
01000000011
11011000011
01001001100
00110101001
01000111011
10011001100
10101000001
11101110011
00001001101
00110100011
00111100101
01101000111
10101110110
00111001111
00111111011
01000001101
00110101011
00010100100
01101111000
01110110100
01010100111
01100100110
01111011000
11101000001
00111011111
11000000100
00000100101
01100101011
11001011000
00101111110
10111100111
00100000000
00110010111
00100100010
01000100011
11001001010
11100111001
10001101110
10110110010
01001000000
00000111011
01001101010
01101010011
11101010100
00011101011
01010000110
01010011010
00111110010
01011000111
11110000011
10101001100
10111000000
10110100100
00100001110
11000010011
10111001011
00100110001
11100100000
01100101010
10011100000
11010110000
00100111101
01110110011
01110101011
01010001010
01000001000
01010111101
01010011100
11100001110
10100100001
10100100010
01110100011
00100100111
10101100001
11001011001
11001010010
00011111000
00110100101
11000000000
10000011000
01110111001
10100111111
01000001101
10011010001
10101010011
11101111000
01011010111
01001101011
10100110001
10110100101
10100101011
00000101001
01111111101
01000101001
01100011001
00011110010
01000001110
11110010010
01011100000
10001010111
10011010001
01111000110
00000101001
01111110110
01011000000
10010011111
10101110100
00101000011
11100111100
11111101100
10010110000
00111100001
00010101000
00001001101
10101111001
01111000010
00010100010
00001000000
11110001110
00111001011
00111010100
11010000110
10010111100
10000000010
01110100100
11001011011
11100011010
11111111100
00110111100
11010000111
01101000101
10101001001
11111010111
01001010100
10000100010
00011010101
11110011011
01001101001
10100000010
00011001001
11101100111
01101100111
00011101011
11111000001
11011010111
01011100111
11101101010
10011010000
11111011000
00101010011
10001011010
11110101110
00101110011
00011001010
00000100100
10001101111
10111111100
10101100101
00100001101
11010111110
00011111010
00011100000
00101000011
11111101011
01111011000
10100000110
01111011011
01100100010
11001010100
01011001100
11001111010
11110101010
10010101011
00100000101
01101010001
01010000111
10101001001
10000100101
00011110111
11101100110
01111001100
10000011111
10111100001
11110001101
10010111001
10000110010
00101101010
10001010110
10011011010
10000110001
00101111111
11111110000
01111110110
11100100010
00011010100
00111001100
10000111111
00110100000
00101101011
00110100010
11101111111
01110010001
11000101101
11111110001
00100010001
10011001110
01111010101
01000010101
01111101001
01010011100
01101010010
10010111101
01001011000
10000011011
11000000110
11101001011
00010010011
11010111011
01100100010
10100001101
00110101111
11001000101
01100000001
00010110010
10110100111
01101001000
10010111011
01100111101
01100000110
00110100111
10101100110
01001110001
11001010110
10001111011
10111100100
00001001011
00000011010
10010101101
11110110011
00001111010
01000110111
10000011111
10111110100
11001100000
00011101011
00000111110
10001100011
11000101100
11111110110
11101000111
11110001101
01000010101
10001101111
01010100110
01101100100
10110010100
01000100111
10111101110
00000100100
10100011110
00101001011
10111111011
11110100000
10110101110
01111000111
10101001001
01100000000
00101001100
00001000000
11001010011
00100011010
00011101000
10010001111
11001101011
11011010000
01010010011
00010111101
00101000110
11011011010
10011000001
10100111011
00101010101
10101100110
00110100110
11110100010
11100100000
10000010001
11110011111
00001110001
00010011111
01001100000
00011000000
10110001010
00110001101
11110011100
11110001011
10001010011
11101110110
10001100000
10010000110
01110100001
00010011001
11110010011
11101101010
01010010111
00010001001
00111100110
00001001100
00100001010
10011100111
10110000111
00011111000
01100100000
11011010101
10111011101
00011100111
10111000010
10001000110
01110110010
10001111100
00111101111
10110011001
11111000101
11000011000
00000001001
11011001010
01010100101
11101011000
01011111111
11111100001
01100001101
01011111001
00010111000
10101110100
00001101010
01111101101
10100111000
00101110110
01110110111
10000110101
10100011100
01101110101
00000001000
00000101011
10001011100
10011110010
00110100110
11101101110
10001011111
01101001110
00100110011
01011010111
00101000010
11100011101
01011010010
01011010001
00111101010
01010011011
10110101100
01001101011
00111010111
01100100001
10010001011
01111110100
11010000011
10110110001
01101011100
10000011001
00110101000
11010000000
10001011111
01011100010
10101001101
11111001101
11001101010
01010011110
00010010010
00000001101
11000111111
10010011001
00010010110
01110101100
11101010011
11111100010
01110011011
11010001111
10100011000
00011100010
11011011001
11100100111
00011100110
11101001001
00000010111
11011111010
00111000110
00100100101
01000110101
01111011010
00010011010
11111100111
10000011101
00010111100
11011100100
00101011010
00100000000
10101111110
10110011100
11101010011
11101101011
11000101100
10000110011
01000000111
01000101010
01110111011
