01001001011
11010000110
00101111111
00011101101
10000001001
10101001001
11000110001
00000001111
00001011000
10101001001
00011010110
10110110111
01010010000
00101100110
01100111100
11001110000
11110100100
00000100110
00110011001
11011011101
00010101100
00100101110
00100010001
10011110110
00101101000
00010100100
01100101111
10000111110
10010111101
11000000011
00011101110
10101100001
10110101011
10110110100
10100010000
10110001110
11001100001
10001000101
00101101001
11111011010
01010000100
11011100001
11010010100
10100001100
01001001011
11111000100
01001000101
10001110111
11110100010
11101000000
11001001001
00110101011
10101100000
00001000010
01101100111
10000001101
10100110010
01000011001
00100010001
11101011011
01101001001
00000100100
11000011001
00001111001
01111001101
11101111110
10101010011
00110110110
11000111101
00111101011
10011011000
01110101001
11001001110
11010101000
01011011110
10001110011
00001101100
10001000011
00111000110
10110001111
11010001000
01110110111
01100111001
01011101100
01010000010
00110100101
01110011100
11000101110
00101100011
10110010001
00000100111
01010000100
10100001000
00111100010
11010010000
11100100011
01111100011
01101010010
00111101001
10100100111
10001111000
01110111001
01000111110
11011000100
11110001011
01001001100
00000110000
11110110110
10100011100
00010001101
00000010101
00111000010
01011111010
10111010000
10000000011
00001011100
01110001001
10000000011
10111011011
10110010101
00001001001
01011001110
00111011100
00101111101
11001100000
01111100000
00100010111
01001001110
01101010101
00111111111
00000101101
11110000010
10100001000
00101000100
00011010011
10000011001
01000101010
01000001001
11100011001
00111001000
10000110010
11000101010
10100110000
00000110100
10011011101
01011000011
01000011100
01001011100
10001011110
00010010101
10010101010
01111110111
00110101101
10100010110
10100110000
00011001101
01110000011
10101011001
11100000101
01010101101
11001001111
11011000010
01001101011
11000000100
00010001101
01100110110
11101100010
11000100101
11010000001
10101000011
10000110000
11000101011
11001100101
01001110110
10000010110
11100110111
00010100100
01010100010
10101110000
00111100010
10001110110
01101010010
01100110011
11010001010
11101000000
11100101010
10100110000
11000101011
01111001111
11101111111
01010010100
11101000000
11011100011
10111011001
01101101100
01000011001
00101010011
01110010110
00011101010
00110100000
01010010100
10101000010
01111010111
11100010001
11011001101
01101010011
01001000000
10100001100
10111001110
01010001110
00011111110
01010100001
11101110010
10001011001
10011111100
01111011011
01111110010
01111000011
01101011011
11101100100
00011101101
11111001110
11100101000
00110011110
10111110100
11010100101
11000111001
11101001100
01100101111
10110100011
11110110110
11000001010
00010111111
11000100100
11110101110
10100011110
10001001111
00101011111
00001111100
11111110110
11111100101
00100011000
10100000101
10110010111
10000100111
01111101100
01001111100
10000101010
11110101010
01011111011
10100111110
11000011110
00101100111
01010101010
11000010100
10001110001
10001000010
00101100010
10000101101
10010100100
10100111111
01000101001
10100111011
01111000011
00000010110
10101011101
10110010110
01001010011
01000001110
10100110101
01000101001
10010100101
00001000111
01100011111
11000110100
01000111010
10010010011
00111110111
11001101001
11000101001
10110010000
00101111111
01001001110
00011000011
10100111101
00110000001
10111111100
01101101000
10111110101
10000100010
00100111100
01111010111
10010001110
11010101101
00001101111
10010001110
10000010000
11110010010
00101011010
10011111100
00011000011
11101101111
10001001110
11101010101
10011011110
00100110100
00011001111
10001011001
00000010011
01010011010
00011111011
01110110001
00111000001
11100111100
00000100100
01111110111
00001011110
11011101010
11110001001
11110010100
01111101011
10100110010
11111010101
01111001001
11100001000
11100000001
01011001010
11011110111
01100001010
00100011101
00101010111
11000101100
00101110011
11000111001
10101000110
00011000001
00000000110
01011101010
11000100010
00100010011
00101001100
10110111111
01010111100
10000011111
10001110110
01110100001
11101110000
01001011011
00100100000
10011000111
10100110101
01101110010
11101001101
01100000100
00010111011
10110110101
10001001111
10011000001
11010010111
10001011001
11110000111
11111101001
00010010011
00011100100
00101100010
00011111100
11001001111
10110101000
11110010001
11101111100
01110001101
01111100101
11101101111
11001010011
00000110011
10110001001
00100011001
11000111000
10011011101
00001000001
01011101000
11111000010
11101001010
01100011100
10010100011
00111100010
00000100100
01010100011
01000110001
11111111110
00010100001
01010110000
11101110000
01001101001
10100011111
01010001001
11101011010
10001101110
01111111001
10011011001
11111110110
10101001011
00001110001
01000011110
10011110101
01011110011
01110100011
11000011011
10111000110
00110100001
01100111010
11000111100
01110101010
00011000001
10110000110
11101001011
10111000110
10011100111
10101010110
11000010010
00010010111
10000001110
00000110110
11001100000
00010111101
00111011100
00100110111
01101000010
11101010001
00000110111
10101111101
10011001111
00011101010
11010011100
11011110100
10001010000
11110100110
11001000001
11111111010
10010001100
10101101110
10000100001
01011011010
10110001110
10001111110
10011001101
01101111010
11010001010
10101000000
10111000011
10101110000
11001101000
01100001111
10111010110
11110001010
10010101000
11100101101
00000111110
01100100111
00111001111
00110101000
10100011111
01110001000
11101000111
10100101001
01010111011
01000110011
00100000110
00110101100
10100001110
10111000100
00011001011
00111000001
00100101000
00011000011
01001010100
11100000100
11011000001
00101111010
00100001111
11110111001
00010011001
00000010011
00011010001
00100001111
00110110111
10001100011
00100110101
11011010011
00000010101
01111110111
00011110101
00000100100
11111101111
00001110110
01100100110
11111110100
11011100100
10011000001
01000011110
11011000101
10010000010
10111111101
10000101000
10100111100
10011110010
00111000001
10011011101
01010010101
01100001111
10000000110
11010011101
00000110110
00100101100
11100110111
01111001100
00101000111
11111011010
11011001110
11100010000
11100000011
01000111100
11000101001
10111011011
01101010001
11011100101
11101000110
11010001101
11111101001
11100100010
00001001111
10110010010
01101001010
01110101110
10010100111
00010111111
10010110000
10001101100
01100111001
10000101111
11111011101
00010100010
10010000010
11000011100
01001110100
10011110101
11001010010
10101101101
01011001001
00100101010
10110010100
11011011000
10001001000
11010100000
00011011010
11111110000
10110100011
00100011111
00010100001
00010110010
00101111101
01000001111
11111100011
00011101100
01010010010
00111001011
10001000100
11110110100
11100100011
01110011111
00100101000
11000111010
01000100011
10111001001
10011111101
11011101101
11110110001
00101011111
00100001100
00110011101
10111111111
10010110110
11100100011
01000101110
00010100101
01101010100
11011110111
10000101010
11111101000
10111101111
00000110101
00111011100
01111111000
11101001101
10101111010
11110000101
11001111110
10100111001
11101011001
01100110101
10011010100
10000110110
00111101101
00100100010
10110001100
01010010111
10000100110
11110011000
11111001110
01001001101
11110000010
11000100101
00011011000
01111101100
11010110010
00001010010
11010110101
11101101010
11101111001
11101000001
00010100100
10011111100
01111110001
00100000000
00101111010
10110101000
10100110101
00100111111
10000000100
10001100100
11011101111
01001101000
01101010101
00110110010
00010100111
00111010110
11011100001
11111101101
11111110101
01010000111
11010011000
00001000000
11001111001
01011011001
01100010000
00010010000
00001101110
11011000110
00011101010
10000100110
00110010001
01111010000
01010101001
11101110110
00110011100
11011110110
01111010101
11000010101
01010011100
10110000011
11001111011
01100110100
01111101100
00101100000
11010101001
01110111111
10101101011
00111111010
11010010110
01010111111
11100010110
01001100100
11001110100
00011011101
11010101101
00010011100
11011110111
01010100100
00100110100
01011111110
10001101110
11111100011
01101010011
00100000011
10110001110
00001111110
01111010000
10010100011
01011010111
11111011110
00101110000
10110000101
10110001111
00110110001
10111100100
11101110101
01001110101
10000001011
10010000010
01010001111
11011101100
10010101100
00001011001
00010110000
10101010111
00110100101
00000010111
01100111000
11001101000
00110110000
11110111101
10011100011
10110110011
10000110101
01011010111
00101011101
01110011100
10010001100
00101110111
01001010110
11111100111
01111111110
10010100110
00000011011
11011010000
10111000111
00101101000
01101010111
11110011011
00110000100
00000111011
11111010011
00101111001
00110110000
00101010011
01100110011
00101100011
00101111011
10100011101
11111010000
00100110010
10010001010
10001111111
00011110110
00000000011
01110110000
00100000010
10001001010
00001101110
00010011100
10110001000
10101100100
11100100100
00111111001
01000000111
00111010100
10111111111
10111011100
01101111001
00010010000
11000110001
01010000011
10101000010
11111100101
01111111010
11011110110
11101101000
00010100010
10001101100
00000110001
00001111100
01111011111
11001101010
00101111010
01101011000
10100101101
10100110010
11111001101
00010000010
00111110100
11110111001
10100011100
00001101001
11000001011
11000010100
01011000001
00010001000
11111111010
10100100110
11100111100
11001111101
00000000100
00001001101
01101110001
11111001100
00100110000
00111011000
11100000111
10000110001
01101110011
00100011110
01010110110
01101000010
11101010010
10110001110
11100101010
10100111001
00111010110
01010000110
01010011010
11100001110
00011100100
11010110000
01001000001
10101001001
00010101010
10011001101
01001010101
10110011011
01101011010
00011100111
11010111001
00001100100
01101101011
00000111000
01110001000
10110000111
10011100100
01000101111
11001100111
01111010001
00010010111
10101110100
01011011111
01011010101
10010011010
01010111110
01100101111
11010101110
01110100001
01101100011
11110010111
10100000000
10100101000
00111110011
11100101011
01000010100
00010100101
11101011011
00001110000
10100011001
01011111110
10011011101
01101011100
00110100010
00010010111
00111001010
10000111111
11110010101
00101100101
00111100001
10101010001
10101110101
10110011011
01001001011
00000110011
01101111100
01010110110
11001001010
11001100110
11100000000
00111000001
01101011001
00101011010
11001000011
11101101101
10111010001
00001000111
00010011100
01101111011
00111110011
11011110011
00111101100
10000100011
10100011001
11100010001
01011011001
01011000011
01001010100
11000101011
10111011101
10000101111
10100101111
00110011011
11010101011
01101100001
01101001010
11011110110
01000100000
00111000001
10000001101
01100000000
01000001010
01111110110
00001011001
10100011101
10111011001
01110101111
11100101011
01110000001
11110011110
01101100000
01111000101
10100000001
01001100101
01011000001
01111000111
01101011010
11001010101
11101010000
10001110111
10010011001
00110000100
00110010101
00001111011
10001011010
11000000000
01010010001
10001101011
10111000110
01001101100
10101011011
00110001101
10101000101
00011111110
00010011101
01111010101
00011001011
01010011000
01011110101
10000001010
01100110100
11100001001
00001110111
00111100010
10100110111
10111101100
00100000100
11000100011
11110001111
01010011110
11001110000
00110001010
10110010010
10000011101
00010010001
11000111110
01111111110
11111000001
00110111111
01001111001
01110101001
11001000000
01010000010
10110010110
00010000010
00100001011
01101010100
11100011000
01110010000
10000001000
10000101110
10110101101
00000111010
01001110100
00110110110
00001101011
10101010101
11111101000
01100001000
00001101101
11110111101
01100110101
11011010010
11110011101
00001101000
11010001000
11001110110
01011101110
11101010011
00010011111
10000100011
10011101000
01000101001
10000001010
01110111000
11010011100
11100110000
11000101011
10110110110
01001010111
11101001001
00111000011
01011111010
01000010110
00010100101
01000100010
01000100010
01011011111
01000001111
01111101100
01110001101
01010011101
10010000000
01010100100
11001010111
10010111110
10000010000
00101000000
10101011010
10100110000
00101100111
11001000101
10110111100
01101001001
00110010000
11100010000
11010001000
00111011010
01001101000
10101110011
00010010000
00111101101
10001111001
10001100001
00011000101
00100111110
11110101111
11101111101
10010000001
10010100110
00110100011
11111011110
11110110001
01001011011
10110010010
10100100001
00101000010
00111111100
11000001001
10011110010
01000100100
00101110110
01111111111
11000110111
10000000111
00010100101
01000111101
00101001011
00110000110
11001011100
00100001010
10100110111
11111010101
01001010011
11010100100
10110010101
00110100100
00100111101
11011010100
10001101011
00100011011
00101001111
00000101111
00001000000
00111100111
01101110001
10011100000
10101001111
00101011101
00110110111
11010011111
10000110001
00010010001
00011000100
11001010101
11110111010
01100001010
11110001101
00111000000
10010111010
00011110000
11100101111
01011111010
01101000000
00111111110
00011110100
10000010010
10001110011
11001100001
11110100111
10110111101
01100110100
00110110001
11011000100
01001101111
10010001010
00101000010
10101101000
01000000000
00100100100
00100110001
01010100000
01100011000
01100011111
11110110010
00011111100
10010001011
01000101011
11100111001
11110100110
10100101101
11000010110
11101101000
01100011010
11011100000
01110011000
11101001001
00001000010
11100101011
11111001101
00100010101
00101100100
11010101010
11011000001
01101111110
11010101101
11010100100
10111101101
01110001011
01001101010
00011011000
00111111111
10101110011
11000000100
00001101010
01100111101
00000110110
00101111011
10101011110
10001011010
00010100100
11111000110
01001111011
10100000010
01110101110
11111011110
01001010100
00001111011
01011000010
10111100000
00011101101
10000010000
01110100110
01110101110
11101000101
11101010001
01110010111
10010100011
11001111101
10000101110
01101011110
01100110110
10100011000
10111111010
10001101011
11110011101
11101110010
11011011110
11100000011
00001000011
00011001010
01010100011
10000000110
10011101111
00000000110
10110100001
01010110001
10101111111
11100010010
00000111001
01101111100
01100101101
10000011001
10100001101
00001111100
10010011100
11111110011
01110011110
01010010010
11101001111
01101110001
11101001001
01101111000
11110010100
01101101100
01010011110
00100100101
11000000110
01110011001
11110110000
01111010001
10000100100
11001010001
10010010101
10000000001
00111001101
11111111001
11010000101
10110010101
00111100010
01000110101
00011111101
11010101111
01110011001
10100011100
10100001110
11111100011
10010101000
01001101100
00010100011
11110110111
01011101111
01000100100
10101001111
11110110101
01000110101
00111101100
10110011001
01010010110
00000110000
11010010010
01010010110
00000100111
01011010010
10101001100
00111011000
11001111011
11000111011
00001110000
11111001111
00101110111
11101000110
11001111001
11100100011
11110111100
00011011101
01010101101
11011010101
01011110011
01111110001
10001010011
10000010011
01011100100
10000110110
00101111111
11011011111
10101101100
00100101011
00100110110
01010110000
10100010011
10111011011
11001100001
10000110011
10110101000
11011000001
01010110100
00010101010
00111101110
00111101100
10000110100
01111010000
11110110000
10010111000
10101101110
11011110010
11010101000
00011010010
01010000011
01111010000
00100010000
01100111101
10001101111
10111111010
11001010101
00000111000
10001100011
10101000100
10010001001
10111010010
11101001100
11000010010
01000111101
10000000111
10100111101
11101010010
01011011011
10011111010
10010010110
00101001101
01001000001
11001101111
11110001000
11011010011
11001001110
01010011011
00100010011
01111011000
00011010010
10011100111
00000111010
01100011000
11011100100
01000110011
01001110001
00100111111
00000010100
01000000100
10110001101
10000001000
11111111101
01000000110
11001000001
10000010000
10110001000
10101110100
00001110001
00100001001
01000000101
10010100010
00010111010
01110110010
11100110111
00101110100
11000110000
11110110111
01010001101
01111011110
00100110111
00011001100
10001110111
10100100101
11001010100
10111111001
10101101111
01010000011
01000100011
11110110000
01000110111
10000101011
00011100110
00101000000
11011011011
11011010101
11000000101
00111100111
10110011101
10110100111
00110010101
10010000000
01001001001
00101101011
00001101110
11000011111
10000111111
00100010011
10000010100
10010110000
10101010101
01111100101
00101111010
00010101010
11001001011
00111001100
00001111101
11001111011
11100001101
10000010010
01101000110
01111010001
00100111001
00001001010
10111011111
01000111001
10101000001
10010010100
11100111111
01110101100
10010010111
11011010101
10100101011
00100000101
10011101100
10011000000
11100000011
10101010010
01001110111
01010000110
11011001110
10101010100
01100110000
00101011011
10000001010
00010001011
10000011011
01110101001
10011111111
01001001011
11011001001
10000010001
01001010000
11100100101
00111011100
00000101010
11100001100
01011110010
11010110111
11111100111
10011000000
00010000001
00001111011
01100001101
01100101011
01011011011
11111101111
11110110110
11001001111
11001110011
10010001011
01011101011
11000110010
11111110011
01001000110
10001101001
10110100100
01111100010
01110100100
01000110101
00001110110
11000101111
01001001001
01110100010
00111000010
11110101001
11010101111
11010000101
00001110000
00110110001
01010110111
00001100111
11000010010
01111111011
01000001011
10000100011
10111101000
00100100110
01000100111
11000101111
11000111000
01101010100
10010110011
00101001110
01110001011
00111100110
01111101101
10100101000
01110101011
01011110001
10010110100
00001000000
10110000110
10110001101
10111111010
11011011100
01011000010
01111110110
11101111011
00110000010
01011100101
10110011010
11100000111
01010010101
01000010100
10101010000
00001011000
01110010001
01010111010
01000011010
11010110011
10011001101
10100001000
11010000111
10100000100
10011001010
11100111100
01111010000
01000110101
10101110101
00111111110
10111111010
11110010110
11111000000
11001011010
00101101100
11110100101
01100110110
11101000010
10100011011
01011101011
00001101001
01000101101
00001010001
10111101011
10100010101
01001111111
11111000101
11100000001
10111110000
11010100101
11101110100
11011010001
11101111101
01101010100
11011100110
01110010110
00000101001
10000101011
10010011001
01000000000
10010010110
11101110010
00110101100
00100011101
10000001110
01111000111
10110110111
11010000010
00011100001
11111111110
10100110001
00100101001
10110110001
11101111101
11010000110
01101100110
10011010110
00001110001
10100011111
00111110111
01000000000
00010111110
00000000001
11011010011
11010101001
01100011011
00000111100
10001111010
11001010101
11111000100
10000011101
01111001110
11110110010
01111010110
11110100101
01010100000
11100100101
00011010011
00010110101
00100111001
11101110000
11000000110
00001000011
11010011011
10101011100
00011011010
11100000011
00011111100
00001000111
00011100101
01011010101
11010001100
10000100110
10100100100
10011110001
00101110111
11011001111
01010001100
11100110000
10111000010
01000011100
11110101110
10110000010
11000011001
00010011100
11010100011
10111111010
01010010000
11100111101
11101110111
00100101001
01100011100
10010111101
10010101110
11101010000
11011111000
11100010000
00111001001
11100111110
00000111011
10011000100
01100001011
10001111101
11111011100
00101000110
11001111101
11100100111
11000110100
10100110000
00100101111
00100100000
00101111010
01011100100
00101000110
11100111110
00011001001
01000001010
10011111101
00100000101
00111001000
00101100011
01011001100
11001100011
11100101001
10010101100
01001001010
11000111000
00011110101
10101110101
01011101110
00110001001
11001101010
01011010100
10100011001
00001010110
11111001000
01110010011
00011110110
01010000100
11101101111
10011100000
11001011101
01001101010
01000101101
11001101100
11001010001
00000000111
00011110000
01000011010
01001110111
01010010001
01101110101
00011111011
11100100011
10110110011
11011011110
01101011010
11011100101
11100001010
00110010100
00011010011
00100010010
01010110110
11011110110
01110111110
11101000101
10000001001
00011100100
10001000100
00100010011
11111101000
01111000001
01001100010
11110010100
11000010011
00101000101
10110110111
11011111101
00000010110
10111011011
11001110000
01110011000
10010001101
01011001010
11001111100
01011000100
11100111100
10101001111
11001011100
11001101100
11111111100
11100100111
00100110100
00101011001
10111111001
00000110101
01001101001
10000100001
11110101111
01100111001
11101100110
01101100111
01001011101
11011101100
00100011011
11111000111
00110010111
01110100010
10100100001
10101011111
00010111011
10001100011
01101111111
00001011010
10111010011
11001111010
00110000100
00100110001
01011011001
10001011000
01101001101
01000000011
00110101000
11011000000
00000100111
01101000100
10100010111
11010010111
01111100001
01111010011
00000110101
00001000100
10011101001
11000111100
11010100001
00100011000
01110101110
01000101000
01111001111
11000011010
01101000101
11110001101
01001111101
00001110111
11011110111
10010010101
11100101111
10000101111
11010000001
00010011011
10010100001
11110110110
00100010111
01000011110
10010100100
01001110110
00011100001
10111001000
01101101001
00011100110
11011001010
10000000000
01001110111
00000000100
10001000101
00011010001
01001101101
00011111000
00100001011
00010110010
00000101100
01110000001
10101101011
10001110000
00011001011
00110110010
01001101010
11010011101
00111100101
00001110011
01100001111
10001101100
10111110011
01010011011
11111110010
11110110111
11010111001
01111001110
01101100111
10100010001
01001010101
10111010111
01011110011
01111111101
01101101111
11110010111
11110010010
10101101101
01110110100
11101010011
01010110110
01110001101
00100101110
00011001111
11001100101
01100110010
01010111010
00100001011
10000101101
01011111110
00101101011
10001111011
10001011001
10011110110
01000110000
10000111111
11010000110
00110011110
10011000011
10111000100
10100010011
00000000100
10111000010
10011000111
01111101011
10000100110
10100110111
11000011111
10110000000
10111011010
00110110001
10011110011
00010100000
11110010010
01110011101
00110010010
01101110100
01000000100
01011111110
00100101110
11001001100
11110011010
00011001010
10110100101
00010111010
01010001010
01101010001
11001100010
11011111111
11111000000
11100011001
00010100000
11101101111
00101011001
10111110110
00101110101
11100001100
10100010001
11000010101
11011101100
00101001101
10111011001
11001011101
00110000110
01101100100
10101000111
10100110010
01010110000
10100011001
01010010000
10011010011
00100011000
10011101001
11111101110
01111111000
10100111011
10000111110
00111001100
10110100010
10110110110
00000000000
10011000001
01101011000
10110001101
11101011110
10001001111
01111000000
00100010011
10010010110
00000111111
01000000100
11111111000
11001100001
10110011100
10111000111
01101111001
00100110000
11101011100
11000111010
10111011000
10111111100
10110101001
10110010100
01110001110
11101011000
11100110011
00000110100
11011001011
01010111000
11011011011
00001100001
01001111010
10110000011
01010010100
01101001001
01011100000
01111001110
10010011111
01101010010
01110111010
01111110111
00101111000
10101100011
11101100010
00100101001
01100010001
00010001001
00111001110
01101111111
10001111011
10010110010
11011001001
00011100010
10100000011
01000100000
11110110001
10001101001
10110111100
10110010011
01011011111
00110001111
11010110100
01000111001
00101101111
10011001000
10011010010
01110010000
01101110010
00100100100
00000110010
01010011010
01100010101
01011100110
00011011110
00101111011
01110101011
11110011111
00010110111
00111110100
00100001110
11000010000
00111101001
00011110010
00100000101
10010000000
01110000000
11101000111
01101111001
11001101100
10011101101
10111010110
00011110011
11100101001
11111001111
10001100001
11100001111
11101100101
01110111011
01101110010
11001011111
