11010010111
00000100011
00111110010
11000000000
00001001111
11000010101
11010111001
00001100101
00010011101
11011100101
01000100100
10010100111
01111000001
01110001100
10010000011
10001000010
11110010111
11100011110
01011100010
00001101001
11011011000
00110010011
00100000110
01000101110
00100111000
10100101001
10000000000
11110001100
00111001001
10000010011
01111011110
10100001000
11000110010
00100101010
10010000001
11101100010
00110010011
10101010110
01001101001
11000101101
10000101011
00100111000
10111011100
01010100111
10010100000
01100111100
11101111010
01001011100
01000011001
10101011001
11000100011
01100110101
00000001010
01011100011
00111011101
00111000111
10011011101
11101010111
11110011001
01001100111
00011001011
00101110110
01111100101
11000010000
00111100111
01100100110
01000001011
01101011001
10001010101
11110001011
10010100101
01100101000
01110011111
01100001000
10001100101
11100001101
10100001111
11000100111
00100110110
00100111100
01101010000
10101100000
01100110110
01111110000
01101011110
10110100111
00010001101
00010011100
00100100100
11100001010
00010110001
00101010110
00001100111
00011001110
00100101010
10110001110
10001000001
10101101000
01000110001
11000000011
01010010110
00000001011
00000100001
00111010010
01111000111
00010110010
00110000110
01110100000
10111100011
01000101001
10010101111
11101101000
00101010101
10001101100
10110011101
11010001110
00001111111
11010101101
01000101111
11111000111
01110111111
11001011001
10011111011
11101100011
00010100011
00110010110
10011001010
00111111010
11000000110
01110010001
01111011101
00110011111
00010010010
11000110100
11010010010
01011111110
11000001111
01111010101
10111110000
00101000011
00010001011
11111001001
01111001100
11111111001
00111110000
10011110000
00010011100
01100111000
01111111010
10000010000
10000010001
11010110110
11001100011
01010010000
01011110100
00110111011
01110111100
10000001101
11011100101
10111000000
10011011000
11100001010
01111000011
11111101011
11011100001
01010000000
00110001100
01001101111
00011100010
00000001011
01110111001
10010001111
11100101010
11001010101
01000110100
00000000000
10100101010
10011101001
11000000111
11101101111
01110010011
11000110001
11101101101
11001101110
11001110111
10100000011
00100111110
01110001110
00101101011
00011111100
10110100101
00100011010
00000101111
11001111010
01000101001
01110001110
00110010011
00100001110
11100001100
11000001101
01111111111
00100100101
11011010100
00111011011
00000110001
00010010000
11100000010
10111001010
10100011010
01011111010
10011101011
10001111010
11001111111
11011010101
10111101001
11100100000
10111000001
11110101000
10000110101
11101000101
10000010011
00110011110
10011110110
01111011011
01010000100
11110110101
00110101000
01110010011
11000110100
00111001000
11010111011
11101000011
00110010000
00011100010
11001111000
01101111101
10011100011
00001011110
01100111101
10011110110
10000111110
00101100011
10111100100
00100110011
10111000100
10000110101
11101110110
00010101100
11010110011
01111110000
10010111101
11011000011
00110010100
00000101100
00011010010
10110110101
00011100110
01010000110
00111100001
00111101010
01001101101
00011010001
00011100101
01101000010
01001111000
00101000010
00111101001
10010001011
01011010110
01110101100
10011100000
10101101000
00010111011
11001011000
10001111011
10101110110
01010001110
11111111101
00111111000
01111010000
00101000000
10001100100
00100110000
01100000101
10001110001
11111000110
00011010010
01100111110
00110110011
11000101111
10111010110
01010010010
10110010100
11110100000
11101011110
00001110011
10100111010
01101101111
00111010010
01100101100
10001100001
10101100010
10010011111
10110011000
11010000101
00001000010
00011110110
10110101101
01110101110
11111101101
01000100010
11110111111
10110001011
01110100100
00101110101
10010001110
01001010000
10000110011
01001000011
11010111101
10101000001
11010000000
00011011000
11110001100
01011100000
10110011010
01101100111
10001010000
10110100000
10000100100
11101010100
00110000111
01111000110
00001110010
01101100001
01100100101
00010010110
10111001010
00110101101
01110001110
00101010001
11001010111
11011110101
10011100101
11101000101
00011100101
00110000011
10110110100
00001100101
01000110111
10000010011
11111101001
00100000000
11111000000
01001110011
00010000000
10110100101
00000010111
00011000001
01001000100
01111000111
01001011101
11111110111
00010111011
10011000111
11111001110
00011000001
00100000110
01001011110
10000111110
00011100100
11010010001
00111111010
10111001010
00010011001
11110101010
11110010100
00110011001
00000100110
01010001010
11101001011
01110111000
01101010110
01011010010
11010110011
00100000011
00010000111
00101101001
00010001110
11010000010
01111010101
01110110010
11111101100
11101001000
11100011110
01010100001
01110000110
00001010011
01000100101
01001110000
11110000010
11001101010
11100001000
00100010010
01111100101
11101101111
11110001001
01100110000
10111010010
00101101011
11000110011
10110000010
01000101010
01011101110
01001011001
11010001111
01111101000
00010000101
01001011000
11000111100
01011111100
11000000101
01000111011
00110110101
00001101001
00110001100
11000111100
01100111010
10110110001
01011100001
10100001111
00101001011
01101101110
00101101011
00100111001
01001100110
00101010011
11000111010
10100100101
00100000001
10000010111
00001010111
01001101110
11100100110
00011010110
00001111110
11111110110
11101000100
11101100101
01100000110
00100110000
10000110000
11111111000
00101011010
00011011000
01110100011
01010101001
10110000000
00110110101
00000001110
01100011110
11001101101
01100000101
01111011111
10010011111
11100010100
00000011111
10000000101
11011011111
00110100011
10100000010
00000110100
11000000011
11101000001
11111000010
10011001110
11001101010
10110100001
00101110011
10111100011
00110100001
01100110011
00101111101
00011010001
10101010111
10010010000
01111110001
11000011100
11110001011
00000110111
01011000000
00010100101
10101100101
00101001010
00010010111
00111111001
00000010010
11001110010
10101001110
10010001011
01011100011
01100001011
01010000111
10101000000
10110001011
10000000100
10101101010
11111001001
00111011011
11111001011
00000001011
00010100010
10010111111
01011000001
00000001010
11011110000
00110010011
11001010101
11101010101
10011100011
10001101010
11010101110
11111100100
01101110100
10011010100
00010111010
11001001101
10001111111
11111100101
11110000010
11000010110
10000000101
01000010010
11000010000
00100101010
01011110110
01111011000
10110111010
11000001100
11010100000
11010010010
01101011011
11111111100
11111010010
11100000110
10100000111
10111000001
00011011010
00011101111
11100101111
01110110110
01101110100
00010110011
01010000011
11010011011
00010110101
11111110100
10101101111
11101110001
11101111010
10001110100
11111000011
00100111011
01100011100
01010000101
00100011100
11111110101
00110001101
01101100101
01000101001
11001010100
01110100011
01101100101
01101001000
01011100101
11110100010
00011101111
00101011010
01110110011
01011000001
01011100110
00101001010
11001010000
11011101001
01001110101
11011111011
10111010011
10110100000
00000110010
00011000001
01101111101
10110101001
10111101001
10000000000
01010111000
11100000001
00000111100
11110101101
11101010110
10100110101
01000000000
11000101111
00100011011
01111001101
11110101010
10010011011
01000100110
00100011100
00011000110
10101100100
01111110001
01000100111
00111100101
00111010001
01110000111
00001001001
01111100000
10111011001
11100110001
11011111000
00111110011
10111001110
01011010001
10011101110
01100100111
11001101110
00010111101
11010101000
01101011100
00101101000
01010001101
10001110011
10010001111
01000110110
01010000001
00110000000
01110010011
01010001000
01100001101
00000000100
11000101100
10100111011
10011010001
00001101100
11111101000
01000010110
11100110101
00000010111
00000111011
00010110100
11000101110
11100000101
00101011001
01100110101
00111100100
00011011011
10110111010
00001000011
01111101100
11001001100
01101101111
00101001110
10000100100
00101011001
10101111000
01001010000
10101111100
10111110010
10110011100
00001100000
01001000000
00110001100
11101000011
11100011100
00011101001
11001011010
10110010010
11001110100
10010101011
01000001011
01100100010
00110000110
00100001011
11000110111
11010101010
00000010100
01001101010
00111011000
01010001011
10100001011
10111101110
00010011000
11100100010
11110000010
01111101101
10111101110
11110000110
10001000110
00001101110
11110101000
10011001001
01001010101
00011101110
00010001100
01101100001
00111011000
01011110010
10011001100
11001010010
11111110010
00010111010
01010101011
00110100000
01001001110
01000111010
10111111111
10111110000
00111101100
01001011100
00101110010
11001101101
11011011010
01011110101
01010100010
00010010001
01100011001
01111000101
10101100001
01111010100
01110011011
10010011100
10100011000
00001100000
01110110010
11000011100
10100100001
01011101110
11000000010
01101101001
10100110011
11011011000
00001110010
00001010011
01101010101
10001000011
01010100101
01001111010
11100100000
00110101001
01100111001
11011000101
10100011100
00010000011
01011000000
00010101001
01111011100
00110000101
00011111011
10100000010
10010111111
11100110110
00101011110
01100100100
00100001000
10100100100
00111100011
00100100110
10110011101
01001100000
01110011000
11110111011
10110011011
01110101100
01100100010
00001100111
10111000101
01101101000
00100111011
01110001101
00110001001
01010111100
10100011100
11110001100
00101001000
01000011010
11100011010
10011110100
11101110001
11111010010
00111001001
00011010010
00100011101
01010100010
01101111101
10100010110
11101101111
01110000101
01001011101
00010011010
10001011001
01001100000
11001010101
00101101000
10101001110
00000100001
01111100010
00111100011
10100111100
10111010001
01110101000
01001101000
10111110011
01110111111
11101010110
01101100111
01010001100
01010100111
11111011101
10000011000
01111100010
01111001111
11011101001
10101100100
00111011011
10100101001
10000101010
11100010110
10011111001
01101011100
00011110100
00010101100
10110001100
01011010110
11001100110
11001101001
01000011011
11101000100
11110101010
10000110011
10101110000
00000011011
01111001010
00110100100
11001011111
01101110110
10100101111
01000111111
00101001001
01111001001
10010101010
11010111100
00100001101
11000111101
00101101000
10010111010
10011110110
00011101111
11110001101
11111100100
00010111100
11110110010
11011101010
11000110001
01101101000
00100011101
11011110000
00001011000
11001010011
10001010101
01111100001
00000011001
11100000111
10100010100
10001100101
00110001101
00000101000
10101010101
11000010111
11111100101
01011111011
00111111010
11011111010
10101001110
00011110011
00000000111
01100010101
00001111011
00011110010
10010001010
10100100100
11011001001
11100000111
01001011001
00110111001
00000001110
11100011110
10110000101
01010110011
11001111110
01001111100
11011111001
11010111101
11001000011
00101110011
11101000011
11110101110
00001100001
11101101011
01110100100
11010110001
00010110111
00110111111
11101010111
10111011100
10111100000
11010110111
00010001100
00111000001
10011001000
10110101000
01101100001
10101011000
11011001101
00101001011
01100010010
01110001100
10111011011
00011111111
01111101101
00010100000
11000001000
10101100001
10011011110
10000110110
01111001000
11011010011
10111011010
11000010101
01010100111
11000011100
11100010100
00110010110
10100101100
01011101010
01011101011
11110001101
01101001100
11100001000
00110001110
00111100000
01011100000
11001111001
10111001100
10011101101
10000110110
11110001101
00001110000
00110010110
11011000101
01100000011
11101111100
01100010001
01111001000
01010110010
10010111001
01010011110
01000100101
10010100000
01001101001
10000101010
00111111011
11001101101
01011001100
11001000111
11001111100
00110101011
01010101001
11011100100
11100110110
10100000111
01110100111
01001100101
10100101101
00011110000
01001011110
00100100100
11010010011
10111011010
00010101110
00110001011
10111100001
01110100011
10110000101
10111100111
11101111000
11011010010
11001011010
11111101110
00001101100
01110110000
00110011011
00110110110
10100000100
00111110110
01110101001
10000000111
01111001011
01000010111
10010111111
01111101100
01100110111
00010111000
01000100011
10010101000
01010111111
01101110101
00100000110
10001000011
01100100100
10111011101
00100000001
00111011010
11011110010
10100001110
01000111010
10110111111
11101010111
00010110001
11110001001
11110111111
11110100110
11010110111
11001100111
10010101101
01100101000
00011111010
10111100100
01010001011
10000110000
11001011011
01111011001
10101111001
00000101001
11111000110
00010100101
11001000110
11000110101
10001001011
00111010100
00010101010
11100101001
11000111110
00100101010
00111011010
01000110101
11000010001
00000010010
01010111111
00011000010
01011100000
11101101110
11011100110
00100010111
01100101110
10010000010
00000011001
00111001110
11000110110
11110111001
10101101001
11110000000
00111110000
10001101101
01111101111
01000111001
00001101101
01101101001
00101111111
10111011001
10000111011
00001011101
11000010100
10100111111
10100010000
00110100110
11011001010
00010111110
11110101000
00101101001
11100100001
10001100001
10001010100
01111110011
10101111111
00110000010
10011001000
11110010011
00011001110
10101101100
10001000001
10101110001
01010100111
00001001010
10000010111
01111110111
01100011001
01100110101
11000100011
11011100000
00101110001
10111101010
00001111011
10101010100
10001101000
01110111010
10111111101
00011110110
00110110111
11101110001
01011100100
10100001011
01110001110
01001000001
10010111111
10000010111
11011010110
00111001111
00110011011
10011101001
00010000101
01010010111
11011110101
01010101110
10001111010
00110011100
10011010000
00110010011
10010111011
00110010001
01101000100
10001011111
10100000011
11111000000
11101000010
10010010011
10110100011
01100000010
00010000001
10100000001
00111110011
00011110010
11100111100
01011111111
00001100100
11011101111
11111101011
01110000011
01111111100
11101101110
01001101101
11010010100
00001010101
10101110001
01111100001
11000111101
00101001111
01011011010
01010110010
00111011101
11100001000
00101110010
11001010010
00000100010
11011000110
01110010011
01111001100
01101001011
00110101001
01100100010
10100101010
00011101010
11011100010
00010110101
00111101000
11100010000
01100110110
11100100100
11101100101
01001111011
11011101001
01101100110
10101100001
11001101001
00001011010
11101100000
00101010110
11100000110
11110000001
01000001100
00001100101
11110010111
00011101110
00110101110
00101001100
00110100001
00111011010
10101000111
00001101001
10011000100
01010110101
01011101111
11110011110
10001010101
00011001000
10100010101
10010110110
01000011001
11111010111
10100001011
00001011010
10111101111
10001111101
10110100010
10011111110
01111101101
01000100001
11000100110
10101100011
10111010111
11111101101
11101100010
00010011011
10011110100
11001111001
10011001010
00000110101
00010100111
10101110100
01001010010
11110110010
01000100110
00011100011
01110111010
01111100111
01001100101
01010101100
00110111000
01001011110
01110111100
01110100111
11100101011
01010010011
00001111011
00100000011
10111111100
01110011111
10011101100
11011000011
11101101001
11110101111
00111111100
10101101000
10001110000
10010000111
11100001100
11001110010
00111111100
11000000011
00100011000
00011110111
00101001100
00010000101
00110010001
00010010001
00001101011
00110100011
00110110111
01111101001
00010110001
11001110000
01010000110
01010110000
10011101101
01101111011
10111011010
10001110010
01010011001
01000111111
00000001010
00111001000
00111001100
11111000111
11000111011
01001111101
01001010001
10111111100
01011010010
01000010111
10111111010
10010000011
01101010000
00111001101
10110000010
11100110010
11101011110
01100111101
10110100101
00110001000
00111000101
10011011011
10110001111
11101011001
10011101001
10111010101
10111111011
01100000110
11111010000
11111101001
00011011000
00010110010
00011011111
11000111001
10111011000
10010101000
00100010100
00110010101
10010011111
10000011100
10001011110
01100011110
01000010101
11000001001
10001000010
00110001100
00101011101
00110000101
00100111011
00110111001
11100101000
00011000111
10111001100
11101011111
11011011000
10101010101
11011110001
00001111000
11100011110
11000100000
01110001000
01111101011
11000010001
01000011101
11001010100
00001101011
11100011001
00000001001
00001011001
01001100100
11010001101
01001010001
01110010100
11110101111
00011101000
11010111101
00001100010
10111110011
10111110010
11000101111
00011101111
00011000010
11011000000
10110110001
11010000100
11110111110
10101110101
01000000110
11010100110
11000010110
01010110101
11111100000
00010100001
00010000111
11010010110
11001110010
11111101011
01101110100
01010010010
01010101011
11111001010
10001001101
00110111111
11101011100
01101000011
01110100100
11011101010
00101101011
00011011110
01110000011
01011011100
10010001001
00010100001
00111110111
01100100011
10100010100
10011100100
10000010111
10010010000
10101101011
11111001011
01110010111
10100100101
00011111001
11111111000
01000000011
11111100110
00111010111
01000101111
01101001100
01101010111
01011111110
10100110010
01000010111
01100001010
10000010110
10111010101
11101001011
01011111110
10110100110
00110000001
10000000110
11001101111
00010100110
11010011110
10111001010
11100111010
11001110010
10001001001
10111110100
01001101001
00111010100
10011001100
10110101110
10100000100
00000011011
01001101111
10000101011
00001001101
00110010101
11010010010
10000000011
11111111100
11111010101
10101101110
11011001010
01011100010
11011010001
11100110110
11110101001
01100111110
00101100110
10100100011
10010011000
00101100000
11000001111
01110001000
00001111011
10001111111
00011000100
10001010101
11001001100
10010010110
11101110011
11110000111
00111011111
00101000110
00100000001
00000001111
10011011011
11001100101
00010000110
11000001011
11001000101
11001010110
11110010010
11101001101
01100001001
11101110101
10010010101
01010000010
11111011111
10000001101
01100111111
10001011100
10001111000
10011010101
00111001010
11001010001
10100011011
11010010000
00010010100
01110111101
01110001111
10100101101
00101011001
11010100100
01101110011
10101000011
00101110010
11110000111
01110101001
11111001011
11101100011
01100011111
10000111101
00000010101
11000111011
10010100100
10011100111
00111100011
00010000011
00010011111
00111110101
00101101100
00111001110
00010010001
11101100111
10101110000
01000101100
11011001111
11010100000
11110001110
00101100010
10111111011
01100001011
00111000000
01100000000
11001101110
11101000010
01111101111
11110101001
00010110000
00000100101
00111000000
00100011110
11110101101
01110010100
01011000111
00001100000
00101000011
10001100111
11111010111
11000010111
10101000100
11101010101
10001001011
10010011110
00010101100
11011100100
10010100000
10000100110
11010110101
00011010001
10010110001
00100011000
00100101100
10010101000
11110001100
00111000010
01110000001
11110100001
00101100000
01101111001
01110010111
10110100100
10010111011
00100110110
01001110000
00011100101
00000001110
01100111101
11101111001
10001001100
00111110110
00000101111
11101110000
00111001111
00011111110
11100101100
11011110011
10001010011
11100101111
00100110110
00000010001
10111111001
00110110011
01000111001
11111010000
11011111001
11111011110
11010111111
11111111101
11111010101
11110011110
11101001101
10010000000
00110010100
11101011101
11110111011
11001010101
01111101111
10110001110
00100110000
01101100010
01000001000
00001111100
01110110000
00101011000
11001010010
10110010011
00101100110
10101000010
11101011010
00111000000
10010110011
10110000001
01001000000
00011010101
11101001101
10011011100
11010101010
10000110010
11011010111
00010101011
11000101000
00101101110
10011010101
01101111001
00111110111
01010000001
10100011011
10011011101
01101000101
10110001110
10110101010
00111000110
01011000100
00110000100
01110100110
00111000110
01100000001
11001100000
00011110101
11101010110
11111101110
00101011101
01100110110
00001110010
01100111010
01101000011
10011001010
01111000101
01011011110
01101010001
00001101000
10000110001
01110100100
10101110011
01110110001
01101111011
10010010101
00111011111
01000001010
01110010010
00110010111
00001110000
01001101110
00111110010
01111100110
00000110010
01101101100
10110010111
10001101111
11111100101
01100011110
01001111001
11101000101
01011000110
11010100101
00101111101
10110000111
00110000111
11110101111
10100100001
00100100101
11010000110
11111011111
10001111100
11011010101
01000010001
11001101001
10011100001
01111100000
10011010001
00101110010
11100010111
01100010100
00001001100
10010000100
00100000010
11111101111
10111010101
10100111110
00011010001
11010111001
11010011001
10111100010
01001100110
11100011110
11001101101
11110001100
00101110010
01111110100
00100100110
11111010111
10011101101
11101100100
01101000001
00100100001
00110101110
10011100000
00000111111
01010010000
10001011010
00011100111
10111001011
10110001010
10101001010
01010111010
01100100100
00100110100
00010001110
01000101101
01010111111
11111011100
10011010101
00111111101
01110011111
01110000101
01100100111
10000000110
01001010001
01001110110
00110001100
00011011110
00110011111
01111001101
11011110010
00111111001
10000110010
01010001110
01000000101
11100001010
01011000110
11001000001
01101011110
01001000001
00000000011
10011110001
00000001010
00101010110
11000010001
10111101110
00011000001
00000110100
01100000000
10100100001
10001101011
11110000111
01001111111
10010101001
01101011111
01100010011
11101111000
01101111111
10110110010
00100011001
10110100000
00101011111
11100111101
00100111011
01101110101
10011101100
01110000000
11001110111
00010111111
11110011001
11010001010
10111111000
11011110110
00110010110
01010111001
01000011011
00111000111
10011001110
01111011101
01001111101
11010101000
01010101111
10010111101
11001011010
10010110111
00011100001
10100010000
00111000000
00000000101
00110000101
11011111100
11100100001
01100100100
11100111100
11100001000
00010000111
10011000011
01000010000
11010010000
01110100100
11001110111
11011010001
11001111111
11011101000
10101010101
11011000111
00101110111
10101111010
11000001000
10101100111
10111011010
11001000100
01100011111
11000101010
00110001000
01001101100
00111111001
01100000110
00011011011
01111110110
10110010010
01100000010
11110000010
10110011101
11010000110
10101001001
11111001000
00100101010
10111011100
10011011001
11111100011
11101010100
00100010011
11000001101
00011100101
10000001100
11100000001
01010101011
11011111000
10001111010
00101111011
11101000010
00001010000
01001101001
01100001100
01100000110
01110101101
11000110100
00001000010
10001010111
00100010100
00110000101
11101000100
00000100110
01010001000
10101110110
11111111010
00101100001
11000110111
00101111100
11101001011
00110111010
11010110000
01100011001
00111000001
01010001011
11110110101
00000011001
00110000010
10011110110
01111000101
00010011110
11001100001
01011100010
00010111110
01010110000
10001001011
00011111001
10111000011
11110000000
00011101110
00000010100
00010100100
01100011101
11010010110
11111101001
01011010010
01101011100
11110101111
11001001010
00100001111
10100100011
00101000110
10011111101
01101011010
10011011001
01100101111
10000000100
10101001110
00111011110
11111010010
01011101101
11000111101
10111100010
00011100011
11101101000
11010100001
01101111011
00001111001
11110110101
11011101001
10110100111
11001110110
11110110111
01101011011
10001011111
00110101110
01001110101
11011111010
10001001111
00011010110
11001000010
01010101111
01010000010
10010000001
00010010110
11000001100
01100001111
11100110111
10010110001
00110010110
01110000101
01001001010
11010111011
10100011110
10001110110
00101101100
01000011110
00101101101
01001000010
01100111111
01001100001
01101100100
01000111010
00000010000
00100110011
10011010101
01011010011
00001010111
10111101001
00100111010
11111000001
01011011001
01011011100
00110110001
01100010100
10010101010
00001100010
00000100001
00010000110
00100001001
10101010111
00000001100
01001011001
11010111100
11001001110
01111101101
01011011110
00010100000
10101101011
11011001110
10001010100
01110110010
11011111010
