00111101111
10001001010
10101100011
00001100100
10010100101
11001001011
11011110110
11110101001
00100100111
01101011011
00010000100
10010000111
10000011001
10111111011
10101001011
01101101000
01010000000
10011011100
11111100111
11101101010
10010000001
01011101110
10001101000
10111100101
01101011101
00101000100
10111101110
11010011010
01011100011
01101101000
10111100011
00010100100
11011001101
10010010110
00101000110
10111101110
00111110111
01010110100
10011101010
10001101011
10000101011
10111101001
01011010000
00011001000
10101010010
11110101110
11010100001
00001000011
01011101100
00111010100
01100110001
01001101111
00010110111
00100111100
00010100110
10101111011
10111001011
01101001010
00101000000
10110100010
01100011100
11011011001
00011100100
00110010110
11101000101
00110011000
01000111010
01001001001
00100000101
01110111011
01000010100
00101101000
01100011001
01110010111
11110000101
11011101000
01010011001
00011010110
00100000010
01100000000
01010111011
01000110010
01110110010
11100010001
01001111110
10010101001
10010111101
11011100010
10011001101
00001000101
01000000111
11101111011
11110001011
00001000100
00111011111
11110001010
00001000101
11010000011
10100011111
01001011101
11000111010
11000101001
10011001111
01111010001
10111010110
10010100111
00111001101
00101110100
00100101100
10000000010
01110111111
01100010101
10011110101
01000011100
00100011010
01101100100
00010100101
11011110011
01101111011
11101011011
00101011011
01111110110
11100101000
00011010100
10101001000
01111000111
10011001110
10001110101
01101100110
11111001010
10011100110
01111010101
11110101010
01110101011
10100001101
10100101110
11111101111
11100111100
00111010000
10101111100
00101111000
10110000101
11100011000
01100101100
10010110110
00011111011
01010101011
01010110111
10001110111
01010011111
11111101010
00010001010
00110111100
01000001100
10111011101
01000100110
01011000000
01101101001
10101001111
00010011111
10000100100
10111111111
10011100111
10010111111
00101111011
11111000110
01100000100
01100010001
01101100000
00111110111
10000101110
01110110010
10111110011
11110000010
01011010100
11001100101
01101000101
00111101000
11010000101
11110001111
10110011110
11010010000
11000001010
00010111110
10101001011
01001110110
11111001001
10111101000
00110001011
10011101101
01111001111
00101001011
11111011111
01111011010
11111111001
01011110101
00110001101
11011011111
01000101100
10001011000
11010001111
11010011001
10100100001
00011110100
10100011010
00110100111
10001000000
10000010100
01101101110
11000111110
11101000100
01011100111
01010011010
11010000110
10000110011
01111110010
10100101110
00100001100
01111001000
11100011010
10011001111
10110010010
10001101111
00010111010
00010010110
11010000110
01111010000
10110000100
01110111011
10010011011
11110101010
11010011010
00010110101
01110111000
10110010111
10100010111
11010000010
01110100010
10000011011
01011000111
00001000011
10100011011
01111110101
00011000010
10100101010
11100111000
10010000101
11011100110
00001010110
00001001111
01010110001
01001010101
01110111001
01100101110
00001110000
00001001100
10101010101
11011000001
11101011011
10010001110
10111000001
00011001110
10011101010
01000101111
01101010111
10110001110
11011001111
10000101010
10001100001
00010100101
01011110100
00110000011
11010101011
11100101110
10110101010
11011001010
00011010000
10000100000
01110100010
00011001111
10110111001
00001110111
10101011000
10101010100
10001100110
01000001000
01000100110
10101111110
01000111101
10001100100
10001010011
11010111011
11100011100
00111010111
10011100011
00111011010
11111101001
00101111001
11001110111
11010111010
10010100101
01000111011
01010110010
00111101011
11000001010
11101000101
10001001110
00011011101
00001000000
00000011100
10010100000
00111010100
01100100100
01110100101
01110000110
01100111010
01011110100
01100011011
00011101011
01010010010
00000101100
00010100001
11110100011
11010001001
10111001000
00111100100
11001111111
11011010010
01100001110
11100001110
01010101011
01101001000
00111010010
00101101100
00111100101
01001111000
10111001101
11110110001
00101011000
00011000010
00111101101
10001110100
11011100100
00000000010
01000110110
11110010110
00000110100
01001011001
01110001000
01110101100
10010110010
11111110110
10010001110
00100001010
01011111111
10010011110
10001000100
10100111000
01110110100
01000101010
10011000000
10100111001
01010111010
01100101110
10111111001
11011000100
01001110011
10010000010
01111010110
00000010111
00011100011
00001011001
01110000000
00110101101
00001100111
10111001010
01000111101
11101001101
00111000011
00101101001
11101010011
11101000100
11111101011
00110001101
11100111110
11101100010
01010111100
00110011111
11010000110
00111101100
01010010101
01001110110
00010111100
10101010110
01010011011
00000000110
10101001100
11110000011
01000001111
01010010011
11011111001
11100100100
01100000000
11111110100
10010011110
01100101011
01010000000
10110100010
00100110000
10000000001
01010010100
01100100011
10100110000
10110101101
11001010101
01111100110
10000000000
01001010110
01011010001
01110101101
01101010010
00001010101
01111111011
11000100111
11101010110
01010111111
10010101110
11001011010
10110100001
11010100011
01000010001
10110110110
01011111011
11111000010
01001110010
10010001011
10100001110
10110011000
10101111010
00000100101
00101100011
01000100011
11010011011
10101111010
01011011101
11011110101
01000010100
00001100110
01010000000
00000100001
10100001011
01010011010
00010010000
10100100011
01100100111
00011101000
01110010110
01000101011
01010111001
11101010000
01110011001
00000001100
11001100111
01001111110
01100011001
00101111001
01001010011
10101110010
00111111010
10000100010
10011110001
01010010110
10110100101
10101011101
10011001110
00101100010
00100111001
01110101111
01111000011
11101111101
01011001110
10110000010
10000111111
10101000011
01001001001
01001110011
11111011110
10110100011
11111101000
01000001100
00001000110
10100111011
10111101111
00000000001
11101100011
11111100011
11001101010
11001110010
10011001110
01110110011
10101000000
11001100110
00111010000
10111110010
00100101010
01000001100
00011101000
01011110111
10101101000
10000010100
00110011111
00100001111
01001111001
11110110110
11110000110
01010010101
10101111100
00100001001
00001110000
00110001001
01010000110
10000111011
11111010010
00001110100
01000100000
11010100100
00010110100
11001101110
01111001100
10001011100
01100010100
10010001110
10100100101
01000000101
00110100000
01110110011
11010000011
01000101001
01111010101
00011001100
01010100000
00110010011
11011000010
00110100101
01111111100
00111011011
01100110000
01001110110
00000101001
01000001011
01110110001
11111001111
11000000110
00100000011
11111100010
01100101101
11110001000
00100001110
10010111111
11010010110
00000001101
01111110010
01011101010
10101110100
00000111010
11011000100
10010110001
00000101111
11001011011
11001011010
10000000011
11110011110
11001101111
11100111010
10100000100
00110111101
01111001010
11101000010
01111010110
01010000001
01111011100
01010010010
10111000100
10101110100
11111010001
00110100101
00101011010
00001111101
11010111000
00101100001
10001000110
00110111111
10010110010
10100010010
10100001010
00111100000
10010001100
01110101111
00101100111
10111111100
01011001001
01000111001
00101111000
11100101010
00111101101
01101111010
01011111011
11110011011
01010010001
11110001101
00001010110
00001101011
00111011011
01001111010
10101111010
00001010000
10011001000
11101000101
00100010111
01110001101
10111111101
10101010110
10111100110
00110110110
10110101101
01010111001
01001101000
00101101000
10100110101
11010011101
10100011000
01110000111
11010111011
01001111110
10000110100
01010101100
00100001011
01010100101
10011010000
10101010001
01110101110
10000010100
01100110011
11011001101
10100000101
00111110011
10011001100
10111111100
00101010101
11101111011
00100000010
00010110000
11011000101
10010011101
01001110101
11100101111
01101100001
00100111000
10011001101
01100111110
00001011011
01000000111
11100000101
01100001000
01011100111
01010011111
00110000111
00010100000
01010010101
11100001111
00000110001
00110110001
01010011111
11110111000
10001010001
00011000100
00101010010
01001010001
01100100000
11110000100
10110110000
11110001001
11101001010
00100111111
01011010111
00011001001
11100011010
00010100110
00000110011
00111001111
01110100010
11011010101
10111110001
00010110000
00001110010
01110111000
10000011100
11110000011
01101000111
10101010101
10110101101
01001011101
00111111000
00101011010
01101001111
11011101000
01110011100
00100111110
11100001101
10111001101
01001110111
10101111111
00000011000
11110011010
11111010011
10000100111
10001111100
10000111101
11010110001
10100011010
10101101000
00011000011
01010001010
11111111001
11011100001
01110010110
11100010000
10001110101
11001010000
10001101110
10110101101
11111100011
00110110100
10100101110
01101100001
00101111111
00101000111
10001110110
10000011100
10111110101
01101000010
01000011011
00100101101
11111000110
10010010111
10000000101
01111011100
00000000010
00100101010
00100101000
01101100001
10000011000
10010011100
00110101111
00011010000
11010001001
00101010010
01000011001
00110101000
01010010010
01111110000
01001000111
11110010001
11010000011
11001101101
00000001110
10000001001
01000011110
10010101000
00100101101
11111001001
00100111110
11010110111
10001000110
11010000110
00011101011
00001010011
11100011000
00001111000
10111011000
01011000000
11001101011
00001101100
10100110110
00000101011
10010011100
11010001011
01010010000
10011010000
01100110100
10011101110
11111101101
10000100100
00100100000
00000010010
00111001110
10100010011
11111000011
01000100001
01100001111
01001100101
11000100110
11101001111
00111100010
00011101000
11110000100
01011100010
10010000110
11101001010
10100110001
10001101010
00010010110
11101001100
10110001101
10000000110
10111100001
00110000000
11110001011
00010111100
10001000001
01101000110
11010101101
11001100101
11010011010
01010001010
00111010110
00000100110
01000010111
01010001010
00001010000
10101001101
01000110110
00110110001
11101001101
00110000100
01111100100
10011111000
00010101100
01100001001
00111110100
10100110101
00110101000
01001101111
00011111001
00000101001
01110110000
10110010110
11010111101
00100111101
11010010001
00100010000
11011001010
01100001001
10110000011
11110000100
11001000111
10001101000
11011101110
11011000011
01100010000
10110000101
01011110100
10110011010
11101101101
01101101100
11110101000
00000001001
10010100110
01001101110
11000011101
10001001001
01110110000
01100111100
11010100001
10011010001
11011111011
10010100000
11011001101
00111000111
00011110001
11101100110
10011111110
10001101011
01001101001
00110101111
10100001101
01101001000
10100110100
00100011100
01111101011
00000101100
10111110010
01110011001
00001110010
10110000011
11010110110
11100000000
01100101011
00001011110
01110000000
00000100101
11110000011
11010111101
00000010100
10000111111
01100100110
10111011110
00111000110
10010010111
11011001010
11110001101
11110100011
11000001101
00000100001
11001001110
10010001010
10011110000
10101110100
00100011110
11110001110
11111001101
01010001011
11001100000
10100000000
00101011000
01101011001
00000001011
11111100001
10011000101
00101100111
10101100100
00110000000
11111011100
10110000001
11000101010
11000111110
00011000010
11110100010
10110110011
10100100111
01010101111
01101001110
01000011011
11111111010
01001111110
10110110100
00100110100
10110100000
11100010100
11000100010
10011100111
10011110110
10000111000
11001110001
11001011010
10001101100
01111001101
01100000101
10011011101
10100111010
00000001000
00000110111
11110111100
11101111000
00100110100
11110010100
10001011110
10000111010
11110110110
10100100010
10000111100
00111110011
00010001110
00101010110
11010011111
11000101001
10110001010
00100100101
10011000110
10100000111
01001010011
01101010100
11111011011
00101100101
00111101110
00100001101
11011101001
11100000011
01100110111
00100010100
00111011111
10010011111
10000010111
10101000101
10010011000
11010011000
10011010011
10001110111
00000110001
01000101000
01010010000
01011110010
00001010110
11001001100
00000100100
11111010111
01000010001
01001111101
10110010100
11110101000
11000110110
10111110111
10101001111
00101101110
11010011011
00100001010
01111101110
00100100101
00010111110
10101001101
00011101111
11100101101
00000010001
10110100100
10111110101
11100101110
01011000101
00110101011
00011100000
11111001011
11111111100
11000110101
10011011110
11011011010
11100010001
11100001110
01100101101
01111011100
10011010110
01000011010
01000001110
00100011101
10010101011
10000011110
00011001011
01111000110
11110011001
10011101001
10110110111
10111111100
00011110000
10000011010
00010001001
10111011000
10000100100
11101010111
01111111011
00000111111
01100101111
10000000010
11011101111
00001011101
11100000010
10010000010
10100011111
01111000001
01111000011
00110101100
10000101010
10001100000
01101111110
10011010100
00000010110
10100111111
10010111100
10011011110
10010101111
01101000000
01010110001
00000100111
01001111100
00011000011
11011111101
00001011101
01101111110
10111101010
01011101111
00101110010
10101110100
11000101111
00001000010
00000011100
10101111010
01011010111
00101000000
10111110010
11100001100
00001001110
10000000000
11010101010
00001111101
10010011001
10110011001
01101101001
10101111111
00001011001
00111010110
01010001111
10011100110
01001100111
01010001110
11111110010
00110110111
00010010011
01000111100
01011110011
01010100011
00111100010
01100101101
11111101001
00001000100
11011101000
11101010111
11110101001
01100101101
00001001011
10111110101
00110100010
11101000001
01001010110
00001101000
00011001111
11011111111
00101001000
01110001011
11101100011
01111101011
00001010111
10100010100
11110001100
01101010101
11101110101
01001101101
10000110000
10101111001
10111101001
01100101101
01111110111
11010101011
00000100101
11001110110
00001011011
10100111111
10110010001
00100010110
01010101100
11110111011
01000101111
00110101011
10010110010
11011000101
11001110001
11101000011
10001101000
00101111111
00000000100
11110010011
00111101101
01011110000
00001001101
00111011101
01001100101
01001111011
11001011101
11001010101
11011110000
11110101011
10111100010
01011000111
11111110101
10101101110
11010000001
00100011111
00001010011
11010101111
01111011000
00011110101
00000110111
00100011101
10110111000
11100000111
01101001100
10111000001
10100001110
10110110110
01000000010
01101111010
11011001011
11011001010
01100101111
11111011000
01111100010
00001001100
01110100001
01110110001
11111001111
10101001111
11011000001
00111011111
10001000100
01001010000
10001100001
10101111110
10001100110
10100111100
00001000010
01010101100
00101000011
10011100010
01010101001
10110010010
10110100110
10000100100
11110110100
11111110100
11001010010
00010110101
11011011101
11110010000
01110010010
10101001101
01001001101
11010011010
01111000100
10100101000
10110001001
10111010101
00111010001
11110100010
00100011111
01000000111
11110010110
00111011010
11001000110
01011110110
01100110011
00010000011
00100010000
10101100011
10011011010
11011101101
00011011101
00111001111
01001000111
10101101001
01011011001
10001000011
00110101000
00110111111
10110011010
01101100011
01101110011
11100100101
11100010100
10010000111
01101010011
11010000110
10101110011
00011101011
10110100100
10110111011
00010100000
10111100110
00001111011
10100001101
10110101000
01100100111
10001001101
10001000100
00001100000
11110110001
00111000111
00000101111
10111111010
00111100110
10110001010
00010010011
11110011011
11011101111
10010011110
00000100011
10001001011
11111111101
10000100011
10011000101
10001010001
01101111010
01010100001
11010101010
01101011111
01010110000
10100110010
11110011011
00000110100
00110000101
11101100111
11001001111
00011101100
00001100010
01100101111
10001101001
11110110000
10110000100
00100011000
01100100010
11010111010
01011111001
01100011011
11000001101
11110110110
00001011110
11100111010
11100010101
00100001010
10010100000
10111100001
00101111000
10010001110
10011011100
10001010000
10011101101
11111111001
00000110011
10101011111
00101110110
11001000001
10001110111
01010110011
11001000010
01111110010
10111000101
11010110101
11111100001
01010001011
00101101001
00111101110
01001110111
00001011110
00111100101
00000011110
00011011100
10001000000
11000011111
10010010110
00011001100
10100000110
01000000100
00010111111
00100110100
10100111111
11010101101
00000010011
00101001101
10101001111
01010101111
10111000011
11111010000
00001010101
01000111001
10101010111
11011101101
10100011101
10100101110
10110001111
01010111011
01010101010
10110010001
11101110101
01100101111
11000100100
00101001101
01001001000
00110111101
10101000101
00101101000
00011001101
11110010011
00010111011
01110110101
00010010010
00010101010
10011100101
11001000111
00111111001
11110111100
11110011000
01100011110
11010001101
00000010001
11100011111
00110111110
11001111110
10111001010
10011010110
01010101010
01000010000
11110101011
00111000101
10000011010
10110101000
10001011111
00001100100
11001011101
01101110000
00110011111
11111000011
11011111100
11111110111
01010111100
11111110011
01101110100
01111010101
11100000010
11011110001
01100010001
11010000100
10100010101
11100000010
01110111011
11011100101
10111010011
10010000010
10010101010
10110111010
00010100101
11100001100
11100101011
00010010000
00111110111
11001000011
01001011010
01001010101
10101101110
00011100100
10000100110
10010111110
00011001000
01000000101
11010101001
11001010111
11001010011
11000101111
00010010000
10010100001
10000001101
00101001100
11101011001
00010110001
11111000100
10000011110
01100100010
10011000001
01010001011
01000000110
01101000101
01101001011
11100110010
10101110110
01001000010
11000010001
10000111101
10100100011
10101101101
00111000101
01010111011
10011111100
01101010000
11001011110
11110111111
10000010011
10001111001
11100001111
11101010110
11100101011
10110000011
00010011000
01111101101
01010101000
01101110111
10001111010
10010111111
01111001011
01001010101
01111100011
00000111111
00111001011
10001001110
00011011110
11111101001
11000101110
01111010111
01000001011
10001011010
01111001111
01010010101
11111110011
01010101100
11001110010
11100001100
01001111101
00100101011
00000111111
10111001000
11001010110
00011100001
01111011101
01011101011
10100011011
01010100001
00101010100
00010110010
11011111110
01101101001
10110001001
11100000001
00011000001
01101000101
10010011110
10011010001
11100011011
00001011110
11011001010
11010001100
00101001010
10100110010
11100001000
10011101011
10110001100
00011111000
00110101011
00011000011
01000101111
10110110110
11001001001
10011010011
01100100110
10100101100
01010110101
10000110000
00101011010
11001100101
01000111001
00001110010
10110111010
00000101101
00111011011
00001001010
01011110111
10011111110
00110000101
00110100101
01011111011
10100100101
11001101110
10010001100
11000111100
11111110011
11000101111
11000110001
00011001101
01011111101
01100101110
01110010111
11001100001
10110011001
10000101011
01101010000
00110101011
00101100010
10111011101
00100101001
00110011010
11001110110
10011101010
00110110001
00110110101
10000000111
11001010100
01000110101
00111000010
11000111001
10010101001
10100000111
11101011001
00101100100
01100101110
10011000111
11001011101
10000110100
00100111010
00101100101
00010000111
10100101011
01111111100
11011001010
10001011101
01010001101
01011100110
11001100011
10010100100
11010001011
00001100101
00011101000
11010011110
11001100111
00110111101
11100000110
11010011001
10000110111
01101011010
10100111111
01110011010
10100100011
00011000011
00010101000
01011000010
00001110011
10010100011
11000001000
11110100001
10101010111
10011100111
00011010100
01101010010
11100001011
00010001010
01001011001
10111001001
01111110100
10011111010
10010100110
01010010110
10101100000
11010000010
11111111110
10000010010
11001101111
11000101000
11111011010
10001010000
00011000011
00011110010
11011111001
00001000101
01001110001
01011001111
11100111111
01111000001
11010001111
11011000101
11101011101
10100010001
00001001100
11110001011
01100110111
01111011100
10011000111
00011111101
00010010101
00111011001
10001011001
10011000111
10100110111
11110111011
00101001010
10010011110
00101111010
10111110111
11001001111
01100110001
10100100101
01100100110
00101011111
10000100011
10101000110
11110010110
01001000010
10100001111
00010100010
11111011001
10110000110
11110111110
10111100100
10110111010
10010010001
10101110011
01101011110
11010011000
01011000010
11011100110
01011101110
01100100010
11101000101
00111001111
11001101010
00111001100
00100001011
01111011101
00100011011
00100100000
00111100100
11111111001
10111111100
11000100000
01101111110
10100100100
00110011011
00100011000
01111100100
11011001111
10101000100
01001010110
00111100110
11100101110
10110110001
10001011100
10111100100
00000100100
00101010010
00110111011
11011110100
01001000110
00000000110
00100101010
11000110101
00001100001
10111101101
01000011100
01100010111
11101111001
00001111110
00100100110
10111011111
00010011000
00100101110
11010001111
10001101111
00101111101
00101100000
00001111011
10010000010
01111000001
11111011110
10111110111
10011110100
01100010000
00001001000
01100010010
11101100011
00011010111
11100110001
10010010110
10100101100
11000000111
11011101000
10100111010
10111010100
11000110100
10110110010
11000000101
00101111011
00011100001
11100001100
00100111011
00100111011
00010100011
00011111001
11000100010
01100010001
01101001100
10100011000
01100100011
00100111001
01100101101
01001101001
01111000001
11011101100
01100100010
10100000010
01001001101
10011110111
00101101001
11000011001
10001000010
01000111100
11010100001
10010001010
00011110111
10101111011
01100101101
11011101000
00110100001
11010001100
10010010111
10011011110
01011011100
10110101010
01010100000
10100101111
01011101001
00001110111
00100111001
00101011010
01001001110
01011011010
00000111101
11011100001
10110010110
10101110111
01001000111
11101011000
01010011011
00010000011
01111101100
11001110011
01111010111
01001011011
10110011001
00110011010
01101011001
11000111001
01000110001
01111110100
11000011101
01110100000
11010101101
00111010100
00101101001
01111011100
11011100101
01101111111
00110100000
11011001011
01110011010
01000101100
01011111001
01111010100
00100111101
10000010001
01010010110
10001110100
01100010000
01010001111
00011000100
10010101100
11001001111
11000111110
10100000000
11100101100
11111100011
10001100101
01001111010
11011100011
01100110111
11110110101
01111001000
01000010110
01101011010
00001000100
10011011001
11010010111
11110000001
11101011011
01010001100
10101001111
01110010011
01111110100
11000110001
01001000000
00101011011
01011110001
11001111101
11001100011
00001011100
01010011000
01000101010
10111111000
00011110010
11100011000
10101000110
00000010100
00111110100
11010000100
00000000100
01101110010
11011110011
01001010110
10000111001
01010111101
00001011010
10101011111
00000000111
01011010111
00000010000
01011100101
00000000000
10000111000
10110000101
00010010001
01110001001
00100111011
00101111001
10001101011
01111101110
10101101000
00101010110
10101100010
10111011101
01100110110
10111111000
10100010010
11111111101
00101010110
10011001101
10001011110
01011001010
11110100111
01101100111
00101010001
01111011100
01011100101
00011111001
01111001100
10011011000
11110100110
11111110110
00100111101
00010011110
11100110001
01010110100
00111001100
00000011010
00011100111
01001001101
10101011001
10010011101
11010010001
10101000111
10000010010
11000001110
10100001010
10001101010
01111011001
01000001111
00001111101
11000101111
01100000101
11110010011
00110100110
01010100111
11011000010
00000100010
11000000110
00110011110
10111010011
01001011001
01001010100
11010010010
10010100100
00010010010
10010000000
01011000101
10111001110
00101000111
10111101101
10001010101
00010011111
01110010100
00001100111
10000000000
00101001010
00011000110
01100111111
00001001000
11010100110
10111010000
00011101101
01100000100
10101100100
10100111101
00001111101
10000000011
10001001110
00001010100
00111011100
00111111101
01010011000
10000011111
11001100000
10001001110
