10110010010
01010100010
00000100111
00000000111
01001000000
00010011100
01110111010
01001010000
00010111100
11110010001
11111101010
10110100111
11000001101
11011000010
11101011101
00001111100
00011010101
01110010111
11001000011
10111001010
00010101010
11000000011
01000110011
01110000100
00011111101
00000010001
00100011110
10001111111
11000010001
01001110101
10010101111
11101100010
01110100010
01001101010
11000110111
00011110111
01101001001
10101101101
01101111100
00110101100
00000100100
01010001110
10010010101
11011010000
01111110001
00101010100
11000100111
10111100100
00010101000
00101001010
10111101000
11010010010
10101110110
10111100101
11000001000
11001111000
01011111100
11111111010
11101100000
11110100010
10001001101
11010010111
10011010000
10011101010
10100100101
01010001100
11000110011
01110000111
10011110110
01111010110
00001010101
11010110010
00110101010
10101111101
00110101001
00111000111
11111101011
01001010100
00111010000
10111010111
10110011111
10110001100
00111011010
00111101000
11100111110
11010010000
01101010101
11010010011
01000011011
01110100111
00000100010
10000101100
11111100000
11010111111
00101010001
10100011110
10111101110
10000000011
01110111101
01011111010
01011101010
11110111100
00110010000
01111110110
11000100011
11111010010
00100010001
01011110111
00010001100
10101110001
01010110110
10110110100
10101111011
11010001110
11000110011
10010000101
00011001000
00010111011
00011100100
00101010110
00001010111
11101101011
11110101010
00011111100
00010011111
10011010111
00111110011
10101000111
10000000001
01011011001
01100001110
01110100010
00001000011
01100011111
11000001110
11000110000
01101101101
01001110111
10011001001
01011000010
11100100100
00110010000
00000010101
00001100111
11001100010
11011111000
10011111001
10010001011
11111100010
11011110101
00101101100
01100000000
00110001011
00111101111
01100110111
10101010001
01100110001
10101111111
10001011110
10100101000
10111101101
11010111001
10111110110
11010001011
10001000001
01000101001
01001010000
11101011010
00000111101
00011101101
10110010000
11111100000
10011111010
00011101110
11111011110
11001101000
00110011100
00011000100
11110011100
01100110101
01111110101
00111100111
11011100001
01100001001
00000001101
01110111000
01011110110
00011110101
11001111111
00100101000
00101011000
11000000001
00110010000
10001100101
01001011110
01000001101
11010110001
11101001000
00010111110
10101100000
01000100111
00111011111
10000001011
10101111011
01110011011
11010110110
11001100000
10100001010
11100110100
11010000111
11101000100
01010010000
10100100010
01001111110
00101100001
10100000001
00011110011
01100100110
11000110110
10100101111
01110000001
11110011000
11101001100
10110101101
10011011011
10010011111
00110111011
10000101111
10000101100
10101100110
10011100101
11000000010
01110110001
01011101011
00111001110
01110011000
11011100011
10010010011
11010111100
00110110000
10000001101
11111111101
01011100011
00000111110
11111111110
00011101100
01111011001
11101111110
01111011110
10001101111
11011110111
11110011001
10111010110
10111111110
00000110011
10101111001
01001101000
00100010001
01110101011
11110110000
01110010100
11100011000
11010100010
10001111101
00100010010
00111101010
01111100110
11111111010
00100001101
00111110001
01111011001
00100001011
10100100000
01100110001
01001101101
11001011101
01011100110
10111100100
10100111100
01001110101
11010001100
00111001100
00011101110
10111000001
00111110111
10011000001
10010101010
10000010110
00101110111
11000010101
01011101011
11110110011
11111101110
01110101010
00000000100
01011000110
01101100110
10101101010
11000111010
11100011010
00101101100
01011110000
10010001001
01100101010
01001010001
01010011101
10101111000
01101010011
10010000000
11100000001
10111001011
00001001110
11110111101
00010000000
10011001100
00100101011
01100110000
01100001000
10100110011
00001000001
00110011010
01110000000
10111000011
01010000011
00011010110
11011101001
10010001100
11100000101
00110111001
10100101011
00001110111
10011110001
11000001101
10000110000
01111010110
11010001001
11011000011
11111100000
00100101101
00000100010
10100101010
00010101101
00100110010
10000111101
11100001111
01111101000
11110100111
01101111011
01011101110
00000110011
01111011001
00111100010
00010001100
10010010010
11110110110
10111101011
11001111101
10110111011
00010011000
11011010001
11100101011
10111110111
10100111000
01110111100
10001110000
01011101110
00010000110
10001011110
00100011001
01111100000
01101100110
00010001100
11001011011
11101111001
11001010000
10100100001
11001111111
01010111000
00100010011
01011011111
00010111001
10010010110
00010011100
11001010111
01000111001
10101101000
10101110010
11110110111
10100100101
01101011010
10110011100
00011010011
10100110110
10000100000
01101000100
00101010001
11010010111
11111111111
10011111110
00011000001
01000011101
00110010000
10010101000
10010100111
10111111000
11100110101
11101101111
10101010101
10111000100
00100010111
11000011000
01111100001
00110001111
01101010111
11100110110
11110110101
00000110101
11110011011
00011011000
00111100011
01100001100
00101011100
01100101111
10010011010
11010000001
11001110011
01101011100
10011000000
01001011100
10110101010
01011000101
00101101111
10110000010
11011011000
10011111011
00101101100
11000110101
00110001100
01000010011
11010111011
00011100000
01011000000
10001001011
11110001111
00010101100
11010111110
00101110101
01101000010
01100111100
11000100000
01000110110
10011001010
10100110001
01101011000
00000101111
01111010000
10110111011
11110010010
01001001001
00101111011
01111111101
01011111101
00100101011
01101010010
01101110000
11101110110
11000111100
11110110111
11100100011
00100000111
00010100111
00001100010
01100100010
10000101011
10110001100
00010110010
01001000001
10110001000
11111000001
01110010000
11011100111
01110000110
00110000111
01111000001
01000100001
00001100110
10011100101
00000111111
10111111011
10111101110
11010001111
01101100101
00100101010
10100101001
00011100000
11111001100
01011001101
01001000110
01101111011
01000111111
10001010111
11111011001
11000101001
11101010100
00101000101
11011100000
01011010111
11101001010
01000000000
00011100110
00110001111
11001000100
10010110110
01011010011
11100000100
11000101000
10110010000
01101101000
01111001000
10110111101
01001101011
01010110110
00111101010
11010101111
00000111010
11111011100
01011011010
01011001100
01111001001
01001011111
00010010110
01011111011
11111100111
11101100010
00001001011
01000101010
11001011101
01001011011
01001111100
10000101000
10111010110
01011110110
00101011100
00011100100
11010001101
10010011111
00010100100
01100111001
10101000100
10110000001
10001000100
10111001011
01110010101
11001011100
01110011010
00011100111
00111011101
10010101101
00101010110
11110010110
01011011100
11100101101
00001001111
00010000010
11011000001
10100100100
00111011001
11111101100
10010010001
01011001010
11000010100
11101000011
11010001101
00010111000
00111110111
00101100110
01100101000
11110111101
11010001011
11001101101
00001000111
00100010000
00010011101
11010101000
00010111010
11110011011
11111111110
01101001100
11010101101
11011110100
00101110100
11100101101
11110110011
10000000001
00010111110
00100110000
10000101111
11100011010
00111000110
00001001100
10010110001
00011100100
11011111011
11000111001
01111110110
11010100111
00000010110
01000011011
11011010011
11001001000
01111000011
10111111000
11011011001
00111110011
01110010011
00110111011
10000111100
01110100110
01010111100
01110111110
01001011010
11101111011
00111001011
10000100000
00111110110
00100111101
11110111111
11001100000
11010010010
01101011110
01110000010
11000001000
00001111000
10101010111
10101001011
00011110101
11100100110
00101011111
11110010111
10101100110
10111111011
11001000001
01101000110
01001011100
00110100111
01101100110
00111111111
11110001100
01111001010
11110111110
11110110111
00110000100
01100110010
01110001111
10010011011
01010101001
00111110111
01100010000
00101000101
10100111111
11000011010
11111110111
00001001110
01010101110
10010110000
01100111101
01100111010
00001110010
11011001001
01111110111
11001101110
11101011000
10001101001
10111111100
01101110100
10101100011
10011100010
10001001001
01010001100
01101110111
10101100100
10010100000
00101010011
11100100101
11001100010
10010111100
00101010110
01001011010
00110011010
11000111111
01001100101
01110001001
01111000101
10000110100
10100111000
00010111000
10010100001
00100101011
00011100111
10000000011
00010110110
11101000111
01111100001
10011001001
11111000101
01111111011
10111001101
11000111011
01110111111
10001101101
01011111111
01101101100
01011000110
00001101100
10110100101
11011111111
11011101010
11010101010
10010110111
10000111000
11100000101
00001010001
10100000001
11010111001
01100001010
01111110110
11101101101
10111100111
10101100110
10101001011
11001011000
00110101000
10010001011
01001110001
11100110011
10010101000
00111100001
11101110000
00000010101
10000011001
01100011000
10010100100
10100110100
10010010010
01001011010
11101110011
00110010101
00000010101
01111011000
11000101001
00101000101
00100010101
10000111101
00001101101
00001010101
01000001010
10010111011
01101111101
00001000101
10001110011
10100100000
01010101011
11000101011
10000110011
11011010111
10000111100
01111000101
10110111101
10110111111
10010000011
01011110010
10100000011
10001110100
11111011000
10011100011
11010010110
11110011101
10111101000
01001010010
00010011111
00101101110
11000110111
10010001100
11111010010
11110110100
11101000101
11000110011
11001101001
11111010110
10011100011
00100100100
00010010010
11010111010
10010001111
00011101001
00100100011
01111001010
01001000101
11011111000
10100000000
00110000000
11010000100
10111001011
10101110000
10111001110
01110101111
10100111000
11000000001
10000111010
11010010010
11100000110
01111000010
10010111100
00111111101
01011101010
11010000101
00100000111
11100101011
11101100011
00001100001
11011100001
00010111100
10111001001
00110010011
11111010000
11101011011
10000011101
00010001111
01110001010
00111101000
11110110110
10111101100
10011100010
10110111011
10111010111
10010001000
00000111101
11010100010
01010001101
01101001100
10110010000
01100001100
10010100001
10011111001
00111100010
00100100000
01100010000
11111111100
01100011011
00101000101
11100000101
01100100100
00011011011
11010011010
11111111010
00010100101
10110110000
10100001001
01010011100
10011000101
01110100011
11000110111
01000001010
01000001001
01000001010
01001110111
10101110001
10010111001
01011100010
01011111001
10011000010
11010110000
01000010000
01011000101
01101100110
11110100000
10110000001
00000111100
00100010101
10011101111
01001010101
11010111110
11011001111
11011001100
00101110000
01001111000
01111110110
01001101110
10100111111
00010100000
10001010111
11000110010
10011011010
11000101000
11010101111
01101001010
10100001000
10101011100
11101101010
10010000100
00011101110
00101101010
00110101011
11001111101
01011100100
10110010010
01101000010
11111100101
00101111111
10110110001
01001100000
11001010101
10010001100
11000101111
01100101010
10111001001
11100011011
01111111101
11110010110
11000101111
11000101000
01011000100
11001011111
00100110101
10100000110
10000110011
01110010101
10111110011
00111110110
11011100010
00010100111
10010011000
00010111110
01001011111
11000011100
10001101010
11000011011
01101000101
11001101111
00001001011
10101011000
11101100110
11000101011
00011100011
01111101011
11011111001
10001010001
10011101000
01010101011
10000010010
00001111010
10010000111
00001101000
11011000011
01000001001
11001010110
00100001000
01000111101
00010101100
10000100100
01111110110
00101101011
00111000010
11010111010
10011100011
01000111101
00000010111
10000101010
10010110011
01101010011
01110001110
10101111001
01111100111
01110010111
01101111010
00101011100
01101010110
01010110101
10100111010
00110111111
11100001011
11101100100
10111011110
11111011101
00101001000
01010000000
10011011101
11101101010
10011111001
01001000101
00001000101
00101110101
10101001001
01100001010
01111010010
01001110001
00110000100
01001101001
01111100000
01101101011
00001111101
01110001001
10101001011
10001001110
11001011000
00000010001
10101000110
10111111011
10111010000
11000011101
00001001010
11001100011
11000100101
00111111100
01011111000
10110011000
10100011111
10100010111
00100001011
01000111100
10011100010
01100010100
10000110011
10000000111
01111001011
10001111111
11010111001
00010000001
01010110010
11101110100
01001000111
11010111110
10101001011
10101001111
00110010101
01100110001
01000000111
11000110000
11100010001
01111110010
00101111110
11010010000
10010011111
10000000001
00110100100
10111110000
00101100000
11101110111
00101101001
01010001101
01110010001
01111000000
11100000001
10111111001
01011101010
10111000101
01100111110
11000101010
11111111010
01010100010
10100111010
00111010110
11100111010
01011011111
01000001111
00111100010
11000100111
01001001101
10011010110
11100000101
11100110111
00100000011
01011100001
01011110011
10000010110
00111010001
00011011001
01011011100
11000100001
10110110011
11011110111
10000001010
10100100000
00011100101
01111111101
01111000010
10100010011
00001000000
01010111111
11101101101
10001100110
00101111100
10100001111
01101101000
10101000000
10010111001
01100100111
10001101010
11000110000
10111011101
01000100010
11011010110
00100100000
11100100101
00001100101
00101100110
01110110011
11101010110
01111100010
11111100010
01010100111
00010100101
11111011010
10110100010
01100001001
00000101001
00000101100
01111000111
10110111010
10101111100
11101001011
01010010000
01011011110
01111011101
01111010111
10001000000
00000001100
10101101100
10101111000
11110110001
01101011000
00000111010
00010011100
00001110001
01000110110
10100111001
10111101110
00000110000
11000100110
01110110011
10100100010
00010001101
11001111100
11111011000
01100010000
10010000010
10001101110
00101100011
01110101101
00100001101
00010010100
11000011010
10001001110
01010000000
00011011101
01001010001
00101011101
00111011011
10001111101
00000001010
01011000100
11010011100
10100110011
10111111000
11001101000
00011010010
11101100001
01101101000
00000001110
10000101001
00110101100
10000111111
01111100100
10000101101
01100011100
10010010000
01001110100
10111111101
00100100101
00011111000
11001100110
11100111100
10001110010
11001101100
01011100010
01101110010
01010010010
10011000001
11101111010
00100101101
10001110110
11011010100
01010110011
11110001010
11001010111
11101000000
00100001001
10001011101
01100011011
10010100001
00010110001
11100011011
11001000001
01111100101
11100110001
11111110001
00001000001
00011010010
00010111100
10001011111
00100100001
00010000001
01101010010
00101000001
00110100000
01100011110
00011110110
11101011111
01101111010
00011000100
11100010011
10010010100
00100111011
00010000101
11000110000
10001101101
11110001011
00100100001
01100100100
01001110001
00001111001
00000101101
11000111101
11100101000
01100010111
01000001111
00011110100
10111001110
10101110001
00010101001
11011011110
11001101101
01001110110
01100010110
11010000111
01101010101
11010001101
10001011010
10000000110
11110000111
00011010110
11110110101
10000010001
01010001101
10101000010
10110010011
01101001000
11010010011
01101000010
10110010110
01100001100
11011111110
10101010101
00011010110
10001011011
01101011101
00101010010
01010111001
11101000010
01011101000
11011100101
01100100010
11100001011
01101110000
01000100001
10010010111
10111101000
10000111000
11000100011
01100010011
10010110011
10101101111
00110110001
01001011100
00101111111
01110000110
10100100000
10001001100
01011011000
11110010100
10010111111
00000010110
01001001111
10110111000
01110100000
00101100101
10001110101
11101001111
00111001010
11111001101
11110111010
11001100100
01010100001
10001100000
11010001101
11111010110
11110100100
10100110110
00011111100
10111000001
10011011000
10000111110
11111001100
11010111101
01101011000
11111001100
00110101001
11110001101
11101111110
10011000101
11101101011
10010110110
01111010111
00110000001
11001111000
11100100100
01010110000
01001110010
10001101110
00011001011
10010110100
11010110000
11010100110
11011111011
00011011110
01011100100
10011110011
01011010111
00011001100
01100110011
00101111110
00000101011
00011100111
00010011001
00111101111
01001111111
10011011101
11011000101
01100111011
11011100100
01100100000
00100111101
10000010000
11010011010
01100001010
11011100110
10000010101
11000011011
00100111010
00001010010
10010110110
10000101100
11100101110
00101110000
11100110101
01010010100
00100001101
00001100100
01011110000
11000100001
11101010010
11010100101
11000011010
01110101101
01101010000
00011110011
01110011101
10110101001
00001111001
10000111000
10001110000
11010100010
10111000100
11001101000
11011011011
01110101000
11011101100
01110011011
10111001001
10000011110
00011001010
01110101110
11010111100
10110110010
00110011100
01101101001
00100100110
11101101001
01001110011
10010010001
01010001111
10000101010
11000110010
00011000010
01001010011
11010111100
11001100001
01100001111
01011010001
11001001111
10011001101
01010011011
01111001010
00011001100
01010101111
01100101110
00010010110
00100001100
01000011101
00110001101
10101001101
11001110110
11111011001
11101001100
01010111010
10010010110
00111100111
10111101000
01100001101
10011011100
10000011011
11010010101
00101100110
00110010100
01000001100
11010111101
10101110011
10000001100
01101100100
10001100111
10100001000
10101100110
11100001001
01101000001
00101010111
01110111001
11010000110
00010011111
11010110010
11000001001
11101110100
11100100011
00100111110
01000110000
00111101001
00100100010
10011010001
11101010001
11010001110
00011100011
00110011111
01100000100
00000000001
00010010110
11110011110
00001000111
10110111001
11100000011
01001001010
10011001100
01000100100
10101111110
00000001101
01010101001
10000101101
11101101000
10001100000
11001001001
00111001011
00000100000
00101110000
00010000110
01010001001
11111101111
00101010111
00100001000
11101000001
10100111101
00010011010
01111010101
10111111011
01000101010
01001011111
01000010011
11101011100
11110110010
00001001100
10000101110
01001000001
00010101000
11101111110
00011111111
11010000000
10110111101
11110011100
10111100100
00110001111
10110101101
11110101011
11010011000
00100001110
10011011010
11001010100
00010010100
01011010100
11010001010
10010110010
11010001110
10101101101
11001100100
01101100100
10111000110
01101100000
01011100011
00110010101
00100000011
10000100010
10110110011
11010000000
00100001100
11100100101
10111010100
11111000001
00101111001
11111110111
00110000100
11010010011
10001101101
00111100010
10001001001
10110001000
11111001101
00100100101
11001001011
10110100101
01001000110
01010000111
00100111110
11111111101
11000101011
00000101000
00111111101
11101010101
01001101000
10000010101
01111000101
11100000101
00101110110
01001000011
11101111010
00001100010
11111101101
00001011011
01011110011
01100100100
11111100011
11101001110
01101111001
11101001010
11100000111
11001010100
11111011110
11110110101
00111011001
11100101110
00011000100
01001101000
10100110010
10100010110
01011000111
01000110011
00101001100
00101100101
01000010010
00111001100
11101101011
10100111010
01010111001
11010000110
00100110100
11101101000
01111100110
10001101011
10000010100
10100101111
00111001010
00011001100
11001110000
01011000001
00101010011
00100011000
10011100100
01010100110
00101001000
10111111011
10000111001
11001011011
01010100100
10100001110
01001111110
10100110010
00010001100
11010011011
10011111101
11100010110
00111011100
11000101010
00101111010
00111101101
11110000100
10110011010
00111100011
10101001001
10101010111
10110011001
01111110010
01001011100
01001001011
01000011101
10110000101
11110100011
00010101110
10001100100
10111111100
11111000001
10101100010
01100001110
10001000011
01100001000
00111101011
00011001111
11000110110
01111101001
00000110100
11010010010
11011000000
01100101011
01110101110
10100100010
11110111110
10101010100
00000111100
00001001000
00101000101
11010100111
00111010111
01100001101
00100100011
01110110101
11110011000
11110100011
11110010001
11001011001
10000011011
01011000110
10111111011
10110011110
01001101001
11101011000
10110101000
11101101000
00011010101
11111000010
10101101100
01011001101
11101000001
10010001011
00110110100
11010011001
01011111010
10010001000
11101010100
11101000110
01000010010
10100010110
00011010011
11110100001
11010110000
01100111100
11100000111
11100111110
01000110111
10110011000
01000010011
00111000101
10110110101
11101000011
11100000110
01110000010
10101101001
11010100101
10001111000
01001110111
01010001000
01000111011
11010100101
10010101010
11010110010
11001101100
00110100010
11000010111
11011011001
10110100001
01100111011
00101100000
11011100111
01101101111
10010100111
01111101001
00001010100
00001011110
10101011001
11011011000
00101010011
01011011000
01000001000
10010000010
00001001111
10011111100
00100111011
11101010001
10100011000
00000001100
01110100100
01101110001
11111000111
10000000001
01001001100
01011111100
11111100101
10110100101
01000011011
10101000000
11101000100
01011100111
10101011000
00010111101
01001101000
11100011110
00101110001
01111001000
11000001010
10110110111
00110011001
00110101000
11110110010
11010000001
11111001111
10101100101
10110010001
10100010000
00111000001
11001001011
11111111011
00001100001
00100101111
01011001110
00010101000
11010010011
11111111000
00110111011
11010111001
10000001010
01010110000
00011000101
10100000101
01100101010
00111011110
01110100110
10111111000
00010100010
01010101110
11111000111
01011110110
11000110101
10100000011
11110011011
10001001010
11111111101
01111011110
01101100010
01100010011
01001101100
10100001011
10101001001
01011010010
01101011111
10100000100
01011100111
00101101100
00110011100
01010111100
00101011000
00011011010
11011110000
10110011100
11001111110
11110111011
01001111100
11111011000
01010011011
01110101111
11001010011
01001001100
01111010111
00001010100
00100011011
10011001011
11001010101
10100111101
00001010111
00011011111
00100011110
10000010001
11000000110
00011110110
11001100100
00110001000
00101100110
10110100101
10110000000
10010110101
00100000001
01010001110
01110110100
00000010110
11011100000
11101011011
01001101001
01110110110
10101001111
00001110011
00101100010
01011101001
11001101100
11011101101
00000110101
11100000101
00101101001
01010001011
11000001010
10110110011
01101110100
10010001010
00000100110
01110111101
11101010000
01011010000
10110111010
10101101111
11011111100
00011101001
10001111100
10110001010
10010111011
00110010101
00010101000
11101011011
01010111111
10110010011
10010000011
10101011101
00010011100
01110000011
01100010000
10011010111
00001010101
01001011110
11100101010
10101111110
10101111111
00011010110
01010101010
10010000010
01110110010
10010101110
11111001111
11101110000
11010110001
10000100110
00001110010
00100110101
01111110110
00111001010
00000010101
11101001110
10101010010
01100001110
11110011001
11000101110
11011001011
01101100101
01001110011
01010001001
11001111111
10001110110
00101001111
00110100000
10011110110
10100000110
01101100000
00001000110
00010010100
00011011111
01010001110
11000100101
01110011011
01001110100
00110101011
11000000010
11100000110
10110101110
11100000010
10111001000
00101110111
10010101001
01010101010
00101101101
10110001110
10001011010
11110010111
01001101111
11101001000
01101100010
00000010111
11000001111
00011111011
01111010100
01011110011
10010100011
11011001111
01000100001
10000110000
10011110011
00001010101
11100101100
11000001111
00111110110
00111110001
11111010100
01111011101
01001100101
10101110010
10101011000
00011110111
10110110011
01011000110
10110101110
01001101011
01010010110
10001111000
00011110111
00110010101
11000001011
00111100101
01111100100
01111001000
10110001110
00001011011
10110000011
11101110110
00100001101
11101000010
11000110001
00010111011
10010000100
11011000011
11011101011
10000010010
00001100010
11010100001
10110001101
10001011010
00000110011
10101000000
10011110011
11011000011
00011001100
01110000010
10111100100
11110100100
00100000111
10001010011
00001100101
10111000101
00000111001
01111011010
01101110010
00101110001
00100101001
