11110110001
11101101100
10010010010
01010101000
10011011100
00001000001
00001000110
11100100101
11001011001
01111011110
00100100110
10110010110
10000111010
00010001010
11000111110
10000110101
00101100101
00001010101
00000101010
00101101001
11101110110
10001000101
00011101111
01110110101
10000110001
10110111101
00000010011
11010011010
00111011110
00111110111
01000111011
01100100100
11110011010
01100000110
10000100010
10110101000
10011000000
01010101000
10001111101
11001011100
01001001010
10101101011
10011101011
10110011101
10010100100
01011001010
11011011000
00110100111
00101111110
00101000100
00111100001
11110000111
10001001110
00010101000
10011100101
10000111110
11110101000
00111101101
11111001000
11011001011
00000100110
01001110100
10001001110
11101110010
00011111000
10001110000
01010101010
10000100001
00101110101
11110001111
11110000101
10100010100
10101010101
10011001101
01100001100
00100110000
10100001001
01100110011
01000100011
01001010000
10100001111
10000011100
10000110000
10110110110
01101010000
10011001011
00010101101
11011111110
00110011111
10110001110
10101111001
00110110101
10010000000
10111000000
00001100001
11100100101
11010110011
10111100100
00101101101
01111010010
11101001001
11101110000
01011010000
10100100000
00101000011
01010000000
10001111111
11110101111
11111101011
11100011100
11110101111
11100101111
00011011010
11101001001
11111101100
11000111111
01100111001
10110111001
11001110011
01011101110
11101101001
10010101011
10001111110
01101110000
00110001001
01111011011
01001011010
01001000000
00001001110
01000001111
11111010010
11000010111
10111100011
01001001111
00010010101
01110011001
01001010100
11100110101
00110010001
01100001000
01010110000
00001001110
11010100001
10011000101
01000001111
01000000001
10001101011
00100100010
00000100001
10000001011
10001000111
11100111110
10011010110
11101000101
00010110000
01110111011
00010011100
01001001001
00001000111
00101101110
11011011110
00000011110
00100111001
10111100110
00101101110
01011101010
00100001100
10100000111
10110100111
10010011101
10000111100
01000000101
11111000100
10001100000
01101011100
10000111110
01110000001
00011111001
10001101101
00000011111
01000111000
10110110110
11101011010
00110001011
10000001001
00010010111
01110110101
10101110001
10011000010
11101011011
10110111100
10111000101
10010100011
10101011011
11001110001
01000000000
00111010000
01100001000
01010110101
10111110100
11101101100
00001010111
00010000110
01001101011
01010101001
11011001100
01100011101
10010000011
10011000110
11010001101
10010010000
10111110101
10111000000
00100000100
00100111011
10100001101
00101111111
01110011101
01100111010
01011100000
00101100110
10000111110
10111110010
00111001001
00101101001
01000001111
11110110111
01111101100
11110001111
00000001110
11110101101
01100001100
01010000010
11011000000
11110100111
01110111011
01101110110
11001011111
01100111000
01010101100
00010010101
10111000100
11100111101
10011100100
10000110010
11110100001
00101110110
00000101000
01001111101
10100011010
10000110111
11101101011
00011010000
10110000101
01000010100
00000011111
10000110100
00101000100
10001001011
01000000001
00101111001
10101111011
00100011110
01001100000
11010101101
11111010010
00000001111
00010001001
01000000000
00011101010
01010001101
00111100001
01100100110
10111101100
00001011001
00001010000
01010001011
10111001010
00111010011
11101011111
00000010111
01100001100
11100001010
01001010100
10101010011
10100111001
01110001101
00100100001
11110001000
01110010110
00111110100
10011011111
11100100100
10011110010
10111011111
10001110100
00101011001
01000100001
00001101000
10001000111
00000010100
10000001001
00000010101
11101100011
01110011011
01001010001
11010111101
01100101010
10101001000
10011011010
11010011110
10010001111
01100100100
10011110001
01010010111
01001111111
00110111001
11110100011
11010001101
10110111000
11010010101
01111110000
00101111111
01100101001
00110111101
11101101100
10010000010
01100010111
00100010100
00101101000
01110101111
10101010111
10000011001
00000101110
01010111010
01001111111
01011111100
01000001101
11000100110
00101100000
10010101101
01100010110
00001010011
11110101101
01001001000
01001110111
01100100011
01101011010
01110101100
00000000110
10110001001
10110101010
10110010001
01101100111
10011011000
01101100010
10110100000
11100001000
11011010000
00110110110
11101010010
00001110000
01101011110
10111111011
00110110011
10011010111
11010010110
01111000011
10001101011
11001111000
11111001110
01101011100
11001101000
11100000001
00001100000
00000011010
01000111010
10101110011
11100010110
01000101010
10100010100
11010101001
00111100001
10110110111
01101011110
00110100010
01001110001
01110001100
11111001101
11101110001
11000100011
10010101101
01001000110
10001001001
00100001001
00110001001
11100000010
11000000010
00100100111
01111001101
11110111100
11100010101
00010000000
01111000111
00110000100
11000101101
11111111000
01000111011
11101010110
11111110001
10100010001
11010010110
11001101000
10010000100
00000101111
10101001101
01101000001
11010011001
01111101101
11110001011
00111000011
11011000001
01111110101
01000001000
11101011111
00111100111
01110000011
11111111000
11101011100
01011000011
11011000101
11000100100
11010001110
00000010100
01101100100
11100101111
10000101001
01111101100
00001000100
00110011011
10000010010
10101010100
10101100010
01001001011
11000000111
11101001100
00101101111
11010101000
01101111000
10000100100
00000011000
10010110100
01011010000
10011000000
00011110011
00000101011
10010011111
11100001110
10000100100
10110000000
01100111000
10111001001
00100110100
11111010000
10001111100
00011101010
11011111001
01001100000
01001000101
11011111100
01000001001
00000100011
00011001000
11110000100
10101011010
10101110101
01010000001
10101101111
01111000011
10111000110
10111001110
11001010001
01100001001
11101011001
10010111000
00111110011
10110100110
00011101101
10100110001
11000111111
01001000000
11001101010
10001111100
00111011010
01101100110
01111101000
01111000011
10010101011
10110011001
00000100001
01001111111
10001100000
11010000100
11001111011
11001000001
11110111001
10011111000
00111000011
00011001111
11110000110
01100101101
11110100100
00011100001
11001000111
00100000111
11000011011
10111001111
00000101110
10000000010
11111101000
00011001111
00010111100
10011010111
01111111010
10010010111
11001101110
01011001100
01110110111
11010010000
11000011011
00100010010
01110110001
01010010110
00110100110
10101011110
00110010110
01111000011
11101001101
10011011100
01010000010
00001110000
01000111110
01101101011
11100100100
11011110100
11011111000
00000010110
11101111110
10110010101
00000000011
01010001101
00000111010
10010111101
10101100011
00000100001
11100011001
10010100000
10111101011
00000000000
00010000000
01000100001
01101000110
00000011110
11101011111
10100110101
01000010000
11100010010
10001010100
10000111111
00110111010
11011011010
11101010100
10010111000
11101111011
01100100100
00011010010
11110111111
10111000110
01000001101
01010100010
01011111100
10000010100
11010000111
00101001001
01101100111
11101010100
01110011000
10101001101
10100111000
10000000010
10001010011
01001011010
10110001110
00000101011
11110000111
10000101100
11101010001
11100111101
11111001100
01010101111
00111101000
00001001000
11101100111
00011111011
00001110000
00101010110
10010001000
00011101100
10100000001
11100110000
01101101100
11111010001
01010100111
10100011111
00010101101
00010100101
10100000001
11011101110
01101110100
10111100010
01000000110
01110100000
01100100001
11010001110
00111100000
00010000111
10101100110
01011000010
00110001010
11010111001
01010010100
11000001101
01100100100
10100010010
10011111001
11010101001
10101101100
10000010010
10101001010
00101111001
00101111001
00011101010
11011100100
00101101100
11110011101
01100000000
00101110000
10011111000
01000011111
11011110100
00101110101
01000110011
10110010100
00111100101
00110010000
01101011010
11010000111
00101100010
11001111000
10110101010
00010110101
01101000101
01010000001
10011011110
10111100111
01011100110
10100010101
01000101101
11001100101
00001010010
10011101011
01111000111
01011001011
00100001000
11111110010
01010010001
10011011111
00111010001
00101001010
00111011010
11100110100
10010101111
00011110111
11101001011
10001100111
00101111001
01000101010
01011000010
00011111001
00101011000
11000010111
11010110000
11101011000
10011001100
00011001111
11101100101
11111011010
00101000011
11100011000
01010001101
11001100101
10000100000
00111101010
00011001001
11111001111
00100010011
10101001110
11001100100
01101000111
00010001010
10000101001
11010110000
11011001010
11000110001
00110110010
10111000100
01100100110
01111100010
01111001110
10001011000
11111101011
11010100010
11000001010
11011011110
11001110110
01101000000
01100001110
00110000001
11110100001
11101110111
11010111010
11101101111
11000000000
10100000100
00000010100
00000100110
10101110011
01010011011
11110011100
11111011001
11100111110
10001011001
10000110111
11000110000
10101101000
01100101000
01111101010
01011111000
00000110101
01000100100
10001101111
01100100111
10110000100
11100101001
00100110100
11110000100
11010011111
00001011110
00110010000
01110000100
10111001100
10100011010
11101001001
11100110011
11011110100
00111001110
11100100001
11010010000
01001101111
10101110101
01010100100
10100011111
10000010111
10011001010
11000001101
01110001100
00001001000
11000100100
01010111101
10001010000
01000101001
10101101001
01010111011
10000011000
00100111010
11010111110
00011010010
10110001011
00000010110
00001101100
01011110110
01101000111
10101100001
00011100000
10100100010
11001111010
11111101110
10100000001
00000101110
11100000100
11000001011
01110001111
00110010011
00011100001
01011101110
11100010011
10100000101
10110010000
11011100001
01110000110
01110101001
11110111100
10011000101
11101001111
10111110000
01110111000
01011000011
10001001010
01100110010
01110010000
01111110010
11010010010
10011010000
11111001101
11101000001
11010010111
10001001111
00110001100
01101001010
10110010101
11001001111
11011110111
00100101111
01100101010
01011110001
11101100011
10101100101
01011010100
01100011011
10101010111
00010111000
11110111001
11010011000
00011000110
00001100001
11011010100
00011111011
11111110001
11110110010
01100000000
01011000011
01001100000
00010110001
01101011111
01010101000
01011110001
10101100010
00011011100
11010101000
11101010011
01100010110
01101101001
00010011100
11011100101
10100111011
01111100101
01101010001
11111001000
01101110110
11000100101
01111100110
01100000011
10101000110
01010010101
11100000101
01111001100
10010100111
11101111010
01011110011
11100100000
10101101110
11100001001
01010100010
10111001111
00101100101
00010011100
10000100100
00111101110
10111011010
11011111111
00100010111
10111101110
11100001011
10000111111
01001110110
01111010101
11010100101
10101100000
01111100001
00101000101
10100000000
01111111000
01001100111
11001010001
00100100101
10011010100
10111001100
00010001101
01001111010
00111101110
10110110100
01110111101
01001111111
00100110000
00110101110
01110010110
11110100001
11100010000
01101001011
00000101111
10110101110
00011011001
10111001010
00010011111
11011011010
00101001010
10101001100
01101010111
11010110011
10100101101
10100110111
01010001011
11011001010
01010011010
11000001001
00111111101
00101110101
11110011101
11001110010
00001111100
01000010101
00111110101
11111000010
01101001100
01111100100
10101101011
00100101000
01111110000
00111101100
11011000010
11001101101
10110101111
11101000011
00101111111
01011111110
11000111001
10101100110
01000001000
11010011101
00001011110
10100001110
11001111100
10010011010
01101010000
11111101000
00010001000
00011101000
00101011001
00101100100
11101101011
00011101111
01011110110
11011000101
10110100001
01101010100
10111110011
01000101011
01100110110
11100010101
11111100110
01100011000
10010101000
00010001000
00101001111
11000100011
01010001010
00111100000
00100111111
11101110011
00000100110
00001110011
01010010101
00110100101
11110010010
01011111001
01011101101
10001000011
01000001010
01010110010
10010001101
11000010000
01001001000
11000010011
11110000101
00110010011
00110111111
01110110011
00011100101
00111111010
01010011000
11111110001
11110100101
00111111110
11101010010
11010011011
11011100011
00101011011
10011100000
01100010011
01011101100
00111110000
10101111000
01010101010
11010011110
11001010110
00110101000
10011101011
00110010100
11111000011
00110111111
10011100010
00111011011
00100001110
11001010001
00010100010
00001111110
11010111011
01110011101
00010001001
11011111000
11000010000
01001000010
10101001000
00111101010
01011110101
01001001001
11000111011
10100010001
00001110010
00100001011
11110000111
11010111101
01010010011
11001000100
11100100110
11000001110
01001000010
10101001110
00110011010
00000011011
01000101110
00011011000
00000010111
11011111101
10100111100
01111111001
11001000000
10000001100
01001100001
11110011110
11011110011
11000101001
10000000001
11010011100
00111011111
10100000101
10011010110
11100010001
10101110101
10011111010
00010101100
10001010110
01000101110
01011010000
01101111001
00010000000
00101000101
11110010110
01011011100
10011001001
01000101111
10100000110
00011101100
10011010011
11111000001
00001001110
11000100010
10000101001
00010011100
00111111001
10110111111
00101000000
01001001111
00010010000
00111111000
11111010101
01011001111
11100100110
11001101100
10011111101
01100111110
01110100011
01001101010
10111011101
00100010011
00001000110
10100111010
11100110000
00001110101
01100001100
01011100100
10101101111
11111110110
10000000011
01110011110
11100011000
11110110101
11000111011
11000101110
01001001101
00100010101
11100011110
10100100010
10011100110
10100111011
01001001000
11101100101
11111010010
01101010110
00000100100
10011100110
10001011010
00000101010
11001010100
10101000110
10011001110
01111001101
01110010101
10000000010
00010010110
10000001110
11011011010
00000101100
01000101100
01101110101
01101011101
01100011111
11110011101
01010101110
01101001110
00000111101
11011111101
00110110010
01001111001
00011101011
10011101111
11101100001
01111010100
10000001111
01100100100
01111010101
00010100000
01111010111
10101011111
01111110101
10110110100
10101111100
10101001010
10110101011
10011101100
10000010011
11100111111
10110001101
10100001000
10110100100
11010110010
01001111111
11011110111
00110010001
11110111110
11110110011
10001101000
11110010011
01111010101
10110101010
10101000011
10011101010
00101110110
11000000111
10010111000
10110101110
01001111111
00010100101
01111010110
00100010110
10011100111
01111011011
11101011011
11100110010
10110100000
10010010111
10001011001
10111010110
11001101001
00001010110
11101000101
10110101011
00001000000
11110011001
11101010011
00110010111
11011111001
00111100110
01100011001
01011000011
00010000000
10000111100
01010111010
01010100111
11010110000
00110011001
01101101101
00001010011
01111001010
11011001010
10110100100
11000101100
11011110101
11101110100
01010011111
00100011110
10011110001
01111100011
00100010101
11110101010
11010000001
11010011100
10010001000
11100111000
11111010110
01111011101
10111110001
11101000000
11000010110
10010001101
10001000100
01101111100
11001101011
10000000011
10110100101
01000010111
11111000101
00101011111
10001111101
01010100111
00011010011
10000101111
11000110000
11000110000
01111110011
11110111101
11010100011
10100111001
00110100111
10000100100
00101100111
00101000011
10010100100
00011011111
00111100110
00000000101
00001010011
01011111000
11010011101
00011010011
11101100010
11101110011
10101100110
01010000110
00000000101
10101010010
11100111001
10110111101
11010101001
01011011010
10110100000
11111111010
11001011000
01111010010
10101001110
10010100110
11001001001
11011000010
00111110100
01110101001
11001111111
11110101100
00100001000
00101001011
11101001000
00101000101
00010110000
10100011010
10101001110
00100010101
00000010110
10110111111
01010111110
00010010111
10110101100
01011110000
00000101000
10001000011
11011001110
00010010100
00011010110
11011010111
01100111101
11100010100
11100111110
00100011110
01010001000
01001100001
00001011110
01010001111
10001010010
10111101101
00110110110
10001100111
00110101001
11101100101
00010000111
10011010101
10010111110
00110011100
10001000000
00000101100
10010011000
11011011101
11110101010
00011000111
11100111011
00110001111
01111010111
10001110011
10000101111
00010111000
10110111001
10110101000
00010100111
00101100111
10000010001
00010110101
01001100101
00111100010
00101111100
00110111000
01000011100
01100010111
00011110000
01110000111
01111110000
11010101001
10011110010
00011011000
10111110000
00101010111
00111011110
10011100101
00000000100
00100110100
11110111100
01010011100
00111010111
11000100111
11001111101
11101010000
11001110101
10101011111
00011110111
10001010100
00110000110
11011101111
00110100011
10001001011
11000111010
01011110011
11000100010
01011010011
11111100100
11000000100
11001010011
11101101101
11100000101
11110001000
11000101101
11001010100
10001111110
00111010001
01011001010
01101000011
01000111000
10110010101
00011000001
10110000110
01110111000
00101011010
00001101110
00111011100
01011101110
10111011111
10001001100
11011001100
01001011100
01000110110
10000001110
11101011011
00101100011
11011010001
11101011011
00101000110
01101111110
00000011011
10101111001
01110010110
01001010111
10001111101
01111011101
00010001101
10101000110
01101010000
11001000010
11111000000
10101000011
01101110010
00000000001
01111010110
10011000101
01000001101
11110100001
10011111101
11110111100
11001011110
00000101000
00001101101
00010000010
11000110001
10011010110
11110011110
11000000011
00001111101
10001001010
11000011001
11100110001
01001000001
00101111100
10110111000
10000100110
10100010110
01001010101
11001011110
11011011010
00100100000
10011001010
11001011001
11000011101
00011100001
01100011001
00000010111
01110000011
11000110000
10010010100
11011011110
01000111000
00111001110
10101000001
00110100100
00100110011
11011110011
10000011000
00100001101
00000110101
00011100111
10001101111
00110100010
11110100100
11010100001
01101100001
10001101001
11011001110
00001111101
00111101001
01100110001
01000000110
00010001111
10011110001
00111001011
01110001111
11010100000
11101000011
11101110101
01111011010
11001010100
00000010100
01110011010
00011110101
10110111111
11110001101
00100001011
01101011100
01010100110
00010000011
10000111010
11010010111
01111000111
01000000011
00011110011
11101010110
01111001010
01111110000
00010100101
00101111110
00000110101
00001000111
11100011110
00000000001
01100110011
00000011101
10101001101
01100010111
10100000001
00100011011
10011010111
00011011101
11011100011
01010011111
00011101110
01110110001
01101000111
01001110010
10000110111
11111100111
01100001001
11010110001
00111100100
01101111011
11011111010
10110100011
10100110111
01001010110
01100101111
10100101010
11111110101
11011000001
10011011111
11101000110
11000010000
10000111011
00011110110
10011101011
00101011001
11110110010
01011101010
00111100011
10011000111
01101101010
10101111001
11101101100
01000010111
11101011001
11010111110
11110010000
01100010010
01101110100
01100000100
11010011111
10111001110
01101100100
10010101000
10010011001
01100110110
01110111100
01010100001
10101110010
10111111111
10100001001
01100001010
01111010111
11000011111
10101000110
01100000001
00110001101
00011011111
11101000011
10110001110
00100000110
00110110000
10001011111
10011101110
11000111100
01100100010
01000000001
11001111011
10101000011
11101010010
01011000001
00011101000
11111100011
00101110111
00001110101
10001101111
01110010100
00011111010
11110100110
10001111011
01111111001
11001101100
10110010110
11001111111
00101101111
00111111010
00010001110
10010011001
11110000001
01110000101
11011011010
00110101001
00101010101
11001001000
00101101100
10011100000
10101111000
10110111111
11010100001
10111000111
10101011001
11001001100
10110011001
00011111110
00000011101
10000100110
00011011111
11111110011
11001001000
10011110111
01110110101
01110110001
11111111100
10111000010
01111011111
11000101110
11001010010
00101001000
11011000000
11001000110
00000101011
00110101101
11110111011
00111111010
10000000000
11011111110
10100101010
11100011100
01011001010
10101110111
00110001010
11110101111
11001011010
10011000101
11110001110
10010100100
11001001100
11011010100
10110000001
00010100111
11111001100
01010110000
00111100011
00000010110
00011101111
01100110001
11111101101
00001010110
00100100110
11100011111
11100111010
00000001111
01000101110
11001000101
11111000001
01110110000
00101110000
00111010110
11101001001
10101100001
10011111011
01110111001
11011000000
01111001011
00001101100
10010100011
10111111000
01000110001
10110010001
00001000011
01001101100
10100010010
11010001000
10110100110
00110101101
00010011101
10100001011
11100100110
00001000101
00011111000
00110000101
11110110001
00111101010
10000011011
11110010010
01011011011
10000111011
11110001010
11011101110
11110110011
01110100000
01100001110
11000110011
01110110001
10100000110
10011101011
10011101101
00000100010
10000011111
01100110011
00110011101
11000000101
11111100000
01101000101
10001010100
11000110111
01101011111
01100110010
00110000010
10111100010
11001000010
01110100100
01000001010
11000101000
10001010000
10101000000
01010110001
00001001000
10011011110
01001101000
00001010111
00101011010
00111110111
00001111001
11000010111
01110111110
10111100000
10111101101
01000001111
00000001001
00101100011
11110101010
10100101110
00110110110
11001101110
00010111111
00010110110
10011010001
10011101110
00110100110
01100100001
10100100100
01100111001
10100000101
11111011100
10101011100
10000010001
00111000110
11110011000
01111001010
11100110101
01001000100
11000100101
10111101100
01100100100
10001100101
11011110010
01001100000
11011011001
11110101011
00011100010
01101110110
11101011010
11001100101
10000000100
11000111011
00011000001
11101000010
11101101100
01101111111
10111000000
01000011111
01111110111
10110010000
11100100100
01011101010
00100000111
01100011000
01010101001
11000010001
01011010100
11011000000
01010100001
10111111010
11010100100
01001100001
11101100100
00000101110
01001001011
00000100111
11011111110
10010010100
11100011010
01011110010
01110101011
01000000101
10111110110
00110000011
10001011001
11000011111
10100010111
11101000001
11110011000
10101000001
11001010111
00101110010
01010011111
00001010110
11001001100
11000100001
00011010010
11110010101
01111001110
10001001011
01110101001
00010011100
01010011101
00101010111
10001110001
11011011010
10100111110
01101101100
10001010011
01010111001
10101100111
11010000010
01111010000
00111100101
10101100101
11011101100
00011100001
00000100111
11101111101
01100100001
00110000100
11101011000
00111011100
10011100000
00000101100
00100010110
11011100101
00111110100
00110010100
01000111101
11011111110
10001011001
10001111001
00101101101
00010001111
10100111110
10101001011
00001100001
10000100101
01111110110
00101110100
00101100010
11111111100
00111011100
11111100010
10010100000
00101011110
01001111101
01011100000
11011010011
11000000100
10000011001
10101101001
00010101101
00101010010
10100110010
00010111011
00110000111
00000101001
00101101010
00101001110
00000111001
00000100101
00011010000
00001000011
10010010011
00011010000
10001101000
11111110010
01111100100
11111101111
11111101010
00101011100
11011011000
00100110000
01001110110
00111111100
11010000000
11000111011
00011011000
00010001010
01101000110
10101111001
10101011100
10010001101
10101110100
01000001110
10110000001
11011110110
10100100000
10111011101
11110101010
10011101111
01011110111
00110010100
10101101001
00111101100
10100001000
00110001100
10101110010
11010101011
01100000111
00000011010
10010011001
10110101010
11110101011
10101000010
10101100101
01010011001
10000110011
10001110000
11110010000
10111010000
10111111000
00001010001
01100011100
10010011111
11001111011
10000010110
10111110110
00101101010
01011011111
01100010010
00001000011
10001001010
10001101010
10010011011
11110010100
00000011101
01101100111
11110111001
11101111010
01101100001
01000001100
11101011101
10000011110
01000111011
11001111101
01110010100
00100101000
01101010101
