00010110111
00011101100
11010100000
10100101111
00011001011
00011011010
10100011110
01111101100
01111011000
00000011111
00011100000
01001011001
01111111011
11110110001
00110001001
11101010000
10000100011
11110101010
01011100011
11001010110
01000111011
11011100100
00101110101
01000000111
10101111001
01100010111
10110010011
01010010000
11010111111
11110110011
00001100000
00101100010
00101100000
11011011100
11001110101
10010110110
10011110011
00001111001
01001010000
11001110111
11100100000
10111101001
00011111110
00100010111
00111101101
11000010101
01101101101
00100011011
10111110100
10011111011
11001001000
00000100101
01111110011
10110000011
00111010101
00100111110
01111110110
00010111011
10101010011
00100101111
00010001001
00011010110
01110100000
01000110001
10011100010
00101100010
00110000100
00000101000
00111111111
10001101011
00010100100
11111010010
11010011010
11111010010
11011011101
11101010011
11110000100
00010110010
11001001100
11110010100
11011111110
10000001111
00000111110
10000110001
00011010111
10000110111
00110010010
01001000100
01001011100
01100110011
10101010000
10101010101
00000111111
11010101000
10010010100
11111000101
01110101101
01101010110
01010110010
10010011010
01111110110
00001110000
10101000110
00100110111
11000001100
10110000010
00110011011
11100011111
10000000011
01010111000
11101001111
10011011100
10101001110
11100110011
01111111100
11000110110
11110010110
11101111010
11000110000
10010101010
01111000000
00001100011
10000100011
01100111100
01110001111
00000000100
11011010010
10101100010
11000000110
10111100100
10100010010
10001111000
11101111011
00010001011
00001011111
01110010100
10010000000
01001101110
00000010110
11110110001
10100111101
11010010111
01001010011
10010101010
00000010000
01001111001
11000100110
10100101000
00010110101
10100011001
10011010011
10000110101
10101111110
01101001101
10011100001
01101001100
01000100011
11010111100
11010001100
01010000011
01010110101
00001010111
11111011110
10000100001
01000100110
00001110010
00100101010
00100111111
00011101100
01010011000
11011001000
00101111111
00011000101
11101100001
10110110001
10101110111
00001010111
11011110000
01010100100
10011010010
01100100100
00100100100
01110010000
00100011100
01111000011
11100001111
01110100111
10010101001
01110111100
01000110011
00001110001
00000100001
01001011100
01011111111
11101001100
10111011111
01000000001
00010000110
00010101110
11010111110
01111000100
10001001101
01100011100
00110000111
11001101100
11011000010
11101001011
11001000111
01101000101
11111111000
10011111010
00000101010
01010110001
00000100101
10101110010
10100011110
00100010110
10110011000
00110101001
10010010110
11000000010
10111000100
01101000101
00010010001
10010110111
00011101101
11000000101
10011011100
11001011100
00010100011
00100001001
10101000000
10100011101
10110000101
01111111100
01110011111
01000111101
10100011000
10110001011
11001001010
11110010011
10011000100
10100101011
00000001010
11000010011
00000010010
00100011111
00000001010
00001100100
10001110111
01011010101
00100100011
10100011010
10110001101
00010001010
01000011111
01010110111
11110110010
11100010100
10111001111
10010101011
10000111110
11001101000
00111011110
01010111010
10001111010
11001001000
11101110111
11001001111
10000110001
10010110100
10010110101
11111101010
01110001000
01111101010
11101011010
00001010111
11011011111
00110100111
11000111010
01101111110
00001000101
10101000001
11100011110
01001000010
01111001110
00001101100
01000011011
11110010101
01001000000
10111000011
11001101010
11110110000
01001101001
11111011010
00000000101
11000011101
11101000100
10101111100
01010101001
00111000101
10011010111
11001110000
01011010010
11010001101
10011001001
11100100001
00110101110
11111000110
11000010011
10100101001
01110011110
01010000110
10100011111
11110100111
10111010110
10100010110
00100101100
10000110000
10101000010
00110100101
00111111001
10111110000
11000100101
11000111001
01101100110
01010001111
11101000010
11011110000
11000000000
10010100100
10100010001
00001110000
10001101000
10010101110
10100011101
00010011111
10001101011
11010100011
01100101010
11000010110
10010111100
10001111111
01000011110
10110000010
00110101011
00100001000
10100010111
10110000111
01110000111
01101010000
10110010111
11001000011
01111110101
01100111001
00001000101
00001111100
10110111111
10001001111
01100010110
00000101001
01111001100
10001001111
00110110101
10000010100
11001011010
01001101010
10001100001
01110110010
00100101011
11011000111
00011101100
00011011101
01100000100
01001111011
00101101100
00000111000
00111000101
11010100110
01010000001
00111110000
01001101011
01101100110
11001011101
01100101101
01000101001
01111010110
11000110010
00011101101
00100100100
00011110100
01011110001
10110100001
11011110001
01010011011
00000000110
10001000010
11011110000
01000010110
11010011001
11101011011
01000010010
11011001100
00011110101
10100010111
10000110011
11001011011
00111100111
10000101101
10010000110
10000101110
10101111010
10011011101
10011011110
10001111011
01111001101
10010110101
00100001011
10001000000
01010111010
01010001101
10101100011
00110110001
10010100101
00000101010
01010010100
11001010001
01100111010
01101100110
10010001101
00110000100
01111000100
10101100100
00001011101
01010100011
10000100111
00100000100
11111010010
00111101110
11000110011
10000110001
10010110010
01100000001
01000011111
10010000100
10001110111
01101010101
11001011011
11101111110
01111001001
11100001110
10001011101
00111100011
11110010011
00101110100
01110110101
10001000110
01100001110
11100100011
00000011110
10100001000
11110001010
11110100001
01101101001
11101011100
10101110011
00010110101
01011000110
10111000010
10101001000
01010011010
11000011011
11100111110
10111000011
00000100111
01010010011
00100010010
01100110001
10000100001
00001100101
01000011111
01101101110
00110010111
10000110000
00001001100
00110011011
11000110011
11100010011
00001101110
10101000010
10110100001
00001011011
10001010100
10000100000
01100100110
00001100101
11011011111
11100110011
11100100110
10111000001
01011011111
01101100010
00111111011
11000110001
00100011000
00110011001
01000111100
00110101010
10100010101
01101000011
10011010100
00111110101
00001111100
00000000010
11001000000
00111001000
00110111110
11110011000
10111101010
11010100011
11000001011
11111111000
11111001011
11010110011
10010011010
00100100010
01100010011
11001110111
01010010100
01011010100
01101000010
10101111010
01111100010
00101000001
10011101011
11010000101
11000101111
01101110001
00110011111
01110010001
11010101010
00010000100
10110011111
11111010111
01000100011
01000000001
10110010011
00011110100
00101101000
10111011011
10011111111
00011010111
01001000011
00001101001
11010001000
11101101000
01111010100
00100001110
00011010001
00100100010
00100011010
10101111010
01100110101
01000100011
10000101001
11110101110
11000000001
10010001001
11100011010
01111101011
00011101010
10110110000
00110100110
10110001010
00011111010
00011111100
01101100110
01101010001
10010110011
01001100010
00010110011
01100101001
10110100000
10111011000
00000101010
00010000000
10101100010
01010110000
11011011100
11001001011
11010010010
10110000111
01111001110
00011011110
01110101001
01111010111
01010110001
00000001000
11010011100
11111111001
10100101011
01001110110
01111010001
00111101101
11001011001
01011000001
11100110111
01011100010
00010001101
10011001001
11011011110
01100011101
01110111010
00110100000
00110100001
01011010010
01010010001
11011001100
01110001100
00100001111
10000100010
01110100011
01011001100
00000001101
01111000110
10110001010
10010101111
11011000101
00001010101
00001011010
10110101101
10010011111
10010111110
00110100100
11100010100
01011010001
10010010001
00100000010
10001010111
11100101001
10000101000
00001010001
01000001111
10000011001
00011010000
01100010101
01111111111
00111000100
00011110111
11001110101
00111100001
00011100110
10101100010
00011011000
11111011101
01110001001
11010011111
01011100010
11010101100
11111111100
11010101110
11011000101
11100000101
10011000001
10111010100
11111001101
01110110000
01110000000
11001001110
01011110001
11001000011
10111110100
01111011110
01100110101
00000100110
01010100101
01100101010
10011000000
10110110001
10010100100
00010110100
00110011111
00100010011
00101011011
01111101011
10000111001
10000111010
00010111111
01100001010
00001101101
00110010101
11110010100
01110110001
00010101001
11100010111
00010000001
10111011010
11010010100
01100001000
00011100100
10001011001
01101001010
00001011010
10011011001
10111000111
10000010111
11101101100
00100100111
00000111110
10001101111
01011011011
01010000100
01110100110
00001111000
00100001101
00000101101
11000101111
10101100101
00000010010
11010010110
01001101001
11111101001
00000001000
10011110010
10111000001
11111111000
00001000111
01100111011
00010001110
01111011010
11000001010
00101011001
00101111100
11110011110
01110000010
10110010110
10010100000
11111100011
00000111101
00100011100
10010111001
10000001101
11111101010
01100000100
10000100010
10110001100
10000100111
00110001011
00101111100
11101101000
00100011001
11001111001
00000001000
11100111110
00000000001
11011011111
11011100110
01101000001
11110111110
01111001010
10100101110
10000101100
11000011000
11100100001
00101101100
11100100100
00111101110
11110110110
10111110000
11001001000
11000111101
10110101010
00110110110
00001001100
11110111010
10010011100
10010111010
11111111011
11110101000
11111000100
00111111001
10011101001
10000110000
01000011100
11011110101
10001010100
10001110100
10000110011
11110010100
11011010011
11010001111
10111011010
00011111111
10001110010
01100101011
10001001101
01000111001
11011001101
10010000010
11000100000
01100100100
10010111101
11010100010
01110110001
00111100110
10100101101
00001001011
11110010100
01111101100
01101011010
00101011100
01001110000
01101101101
01010010101
01101100011
01000110001
00111111101
00110101111
00110101011
01011010000
00111101111
10010101000
00001000001
00001110110
00101010000
11001100010
01011000000
00011011010
01010111000
10101001101
00000110100
00101011001
01101001110
00010101111
11010011100
01101100011
11000101100
00011111010
11001000010
11001110010
11110110111
11111011010
11001111100
10001000110
01111000001
10101011100
00001110001
01101101000
10110000010
10010100110
11100101101
11001100110
10101100010
01000011100
11011000101
01110100000
10001110001
10001110101
11001101111
10101010000
01100010100
01111111010
01110001100
00100101101
11101100110
00010011011
10000011010
10111100111
01001011100
01010001001
00010100000
10101101110
10110000110
00001001101
00000010011
10000011101
01101000010
11100111001
10111100110
00001000100
11100011011
01111010100
11000100001
00011101011
00110011101
11001100010
00111001010
10101001001
00001011101
10101001000
01011111000
00010100000
01011101010
01011000010
11100000001
11000101000
00100111101
11011111110
11100010000
11000101000
11011100010
01001100100
01111101111
00101111110
10100110001
11001000110
01101100100
10001011100
00011111001
01001011110
00101100001
00101100100
11100000011
01111100010
10101110111
10110101111
11100110011
11101000011
10101000010
10101000011
11101100001
01011101111
01011110100
11110011011
11101010111
11011000011
10111101100
10101001000
11100110100
01100011111
00111101001
00000111011
11010011101
10111010111
11010101101
00010110110
10101101010
11100001110
10000010001
01011101110
01100001101
11011111111
00110010111
10000001011
10011110110
11011011011
10111000100
01111111001
11001001100
11101001000
10110100110
01001100111
01110001100
11011110110
10100011110
10110000001
01001110110
11000000001
00001001001
01011110011
11110100101
01111101101
01111111001
10001000001
00110000001
10010101101
10001101100
01001001000
10100000110
01111010111
01101110010
11110101010
01101001101
00001101010
00011110100
01100000110
10100100110
01010110000
01011010000
00000000011
10001101110
10000011010
00010100111
11110111011
11101111111
01001001001
00001111000
00100111110
11011100010
10001101101
11111100010
01011101101
11011000011
01011011010
01110101011
01100110000
01001110000
00011100011
00000101000
10011110110
00100000101
00101111110
10100110110
10010101010
01001101110
11011000000
10011100100
01100001110
00111100011
00111110001
01111001000
10101011011
10101111101
01100010110
01010100011
10101010110
11101111010
00110100010
11011001100
00000101101
10010101010
00000110101
10100100111
01010100101
10001001110
01111110101
00010111101
11001010000
11001101000
11111111001
10011000101
10110100000
11001000101
01111011110
00110101011
10000011100
11110001011
00110100100
01001000111
00011111100
10000000001
00101100000
10000101100
10010000000
10010001110
00010000010
00011001110
11101100101
00010011000
11101111110
00001101110
11101101100
11000011000
00111111001
01011111010
11001000000
11101101111
00000010100
11101101010
00100011111
00000000011
10101000000
10101100011
00111100010
00100111110
11011000101
11010010001
10010110001
01100110010
01001000100
01011000101
11001010110
11000110010
01011110110
00011100000
00001010011
11011100101
00011100111
00101011001
01000100010
10111111010
11101011100
01101010101
00000001011
10000000010
01000001000
11000101101
11000111100
10001001000
11000110110
00111001011
10011101100
10010100101
00100100110
11100110010
10001010000
00100000011
00001100101
11111110001
00111100100
11010100011
01001000111
11010100000
11010100101
01111110111
00000111101
11111101011
01010111101
10101101111
10001101000
01010001110
01111111000
01000010000
10010101011
01010010000
10011010111
11001001010
11011010001
00000111111
00001011101
00011011010
01000110011
10111010101
00001100000
00011101110
00010011010
00111100110
10111111110
00011101100
11110101000
00010010010
11000111010
11100010010
10010101111
01111101111
11100101100
00010110110
01001100000
11111101011
01000111101
11010110010
01111001010
11001001100
11111000001
01000101110
10010011010
00010100001
10110110111
00000100011
10010101000
00101011100
11010110111
01100000010
10000101010
11001101010
01000011001
01001101110
10110101001
10111000101
01111111100
00100100111
00001001100
11100100111
01001001100
11111110111
01000110011
01001110100
11101001110
00000001111
10100110100
01001010001
00111000010
10011000001
10010100010
01110101011
01010101100
00001010000
01101000001
11110010101
01101001010
00110000111
11111000000
01010111000
11010010100
10111110010
00100111110
10111000011
11011101001
00001110111
00101010001
01010000100
10101011010
10000110101
00011110000
11111111100
10111100000
11001111110
11010101111
11000101001
11010110101
10101000011
11111110001
10101111010
01000000011
00100000001
01101101001
01001111100
00011100101
11011110101
11110101100
00101011011
10010110000
01101011010
00100011111
00100101111
11011010011
11111100111
00000110000
11110100110
10011110000
11111000001
11100001111
10010001000
01111000011
01000111000
00010111110
01001100001
01110100100
01100101111
00000110101
10110110111
01000101001
10001001110
01101101000
01111011101
11011010100
01100100000
01110101001
10100001011
11101000110
11010010011
00000100010
11110110001
00101000111
11011111100
10011010001
11110110000
11100110100
01011010111
01000011101
00010011111
00101100110
11110100100
01010111101
10000000011
10011010110
11000100010
11110001100
11111100110
00001100100
10001010000
10011101100
01110011010
11011100000
11010110000
10101110111
10101101110
11000110111
11101000110
11101011011
00000010011
01101100011
11100110010
00000101101
11001111011
11100110011
11110110011
00111100101
00000011000
10011110100
01011111010
00111011110
00011100111
01100001111
00110011011
01000111110
10001111010
01100010110
10001101101
00111001100
01000010100
10011010101
01101110000
10010010110
10011011100
10101000110
00111111000
01100110001
10100111111
10010001111
01011001101
01100001111
10010111011
00110010110
10111011001
00100100111
10110111110
01101100000
11101111010
10100010010
01010011100
00011001100
01011100001
10001100001
00011001010
00010110101
10001101000
10011111001
10001011110
10001000111
01110011101
10011111001
00110000100
01110010001
11001000110
11010111100
10111011110
10001000110
10111010010
10101101100
11101010011
11110000100
01001001011
00011000101
01000011001
01111110000
00001100100
11101001101
01000000111
00011111001
01111100001
01100011101
01100100011
11011010111
11111010011
00111000101
01010010100
10010101110
00000010001
11110000001
01010111101
10100101010
11111101011
00001010100
11000111001
00011001010
10100101110
01111100010
10001100110
10001100111
11010011111
11111110001
10100001000
11011110001
10110101110
11110111011
11001101011
00000011010
10010110001
01101110011
01100010011
00011001000
11000111100
10000110100
11111110000
10100011110
11111101001
11010101010
00110000110
00111011111
11101101001
11110110110
00010101010
01100101110
11010111000
11000111000
01100000111
11010110100
01011011111
11000000011
01011100000
10000101101
00110111100
01101100010
10110010010
11100000110
11110010011
01010000111
00000100011
10010001010
10110110100
01101010001
10010010010
11001100110
01000000110
01001000110
01100010100
10101111010
11101101100
00011100011
11111111000
00101000001
11101001010
11000111011
01100110110
00101100000
01101100110
00011110110
01000001001
01111010010
01110100101
00001101011
10010111100
01001001110
01100111010
00001000011
10010101110
10001000110
11110011010
00110000000
11111111101
01011110000
01000010000
00110110000
01110110111
10110001110
10000100000
01100110111
01001100010
00001111110
01111010011
00010000001
00010001001
01000011011
01010011100
11011110100
01001100001
00011111010
00110000011
10110001101
10011111010
11011001100
00110000111
01110111001
01011100001
01001000111
10000110110
11101111000
01000111010
01000001000
10011101011
11010010010
11001100010
10111100100
01010011010
11001111101
00110111010
00111010000
01100000011
10000111111
10100110011
00000001100
11101101000
00111011100
00010111110
10000101101
01011101011
00000110101
11100100001
11111100010
11110001000
10101000101
01100010011
11100110010
00010101100
11000010000
10110000110
11111111010
01010000011
10100111011
10101010010
01100000011
01001010101
01011110100
10100111011
00111001011
01100110010
00100011000
11000011101
11000011100
11100010101
10001001011
10101001101
10110001111
10111110000
11010110010
00010011011
01001001010
10000110101
10011011110
10001001011
10011111101
10100110010
01000001010
01011001111
01010101110
00100000011
11100110101
10010000101
11101101001
00111000001
10110010001
01001111110
00010111111
00100010111
10001100111
00001001110
10100111100
01111111011
10111100100
00000100011
01110000001
01101011001
10011001001
10101100100
01001101000
11000100110
11010011110
00100100111
10100111111
00111010100
01011001100
01100100111
10100100110
10101011010
11011000001
01010011000
01101101010
00111001110
11011000101
11111110101
11100100100
01110000011
10000101010
11110011001
00111000010
11000100001
10110111001
01011101000
11111000101
11010100100
11100110111
10101011000
00110001100
00011001001
11000001110
11110100101
01000100101
01101111010
11111001100
00100100111
10001010010
10001000111
00100011101
00011111001
11000101110
10011010110
10011100000
00101001001
00000111010
01100101100
01101100101
00011111110
00000011010
11111110001
01000001011
10010000000
10101011111
01011100100
01011001001
00001010010
01111010101
10101111010
01111111111
10111110000
11000101010
10011011110
01000101010
01101010001
01110111000
00101010111
10111100111
01000101010
11001001101
00101100111
10010010101
01010111111
00111101101
00010111101
11010100001
10110101011
00010011111
01110101100
10100001011
10100100011
10110101110
01001100110
10000011011
10000101110
11001110101
00011101010
01100000100
00110000101
01011101101
00110100110
11000101011
01100011100
11000100001
11110011000
00101111111
00011111111
00000111100
01100100101
01111111110
11100100000
11001111111
01101111100
11010001101
11110101000
10001010110
00100111100
00111001011
11010111010
10100100101
11111100111
10111100110
01000110011
11101101001
10011001000
11100111111
11011100111
00111001110
00011101111
10111011111
01010100000
00101110001
00110101110
10100101101
10010010011
11010111000
01100101010
01100000111
11111001010
10000101100
01100101110
11101001000
01111101101
01111000100
10101110010
10111100001
10011000111
00100001011
10010010101
01011101001
11000101111
10011001000
01001011010
01001110001
00111010000
10111011101
01001000000
10010100000
11011101011
11001011011
10101101101
11010000001
01011110111
01111100011
11010011111
01011011101
00000101110
01001101011
01110111101
10100111101
10001110010
00100101111
00001010101
01110101110
00000100100
00010100110
11110001110
11111010010
11111000010
01010010010
11011101101
11000011100
01111110100
00100010000
10101011110
00011001101
10111000101
10000001000
01111101010
00100001010
01110110110
00010001100
00101100001
00011110101
00100110000
00111100101
01010100110
11100110110
00110000010
01011100010
00111011111
01011001101
10000010000
00001000000
00011000010
01100001011
01011010101
00101100110
00110001111
11110010000
01010001010
11011101001
10000011001
11110000110
00010101001
10001110010
11110011100
01011111100
00111111110
10101111111
01011110100
11111100101
01010011010
00100011001
00111010101
00100111010
01110101000
11100110001
10100010011
10010000100
10000100101
00011100001
00100100010
00110100010
01011100000
01011111001
01110100101
11100011010
00110001010
00100110100
00111110000
10010000001
10011011010
01100000010
00100010100
01010010001
10011010011
00010101110
00000010100
10000100110
11000010001
11100111100
00111101110
10100101001
00001001100
00010111101
11010100110
10110000000
00110111110
10011111101
01111001011
00000011011
01000000101
01011111101
10010100000
01010000101
10000111111
10011011000
00001000000
10000111111
11111110000
11001011011
10011101110
01011000000
11001000010
01101111011
01011010000
11100000010
11110110000
11000111110
01011010001
00010010110
11001011011
00110110010
10111100111
00101010111
01011110101
10110110100
00111110110
01100100100
00011011111
10100010010
10010110010
00111010011
10010110001
11111101111
10110010101
00110100010
00100010011
01001010111
00011100010
10100010000
01101111110
11110000101
00000010011
11101100001
11000001011
11111111101
10110110100
11010101000
01110010010
01101100001
01100011001
10100110101
00000000110
11000011111
01010111001
00001111111
10111110010
11011010001
00100100111
11001101101
00111010001
00010110100
10111100101
11100001100
10111111101
11011000101
01000001000
00101100110
11000011100
01010001101
11010001011
00100111000
10001011010
00101101011
11001010010
10111010111
01001101110
00100101011
10110101001
00000100000
01010100011
11010001111
01100000000
00000101001
11000111011
11001110101
10001001001
01111111111
10010010000
10111111000
01110001001
01010100101
00011110000
00111110111
10010101000
01011101001
00001110101
00101100000
10111010110
01111101100
11101111010
11001100011
11001110010
11000011011
01100101101
10110011010
10111011001
10011110100
11111010100
11011000001
00010101001
11101010110
11101101000
11101011011
10001001000
00101101101
10110101011
00111010110
01011001110
00000000000
10100000100
11011101010
01101111001
01111011111
01101101000
11111011010
11100000100
00111011001
10001111111
11111011110
01000101100
10000110000
00101100101
11110101011
10010101001
11110000000
00111111010
10100010010
11111010010
11111001110
00010100110
01101010101
01101010100
00011111100
11001101000
11001101000
11011010001
11111111000
10111101100
01010111101
10110101001
01010110000
00100001100
11101100001
10100100101
00101000010
11000111001
11011110010
10000101010
01111100001
01000000101
00111001010
11101111101
01000101111
10110010100
10011101101
01010000001
01000010110
01110010101
01100011001
10101101110
01100110101
11010111110
01010001100
00010011011
10101011011
10101011011
00000010111
01001010101
01111001001
01001100110
01001001001
10000010001
01011101010
00111100000
11011010110
10101010000
10011101111
11111101000
01111100001
01101011100
01101000101
11100011011
01000001111
11001010010
01001110110
10011011101
10110011101
10110101101
10000100100
11000011000
00111111011
11110000010
00001000100
01001111000
11101000111
10110010001
01010110010
10010010111
10010000100
10100011110
01111010110
11100111000
00011000011
