11011001101
11101010110
11001011100
00110100010
10110011110
10110110101
11011010000
00001111110
00111100001
01111010110
01001010101
11100001000
01111000001
10000001100
11111001011
11111011110
10100010010
01010100110
11000101111
11011001001
00101101011
10011010100
11110101111
10101111100
10101110001
00011100000
01110111001
00100100000
01110010010
00000110101
10001101101
11100000110
00100110000
10001100010
01110000101
10111111001
00110100000
01100111111
10000111111
10001100111
10111000001
00101011011
00100100100
01110011111
00110000001
11011000000
11111001110
11011101010
00000000101
10001101110
10010111011
01111111111
00111100000
01001000000
11110001000
11010101010
01000001111
10000100110
01001111101
00110011011
00000101001
10000001101
10100110100
11000010011
11101100110
11110000100
10110011010
01101100101
10110100010
10110101011
00011111000
11101110110
11100100110
00000111110
11010011000
11001010011
01101011111
11010111101
01011011011
00011010101
01001011101
01110101001
00111011001
11110100111
01000011101
10101100100
10101001000
01011111110
00110101010
10000110011
01000100101
00110111011
00011101010
00100111111
01010111001
10101010011
01010001011
01011011110
11110001100
10011000111
10011110101
10111010000
11101011000
00110111110
10101100001
10000000100
00110001010
00111001101
11010011110
01000110010
00110010110
10010100100
00110010101
01010001110
11011011111
00100100110
00110110100
11010101011
10101101010
10011101001
11100001001
10011010011
10000100101
10000100111
10011000001
01111011001
11011101111
10111000001
00100101001
00000110100
00100010011
10110011110
00100001100
01000010100
11010101101
01011111110
10001110101
00011111011
00100000111
01111101101
10000110111
11100110011
10011100000
01111110001
00111011011
11110001101
11101101110
01011111001
00000010111
10100101101
10011111010
01100110001
11010001000
01110000110
11100010011
01110101000
11110110111
11001111000
11001100001
10001111111
10111101111
00011000001
01001111111
10110100100
10000101111
11011111111
01000010011
01010011100
11001111110
01111110100
11101000100
00000001010
01001010100
01110110111
00000100100
11110101000
01000010111
10011101100
00001101011
01100101010
11111111110
00110110010
10101001110
11011011010
00000011000
11111011001
00111000010
00000101101
01000011010
10010101110
10110100000
11111011111
00011010011
00010001010
11001001011
01001000011
00110011111
01110001000
11111110110
10100100011
01101001011
00101001001
01110101001
10010001000
01000100001
00110001111
00101001100
00000110110
10011110000
11010100100
10010110001
00101000101
11100011000
10010000010
01000001010
11101101000
01011110000
10010001111
10111011001
11010110111
11111000100
10011011001
00000101001
10010110011
00011100101
00000111001
10011011001
10001001001
01100011111
01010100100
11000110011
00111111110
01000000011
11100100101
00001011001
10011001110
11100110111
10001100011
00110111101
11011111110
00011010111
10000111100
11110100100
11100000101
01100100101
00101110001
10010000110
00110111001
10010000010
11010000010
11101010000
10000101111
10011101100
10001011111
10111110110
01101100100
10011100100
01100111001
11101010101
10111000101
10110110001
10001001111
00101000010
11110101101
10111000100
11011110100
00110010111
10011001010
01100111001
10001100100
10011110100
01011001111
10100010010
01110110110
00110101111
00111001100
00001011110
11111111101
01101110010
00001010100
10100111010
11001010110
01010011010
01000110010
00000101010
00101110111
11100010110
01110111111
10111001100
01011100111
11010011110
11011111010
10101100001
11010110110
01101001000
00001000011
10111110101
01011111011
10111101100
11001010010
11001111000
11110011001
00001100001
00000110010
00100000011
11100011001
10100001100
00011110010
11010101101
00000111101
01001101100
00110101101
10111000101
01101111100
01011010110
11110111101
11100000000
00111111010
00110011110
00100101100
10100110000
10100111110
10101110010
11000010100
11101100100
10010101101
01111111110
10111111101
00000100001
10111100101
11010011010
11111110110
00001100011
00001001101
01100010011
11110010101
11010101010
10000110100
10111010111
00110101000
10110111101
11100110101
00100100110
01011101001
11001111101
01010111011
01111100010
10001001100
00001011010
01101111011
10111110110
11010111110
00011010011
01001100000
10101000111
00001110101
11010100011
00110000011
01000001001
10101001100
10101010100
00000100111
11100100101
10011111110
10101110001
10001111100
01011010111
11011011111
11010011100
11100110001
10000100011
10011001111
11111101110
01011010011
01101010000
11011000100
10001111010
00100010001
00010111100
00110100111
11011100000
10000101010
11101000110
01011100100
01101110000
11101010110
01110100101
01101010111
10001111001
01010110101
10101011011
11101100111
00101100001
01101001010
01100000100
00101001100
10011100010
00011010001
00111010101
00001110111
11110001000
11010011010
00100101010
10001110111
01011011000
00001000101
10000001110
10001100100
11100010101
10010001001
11010001011
11011000011
00001001000
10001010101
00111101011
00001000000
11000010111
00101100110
01110010000
10010111100
00111001100
00010011100
10110010011
10000100101
01001100010
10010001010
00110101110
01000011100
01001001001
00011110111
01100111100
11101000111
00011101100
10000110111
00111100001
10110011110
10000111001
11101110110
11101010000
10010010111
00011110111
01110001100
00000011011
10111001111
11101100101
01001001111
10010110001
10000100010
00111001100
11111010000
00010000110
11111001100
11111011010
01101101101
11011101000
11101000011
10110011101
10100011010
00011110101
00111110110
10010000110
10011011000
11011100001
11101010110
11110111101
01100011111
01000000000
10100010110
10011100001
00110000111
01000001111
11100011011
10010010001
10000110101
00001111101
00001111000
11111101010
01101100010
11001111011
11011110100
10000011001
00111101010
00110110001
10110011001
10001001011
10110001111
10011100100
00110011100
11101101001
11101000100
11001000110
00010110001
00111000010
01001101011
01001010101
00110111110
01111101011
01001110110
11010110001
00001000110
11001001101
01101111111
10000111001
01010011100
00010101111
11100111110
10100101101
00101001011
00101101001
00110011110
10011000110
10011001001
01101100110
00010100110
00100100011
11110010100
00011100110
00111100000
10011000011
00100101100
10000001010
00010001100
11000110111
01110100101
00011010110
00001100111
01011000111
00100101001
11011111100
00110010000
01011000011
11011100110
10010001011
00110100000
01010000110
01000100111
10001011011
00011000111
00010001000
00001110001
00100100001
11011111110
11001000011
00010110000
01001000001
00100001001
01101111111
01001010011
01110100111
01101110100
10110101110
11110001010
01100010101
11110100010
10111110010
10101011101
11100110100
01110101100
11000100011
00110011000
11100010111
10000001100
00001101001
11001010111
11111100011
00000110011
11111010010
00101010011
00010001101
01110101001
10111110010
10001101110
01111011000
11001111110
11000101011
11010111011
00100101110
11001000110
01001001101
11010111101
10101111110
01111011000
11000000101
11100110000
01001100100
11000101111
01111011100
01111101000
11101000100
00101010011
00110001010
01010101011
11100010111
01100100101
00010001001
01001001010
00001111110
11010111110
01110010010
10100011011
10011011000
11011000001
11001010111
11100000011
01000011011
01101100101
01101111110
01001011110
00001011111
11111000110
01111000111
01011100111
00100111000
01010110001
11100001101
01100100110
11101100101
00010100111
10111110011
00000110100
10111000010
11110100110
01111000100
10010011100
11100100000
10101110101
01110011100
11010000011
01101010101
01010000000
01010000010
01101010110
01001111010
11110011111
11100001010
01100110000
11111011111
11101100011
00010100001
01101011101
01110000101
10001101001
01001111000
01101101111
11110010101
10001110011
00011110001
00000010010
01001111011
00100100000
00010010011
01001001011
11100110110
10010101110
10011010100
00101110110
01101001001
00100000000
10001101111
01000100010
00010010101
11100100010
00011100101
10011101000
00000111100
11000111110
01011011000
01011011110
10000010101
11110110011
11110010111
10101110001
01100101011
10111000000
11101111110
01100001111
10110110011
00101011101
10101011001
01101110111
10001111010
00011001001
01010101110
11010110011
01011100110
00001101010
11101011001
00000001110
11011100011
00100010010
01011011001
00001111001
11011110010
11101111101
01100010001
10111000110
01110110001
01011111101
10110010010
10001011110
11010000000
00110111011
01010100111
11011010000
10000100010
11101111101
10011001110
01110111001
01100110010
00111111011
00000101001
11101010001
10110001001
00101111000
01110001010
11101111001
10101100110
11100011010
10001000010
01110100100
00000110111
01001101100
01110001001
10010010010
11011000010
01010110010
00001011010
10100010101
01110100000
11100000000
10100101100
00101101101
00000001100
00110010111
01100000100
00010011100
11001101011
11010001111
01000110010
01110111110
11110100001
11001010011
11001001011
11100110100
00110010001
10000110110
00110010111
11010010110
10101100001
11100010101
11100100000
01001101010
00011001000
11011101111
10010010111
00110101100
01100011110
10100001101
01011100100
00010110100
11001100100
00000011011
10101110010
11000000110
01010000101
00100011111
01001100100
10110000110
01110000101
10110010111
11110010101
00010011000
11110010010
00110111111
00110101001
10000011010
11000100101
11001001110
11110000110
00100101010
00001101010
00001101101
00100001110
01101110011
11111100000
00011010001
00110111010
00111100100
11010011110
11011010011
11111110001
10010110010
00000111001
11000101000
10011001100
11011101100
10001001011
01010100111
00000111001
01011000000
11100010111
01001000101
10010010001
01001000110
00000110110
00110101000
11011000000
10110110001
01011000010
11110111101
11001101111
01011011001
10001111000
00100111100
00100000011
10011101001
10011001101
00011010110
01100110001
11100110010
01101001011
11100101000
11101010000
01110110101
11100100010
01010110110
11101001001
01111101100
10011000001
01101111100
11111000111
10010110100
11010001101
10000001101
11110001111
11010101101
11000010101
10111110100
00000100011
01001110010
10111101110
01011011010
10110110111
11101001100
11000001101
11011100000
11001110000
00111100101
10011011100
01100111000
00111100100
10110010101
00010101101
01011010110
01001000101
11011101111
01110000110
00100001111
00010010111
11110110100
00001000000
11110110010
11110010000
00111111001
11101010000
00000110110
11011111000
10101000010
00101011100
11100001110
11110101111
10101100011
01000000111
11010111100
10111010000
00100110010
00010001000
10011001110
01110110111
11100001011
00010010111
10100000011
01001101011
10110011001
01101100010
10001000001
10010100111
11001101011
10000001011
00000100010
00111111011
00011011011
10001010011
11110001100
00100001100
11101000010
00001000000
00011110011
00011000110
00001010110
00011001001
11001000111
10000011101
00000111001
00000001100
11010010110
00001001100
10010111111
11111000101
11010100011
11001011010
01101100101
11111000111
01110100111
01000011101
11000100010
10010101100
10000111011
01101111110
00001110101
01111010110
11110010101
01111111000
10110010001
01010100010
01011001001
10000000010
00110110110
01110011111
00000100010
11110010101
11101010011
00011111000
01011111001
10000011011
10101101110
11101010000
01100001011
11100000111
00110010110
00001011101
01001000100
11110010101
00000100100
11000110111
01001010101
11011001000
11110011101
10001110111
11000010111
01110100101
01001110100
00110010010
10011110101
01000000101
11001001100
11001011110
00110001000
01111010010
11001000010
11001111110
00000101000
10111100011
00000110010
00000011110
01001000101
01111001001
11000001011
11100000101
01101101100
10010011011
01000000101
01110110000
10101000001
00000110100
01011100101
11001000011
10111010001
11011100110
01110001100
01111001101
01110001010
00111101001
11111111000
01110101001
01110101110
11100111000
00101011001
10000111010
11110101010
01110101111
01000011010
00000011111
10000011100
10101011011
01101010000
00101000000
11010000110
00110010010
01001110111
00110010111
11001001000
10000010111
01000111111
00011100001
00100011001
01001101001
10111000001
10001111111
10100001000
01111000010
11100100000
11001011010
10001010010
00100101001
01011010111
10010010110
10111001010
11100111110
01011110010
01100111111
01110001000
10111011100
10101010100
11111011000
10011000000
01001011110
00111000010
00101010001
10001001111
11011101100
01111000110
00000100110
00110010001
11110011110
01011110111
10111001010
11010001001
11001001001
11001111001
01001110010
00011111011
01110101110
01111011111
00110100001
01111111000
00010000111
11111110000
00101101111
00011101110
11101011101
10100000001
10101100101
00001000010
10000000101
11111111011
00011010111
11100010011
11001110011
00110010111
01110101111
01100101001
10011001100
11001110100
11110010011
00011010000
01110001000
01000101111
11111100110
10011101010
01100001111
10001001101
11110101011
00010001100
10001010101
11110010000
00110001111
00110001010
10011001010
00000011000
11101110100
01000010110
00010101010
11110101001
00000101010
11101101011
11000000101
01000100000
00011001110
00000010110
01001000011
00111111101
00011011011
00101100011
11000100110
01010100111
10001000010
11100000000
10000111000
00101101111
11111010000
01011101001
10101101011
00101011100
01000101101
11001000000
11011100001
11101110010
11010000011
00010010001
01110101110
01110011001
01011000011
00111110010
10110111111
01011100010
10010100010
10101011101
01101000011
00011000100
01001100011
01000011001
00100010100
11111010101
11111010111
10101011110
10111111110
10000010011
10001110011
10101111111
01001111100
00110101101
10111110101
10011101100
01101011110
11111111110
11100111111
10101001111
11010010000
01111001111
01110001111
01001010010
11111101110
00011101001
00111110110
01001100001
01011011110
00110010010
11011100110
01011110011
11001111100
10010111110
01101010100
11111001100
01111100000
11111010111
00001010010
01001000101
10100010010
01100100100
10011101011
00001100101
11010010011
01011110001
00100100100
00101001100
11111000100
01010011100
01110101110
10101111000
01110011110
00000000111
10111110101
01011011010
00010111011
10011100110
01100110000
00001111001
00111110100
10000011000
00110001000
01100110000
00000110010
00111101011
01001010111
11110100001
01010100011
10101001001
11011101010
00101011010
00100110010
00010110011
00110010111
10110010000
11101000100
01111101001
11000011111
10000100001
01100100000
01101011001
11100010101
11101100001
10111010111
00110111010
11111110001
01110000001
00111110010
01011010000
11000001001
11010010110
00001110111
01011111101
10011010111
10000100111
00100111111
01110111110
10101010110
01011100111
10110110000
01010100010
10011100111
10001100000
00110001101
00111101001
01110000010
11110011010
01001111011
01010010111
10101000111
11011111101
01000110100
00011011111
00111010000
01100110010
01000100010
00110100100
01100100101
01000111110
00101110101
00010001001
00000011000
01000100100
10111110010
00001100101
10110010001
10001001011
00001100010
01100110110
10011110011
00001101101
11100101011
11101100101
00101011101
01110110000
11001101111
11001101100
11111111101
10011101010
11110110111
01000001001
01110101110
10011110101
01010100001
00101001110
11111011110
00100000010
11101111011
01101100110
11110011100
01001001011
11110111010
00100010111
00111000010
10111000100
10101100001
11101001101
00001010001
00100010111
01001001100
01011001111
00111011010
10111100010
01100010110
11000110000
00110110111
10010011001
00001011101
11001000000
01000111000
00111010110
10010100000
01110110111
01100100110
11011100000
10011101111
10000101100
00001010001
01010111110
11010000010
00111000010
11101110101
10010110101
11111100101
01100110110
11111000001
11111111010
01100000000
00001001100
00100011110
01000100001
01100001000
10101011110
10000100101
00011101100
00110101001
11001010101
00010000001
11110010010
00101010111
01111110000
01001100110
01110110100
01010011110
00111100011
11011110100
00010110011
01001010101
00101011110
11101101101
11010110111
11101100010
01110000001
00000010011
10110101111
01111001001
10011101100
00110000011
01100101011
11000010110
01100110100
10001100001
00011011001
11110101101
00010101111
11001010010
10110010110
11001000101
10000011011
10101111110
00000110000
00000011011
01100101010
00110011111
00110000001
11100111011
01000000001
01000110111
01011110100
11001010110
00110010001
00111000110
10001001110
11101110000
01011011010
01111110111
01100101110
11100111010
11000000001
10110110000
01110101110
11001000001
10000011001
00110011000
01011101000
00100111100
11101101010
01010001010
11111000000
00010001101
01011000001
10101111001
11001110111
00011000110
00001000010
11010001100
10001101101
00001100101
10010010010
10110000110
10000100111
11011111100
00110100110
10001111011
11010001001
10111000010
01110010011
11011011000
00001100001
11110011101
00010111101
10101011011
11111001110
10001111101
01001110101
01010100011
10000100100
10001000001
10100110001
10011100101
11010101000
10000011110
01111111111
01111110000
10101000101
01110110001
11000100011
11000011000
00100010001
11101101100
10010010001
10001011010
01111101010
10010111001
00101110110
00001010010
11001110011
10000010110
10110110001
11010001010
00100110000
01001111100
01110110001
10111111011
11000100111
10011011000
10100001100
00011110000
10110111111
01100100011
11111010111
11111101110
00110011111
01101011110
01010000110
11111101101
00100101110
00110000110
10001011010
10100010000
11110101010
10110111111
00001101100
11010110011
00100101111
10110110011
11101100100
01110100001
00110000111
00111000110
11000010101
01000110101
00001111101
11001000000
11000100111
11011000000
00010100101
10101010011
00100010111
01001001011
11000000001
11000110010
01001111010
10111000001
00000001001
00111100101
00010000111
00100000001
00001010001
00111001011
00101100110
00000011111
11100110011
00000101101
10101011100
01001000100
00101001010
01011000100
11100101000
11010001010
11001110010
00011010010
11110110011
01001111000
11011001101
01011100110
00001111001
11111100001
10101100110
00001111110
10110101101
10110010000
01011011110
00010110010
11000011100
11001001010
10001010101
01011100100
00111111100
00000110001
11111111000
10110111110
01001001110
00010111111
00101110011
00110010000
00111000011
00100010011
10011000011
10011010000
00110011100
01011001011
11001110110
11001011110
00001011100
10010001101
10001010100
10011100111
00111101010
10011000010
11110000110
01100100110
01000110111
01111100000
00000111011
10000110000
00010111110
01001011111
11110000001
10001100110
01110011110
11101011001
01000001010
10011010001
10011101110
00111111110
00010010010
01000111011
00110110110
11100110001
00000000101
11110100110
01100000110
10011111000
01100101111
11100010111
10101001000
10010001010
10010000110
01100101111
01110111000
01111010101
10010100001
01010110100
01110100111
01001000000
10010001111
11111010000
11011010100
00110001111
10101010000
01001000111
00100011011
00100100001
00111111100
00100101011
10110101011
10100101000
00000000001
11010101000
00100001001
10110010110
11100000010
10011000101
01110101011
11000011101
00101001101
11101100011
01100110011
11111111011
01100001110
11001110001
01111111000
00100101010
10110110111
10000111011
10110011011
11100101111
10001011101
00001100100
00001011011
01101010110
00000001111
01110001011
01110110110
01001110000
01011101100
10101001000
10101101101
10110010101
00001110000
11011010010
11101011010
10010010011
11001011001
01000011110
00100010111
00011001100
11110010000
01100010111
10101011000
11010011001
10001100011
01000000000
00101010001
10001111111
01011110010
00010110110
11010110011
00101000000
01100110101
11100010000
10010011101
10001101010
00011110101
00001101100
01110110100
11010101000
10011101010
01011001111
11011011000
10101101000
01011111111
00111000010
11110100100
11010100001
11011111010
11101011111
00110111001
11100101011
00111011000
01000010110
10110010110
01100010000
01001000001
01001110110
10011111110
01111110000
11000000101
11000111000
01000001100
11001001011
10101011101
10111111011
10110010010
11011101101
01011100001
00000010101
00001001011
10100011011
01011000000
11010000010
01000011110
11001010010
00011000011
01001000100
11110011011
10100000110
00001000101
10011001010
00010100000
11011110001
11001101000
00001011111
10011110100
11101100111
11101111010
11001001001
00110001010
10111001101
11000110000
00101111110
00001000000
01001110110
10110001101
10010110111
00011100111
10011000001
10110010001
01010101010
00110011110
01010111011
00101100110
01110010111
10010110001
00100111001
00111101111
11001110101
00010101110
00100010101
10100110011
10010010000
00111111111
11101110011
01010111110
01011000001
01111110011
10001010110
01100001011
11110101001
11110010100
10000110101
11110000111
11000110101
01001010110
11000101001
11011010001
00100110001
01100010110
01110110100
11110101101
01111100100
11101111101
00100110110
00000000101
01110110000
11000101100
01101110101
10111110011
10000101100
11110001111
10000000010
10111001000
00111000100
01001100111
00000010010
11001110010
01001111111
01000001111
00001111110
01111100110
01110110001
00011111001
10010011011
01010011110
10010001011
10000101011
01000011110
00110101010
11001010000
11011011001
00110001011
00101101111
10101100111
11110110000
10011001111
00000101001
01100101000
01000101010
01100100100
01100111101
10010011011
00111100000
00101100011
01011010100
11001001101
00000010111
00100001000
01000001100
00010010110
11110100110
10001100111
01011101000
00100000110
11100111010
11100101111
10010101110
01010111001
10001100101
00110111010
10010111100
01111001101
01000001000
01000011101
01101010000
00011001000
11110110100
01010111011
01110100100
00000000110
11110000111
11000100111
10011010001
10011110010
11011011000
10001010010
01011110110
00011010000
01010110010
10000111001
10111110011
10111000001
11010100011
00101001110
11011000111
10111111010
00110000101
00011000101
11001111100
01111000011
10000101011
00110100010
01111110000
01101011101
01011111110
10000011111
11000011111
00001010011
11110101011
00100101000
11110011011
00111001101
00001101000
01111110001
01011110101
01000010001
10001011001
01111000010
11110010111
10110011000
01001000001
00100001001
01101100010
11010011101
11001011100
10010110110
01100011110
00111110011
10110111001
11001100100
11101011111
11101111000
10001001110
01010110101
11011111010
10011101101
00011111100
01110110010
00011011110
10100001010
00001000011
01101011011
11011110001
10010011101
10010100100
00110111011
00110001111
10111111011
11010010010
11110100010
01001010110
11001011010
10101011001
11100111010
10110101000
10100010010
11100111000
10011000000
01000111000
00010100111
10101010100
01001000001
10010101100
00111100100
11111000001
01110111001
00110000000
01001110111
11101000011
00110011010
11101100101
11010101111
11000100110
10010111001
01010001110
10110010100
11000111110
10101110100
11111100001
10010011111
11011000100
11111010101
11100111101
11100101000
01010001100
11110011011
11011001001
00101101101
01000101001
11011111101
11110111111
10111101000
11111010110
11100001001
01010011011
10101001111
10000100010
01101001010
00010001100
11101111111
01100000101
10000111101
01011100011
10110111010
00110110101
00001001101
10100111101
00111000101
01011011000
11011001110
10111000110
10111000100
00000010111
11000111000
10000001110
10011001001
00110011110
11010101110
11001010001
01000110011
01011011110
00000101100
00101001101
11111100101
00101010100
00111000001
00010101100
10010101100
10010010111
10011111010
10010101111
00100010100
11011001111
01110110100
00011010111
11001000001
00110001110
11111000011
00100001111
00010111101
10010000000
10101001110
01100110011
10100001011
01010101001
10001101110
11010001100
10110111000
10001011110
11000101111
00010101110
10010101100
11111100100
10110011111
11010101111
00011011111
10110010010
01010001000
11100111000
01011111101
00001000111
00100001111
10100010100
00001001001
01001111110
11111011100
00001011101
10000101110
00000110111
00100101001
01001101010
11101101100
11110110000
10011011100
11111100111
00010110001
10011110110
10000111111
00000000110
10111101110
11111000010
