10001101000
01010010100
11011110100
00011101000
00111101000
01111000100
00101110000
10000101000
00000111000
10000011100
00110101000
00001111000
10110011000
00000110100
10000101000
01001111000
10011010100
10111101100
10010001000
11011000000
11000011100
11110010000
10000110000
10111001000
00001010100
00111010000
00111101100
11100100100
00000100000
11100111000
10100010000
10001000000
01010100100
01001010100
11011010000
11000110100
01101111000
01010110000
11001011100
11001011100
11100101000
10110010100
11111111100
10111010100
10010001100
10111000100
00110101100
10001011000
10100111100
01000110000
00000000100
01101011100
00110100100
00110001100
11111000000
10011011000
11001101000
00111000100
10001100100
10101101100
10001101000
01000111000
01001101100
00001111000
00011110000
11100011000
00110111000
00100110100
11110011100
01011100100
00100110000
11100010000
00010110000
00110101000
00001010100
10010101100
01001001100
10000100100
10001101100
00100110100
00001000000
10100010100
00010011100
10010111100
10110000000
11111011100
00010101100
01101111100
00010011100
01001110000
00011111000
00100110000
01101001000
00000111000
10100010100
10000011000
10101110000
00010101000
01011000100
01111000000
01110001000
11101100100
10011000100
11100000100
00010001000
10001110000
11011101000
01000101100
00100100000
10101011100
10001000100
11111111000
11011111000
11100110100
10000010000
00101110100
10010110000
01010110000
10001010100
00000100100
00101101100
01011010000
11001101100
10100101000
10100000100
01011011100
10000111000
01000011100
00110111000
01100001100
00111110100
01001100000
01000011100
11110011000
01101101100
11000111000
01100000000
10110000100
10011101000
10000101100
10110111000
00110110000
10111000100
00011100100
01010010100
10001000100
11111111000
10111001000
00101101100
10111111100
11011111000
10010010000
01100000000
00110001100
00000011100
00110100000
01000111100
10110101000
00011001000
11010011100
11101101100
11011110000
10011100000
11011110100
01111100100
01010001000
11011101000
00010101000
00101010100
11110010000
10110001100
00110111100
01111011000
10001000100
11101010000
01001000100
00100100000
10010001100
00111000100
11100101000
01001101000
10111111000
10101100000
01100001100
11111001000
11011100000
10011001000
10100100100
00011001100
01100001000
10100101100
11011100000
10101101000
11011001100
01111010000
01100101000
00101100000
11001100000
00011000100
00010111100
01001010100
11100101100
10010011000
11101111100
00101111000
10011000000
10000100000
01101111000
10000101000
11000001100
00000001100
10001000100
10000100000
00100101100
01000101100
10010011000
11101011100
01001111000
10011100000
00101010000
00011011100
11101001100
00101110100
00000100000
01001011000
01001010100
00000111100
01100011000
10110011100
10000001100
10011100000
00100110100
00011011000
01001100100
01100001000
01001111000
11010000000
01100001100
11001110100
00101011100
11001001000
11101000000
01011100100
11001001000
00110101100
10011110100
00111000000
01111111000
00111000100
10100001100
01001111100
00010000100
01111101100
10110100000
00001101100
01001011000
00101110100
00001000100
10001110100
01101100000
01011110000
01100100100
11010011000
10100110100
00001000000
01111011000
10010000100
10011000000
10111010100
10001001000
10100000000
00111001100
10010100100
01111011100
10011000100
00011100100
10101100000
10111101000
00011000100
00110110100
01011011000
11100110100
01010010000
01011111100
11101111000
10001110100
01110000000
00001010000
01110011000
10110001100
00011000100
00010000000
11110001000
11100100100
00001011000
11011100100
00011000000
00110010000
00111100100
10000110100
00011110100
11000011100
11100001000
01111010100
01000011100
10101010000
01110101000
01000001100
11101011100
10100011000
00110000100
10011111100
01010100100
11111000100
00010110100
10101001000
00110000100
11010110000
10000011000
01111000000
01111001100
10001000100
01001110100
10110010100
10100101100
10000010100
01111101000
11010001000
00001100100
10101011100
00111100100
00110111000
11111101000
11010110000
11000101100
10000101100
01110000000
11000100000
00101010100
01001101100
00110011100
01011001000
01001110100
10100110100
01111101000
01110110000
00010011100
10110101000
10010010100
00101100100
00100001000
11110000000
01011000100
01010101100
00000011000
01100011000
10111000000
01010001100
10011101100
00000111100
00100111100
00011010000
11000101100
10001100000
01010011000
01001000000
00111111000
01011000100
10101001000
01000101100
00101110000
00011111100
11101100100
10011111000
00001010000
10001111000
00010010100
10010110000
01000000100
00011010100
10101111100
01110010000
01011110000
00101011000
01010111100
10011010100
01001100000
01010110100
01100111000
00011010100
11011000100
11010010000
11011010100
10010010100
11010000100
10011001100
01100000000
10101010100
01010101000
01100010000
01111100000
11010101000
10011011000
01111011000
00011101100
10111010100
10111110000
00100011100
11011011100
11011110100
01110101000
00110011000
11110111000
11100001000
01000011000
01001110000
11010000100
10011011000
00000111000
11110110000
01110110100
01101110100
11111101000
11111001000
11101110000
11101100000
11011000000
00010111100
00011111000
10101110100
01100001000
11101100000
01001001000
00100001000
11000000100
10000010000
01000111000
11001000100
10010111100
11100000000
10010111100
01100001100
01110100100
11101000100
10001000100
11101001000
11110100100
01111011000
00110110100
00111101100
01001010000
00000010000
10000000100
01101000000
10011110000
01010000100
01010100100
01001011100
01001001000
01000000000
00110000000
10001101100
01100100100
00110011000
00010100100
10010010100
10110011100
00010010000
00101001100
10100010000
11110111000
10110011000
01101110100
01010000100
11111100100
00111101000
11001100100
00111010100
11101101000
10010011000
01110000100
01110011100
11001010100
10011011000
00110101100
00011100000
11000110000
01000000000
00001001100
10010111000
10101000000
10011011000
01001101000
11110100000
11001111000
01111100000
01111010100
00000011100
11100100000
00011111000
11000010000
01011101100
01110110100
11011000100
00101100100
01110000100
01111011000
00111110000
10111000000
00010110100
11110001000
10101000000
00100001000
10011100100
01101001100
01110000000
10000111100
11101000000
00111101100
01101110100
01011011000
10001110100
01000100100
00110101100
11010011100
11000000100
11001010000
11101000100
00011100100
01011011100
11110110000
10100010100
01111110000
11011111100
01110001100
01111110100
11100100000
11100010100
10011000000
10100010000
11100000000
11100010000
10011000100
10011100000
10000110000
00110011000
11011110000
00011000000
11110001000
11010010000
01000001100
01011111000
01110000100
10001111000
11110011000
00101001100
10110110000
00010010100
11100010100
01001010000
00101110100
11001111000
01011000100
10111001100
01010110000
00101000100
01101001100
01000011000
10101100100
10001000100
11010001000
10010101100
10101110000
11010101100
00110101000
01110111000
10101111000
01101111100
10101100100
01101010100
01110101000
11001010100
00110100100
11101110100
11100001100
00100001000
00001100000
00011001100
01110010000
01110101100
01000110100
00100011100
00111101100
10101001000
10011011000
10000011100
11010101000
10101100000
11001000100
11010001100
10110100000
01110101100
00000101000
11010101100
00100010100
11011111000
11010101000
10110100100
10010010100
01111000000
00111001100
10010100000
11100110000
11110101000
11110000000
10001101000
01011110100
01110000100
10011100100
11010001100
10101011100
01101000100
10000100000
10100111000
10111000100
11000101000
10100000100
11010100000
11010101100
11011110000
11001111000
01001110000
01110100100
01000010000
01111110100
10110011000
11010100000
00111100000
00101010000
01101010100
01001000100
10111010100
01010010000
01100100100
00010111100
01011100100
10000110100
10000100000
10001000100
11000010100
01100000000
00100001100
11010000100
11100001000
00110111100
00001111100
11101001100
10011010100
10000000000
11011110000
01011111000
10011000100
10101111100
10000001000
10000011000
11110000000
00100101100
11010001000
01001001100
00100101000
00110000100
00011111000
00001000000
00110010100
00000110100
11110111000
11010011000
10010010000
01010110100
11010100100
00010110100
00010011000
01101111000
00101100000
11100111100
10011111100
01011000000
00111111000
11000100000
01011011100
10111010100
11101111000
00100111100
11111110000
01100110000
11000010000
10101110000
11111001000
01011100000
01101111000
10010011000
01100111100
01100011100
00100100100
00010010000
10110101100
00110110000
11000001000
00110101100
11110010000
01111111100
00000111100
10011100100
10110101000
10000001000
10011000000
10011101100
01101100100
10011110000
11010000000
00010110000
01000011100
10011001100
00101101000
01011001000
01100011000
00001110100
00111000000
10011000100
11011000100
10010010100
10000101100
11100011100
00001111100
11110001100
11010011000
10100010100
00000010100
00010100000
11000111100
10110010000
10001111100
00000011000
00010111000
00101100000
10100100000
01101101000
11010001100
00100111100
00100111100
00100001100
10101101100
11011100000
00011001000
00101111000
10010000100
10111100000
10001000100
10001001100
11010101100
11100100000
01100101000
00010010100
10101010100
11101000100
00111011000
11110010000
11111011100
10110010000
11111000100
00110110000
10001010000
11110001000
11001011100
00100001100
11001111100
00010011000
00110010100
11011100000
00110000100
00000000000
10100111100
11110100000
11101000100
10001110100
01011001000
00110111000
00001111000
01100110000
01110000100
11010011100
10000100100
00011000000
11110001100
00101011000
10011100000
00001001100
11000010000
11000001100
00110011000
10010101000
10101011000
10000000100
01100001100
11100010000
00000011000
00110100000
11101001000
01100111000
11111100000
00100111100
10100101000
00101011000
00101110100
01000110000
00101101100
00000100100
10010000100
10000111100
00100001000
00010011100
10110111000
01001101000
10010010100
11100100100
10010010000
10010111000
00000010100
11100111100
00011000000
00001100100
00111000100
11111010100
10100111000
01010000100
10001111100
10110011100
10100111000
00000010000
11110111000
10111010000
11100110100
11000000000
10001111100
00101111000
10010010000
01111010000
11110000000
01001011000
10110011100
01011110000
10110101000
00100011000
00001100100
00100101100
10110011000
01100010000
10111000100
10100011000
00011100100
11011110100
10110101100
00100110000
01100100000
10101100000
10101111000
01001010100
11011010000
11010000000
00101111000
10010010100
11010011100
00010001000
01001010100
00111010100
11100010000
01111011000
00101111100
10111100000
01111001000
01011001100
00001001100
10000100000
01101001100
01111110100
11101100100
00100111000
01010011000
01011011100
01100101000
11000011000
00110111000
10010010100
00110010100
10100011000
01011010000
00010010100
11010100100
11101100000
00000010100
10000100100
10100011000
10001001100
10100100000
01111101000
01101010100
00111110000
10111001100
11001000100
01010001100
10011101000
10000100000
10011001000
00100100000
00010000000
10001100000
01000101000
01110001000
10100100100
10100000100
11110000100
11101110000
01110111000
10100101100
11011111000
10110011000
00100000100
01100011000
10000010000
00001111000
01011111000
00111111000
01011110100
10110010000
01101101100
00011001000
10000010000
00111111100
11001001100
10011010000
11101101000
10011110000
10011110000
10111010100
11010111100
11111011100
10001100000
00100101100
11111000000
11000011100
01111111100
11100101000
10111010100
00101110000
10001111100
10101001100
01101100000
00001010100
10011111100
01111111000
11110001000
01000000000
10101110100
01000100000
01110100100
01010110100
10011010000
11010000000
10001110100
01010010000
00111110000
00101101000
11101111100
01100000000
10001010100
10101100100
10110001100
01101000100
10100010100
11001101100
00011110000
00011001100
11110010100
10101001000
10011000100
01101000100
11010100100
10000111100
01100110000
01101001000
10110000100
10011101100
00011010100
11000011100
10000110100
11111101000
11001010000
10110111100
10011111000
11110000000
01111111000
10111110000
11101000100
11010100000
10001011000
11000110000
11011001000
01000110000
11100110100
10000111100
00101111100
01010000000
10010111000
00011110100
11111101000
00100010000
10010001100
10101110000
11110100000
01100000000
00000100100
10101101100
10101001100
01110010100
01001101100
10011101100
10110101100
00011011000
10011100100
11011111000
01101111100
10110101100
01001110100
00111110000
01110101000
00100001000
01101111000
01100010000
01011011000
00100010100
11000110000
00101000000
11010111000
10101001000
01010011000
01111001100
11100110000
01001010000
11100000000
01100010000
10101111100
01111101100
00101011000
01000111100
11101010000
00111100100
11001010100
11000110000
00110101100
00111100000
11001111100
01010000100
00100101000
11101010100
10010011100
11110000000
10011100000
11000001100
00111101000
00011010100
01100100100
01110010000
00101011100
10110110100
11100001000
00111011100
01100101100
11101000100
01111001100
00110111100
00010100100
00110000100
00011000100
11001011100
01001010100
00011111000
11000111000
00001000000
00000010100
00000110100
00010110100
00111000100
10110000100
01100000000
01001001100
11100111000
10000000100
11010011000
01001011100
11011100000
11010100000
00010111000
11101111100
11100101000
11101001100
00111011000
11001010000
01001011100
00011101000
01100010000
10001111000
01110000100
01011011000
00010110100
11101111100
01001011100
11110110100
00100001000
11001101100
10101001100
00000101100
11011100100
11000001100
01101001000
01000001000
00100110000
10100101000
01011001000
11111001000
00010000100
00100010100
10101011000
10111110100
11101011100
01000010100
01100011100
10110011000
10110010000
10001110000
00100011000
10001100100
11000111000
11111001000
11110011000
01111101100
00111100100
01000010000
01111011100
11000111100
10010001100
00110011100
00000010000
01011111100
10001101100
11011110000
10000100000
01011110000
10100001000
00010000100
00110001100
00110110100
00010111000
10111001100
00100011000
01010011100
01011001000
10110100100
10000101000
00101101100
01111110100
11011100100
01010011100
01110010100
00001101100
11011100000
01111001100
00011011000
11101110000
01110111100
00100111000
10101011000
00001001000
10000101100
11010101100
00100111000
10101010100
00001101000
01011001100
00001111000
01101000000
10001000100
11001000100
01111010000
11110000000
10100101100
10001110100
10001111100
00110000000
11001010100
01010011100
00000011100
00001100000
01011010100
01001001000
10011011000
00111110100
01101111100
00011100000
01010110100
10011111000
11001101100
00110001000
11101011000
00110001000
10100011000
11110110000
11000101000
11010111100
11100010100
01100100000
01100110100
11111111100
10100000100
01001000000
11111000000
01100001100
00111101100
01010101000
00100001100
00101111100
01000000100
10111010100
01001111100
00110011000
11000101100
00010000000
11000101000
00001011100
00001001000
10100000000
01110101100
01011111100
00100000100
01011111000
01111101000
01001001100
11010010000
00110011100
00000001000
01011100000
01100101100
00011001000
01000110100
00101111100
11111101100
00111010000
01001100000
00011001000
11010011000
01010010100
11101111100
01110011000
00010001000
10100011000
00011011000
10000110000
10111010100
10001111100
01000000000
11000001100
00000011100
00101010000
01111100000
10100000000
00001010000
10111000100
00000000100
11110101100
10010001000
11011111000
01110010100
01101010000
01101011000
00000000000
01010101000
10111101000
11000101100
01110101000
11010011000
00011000000
11000010000
00000011000
11110111100
10011000000
00000001100
11001101000
11101101000
01001011100
01011001000
01010011000
01111000000
00100000100
11000111100
00111000000
01100001100
11111111100
11010011000
00010011000
00101100000
01010011100
11010001000
10001111100
01100100000
00000100000
01110110000
10000110000
10001011100
11000110100
01011110100
01111011000
01101010000
11101010100
11010001000
11000111100
11010011100
10111000000
01111101000
10010111000
10001101000
00111110000
11111110100
11011011100
11101011100
00010110000
11001011100
11000101000
10010000000
10011010100
01010100100
11011001100
11101001100
11010101000
01110011000
10001111100
00001100000
01100101000
11110100100
01001110100
01011100100
11010101000
11010000100
00111000000
01110010000
01111000100
11011101000
00011001100
00000101100
11000000100
01010000000
10111011100
01111010100
00110011100
11100011100
00001100100
10101000000
10101101100
10011101000
11110111000
00110000100
01101100100
00110110100
01010101000
01011011000
01101110000
01101110100
00001110000
10100101000
00110110100
00000000000
01100101100
10010100100
10110010000
11000100100
11000011100
01000011000
11001100100
10100000000
01100100100
11011101000
00000111100
10101110100
10100000000
10111101100
11011100000
10100000100
11000000000
11001100000
01101111100
10101000100
00110001100
10011000000
11011000100
00011001000
01001101000
01101111000
00100100100
10100101000
01111101100
00110101000
11110010100
10110010000
00101111100
00010110100
10101001100
11011100100
00001000000
00110000100
00110001100
11011110000
11110110100
10100101000
10111110100
10000011000
10100111000
01011010000
01000000000
01101000100
01110010100
10101101100
01010000000
10001111000
10110101100
10101000000
10101101100
01000011000
01111100000
10011110100
11111101100
11100111000
00100110100
11110000000
10110100000
11001110000
10011000000
00011100000
01101100000
00011111100
11111111000
00010001000
10110101000
01011101000
01011100100
01100111100
01111111100
11110101100
10100100100
00000111100
00100100100
10110101100
11100001100
10001111000
11001110100
00001101100
11000100000
10010001000
10101001100
11111111100
00010010100
00001000000
11110110000
10110110000
10011001100
10101011100
01100110000
11100011100
10001001100
01001101000
10101010000
11011111100
11000111000
00011100000
01111000000
11000001100
00010000100
11001010000
00101011100
01111100000
00001001000
10111111000
10100010100
11101011100
00000011100
10000011000
00011100000
11110100000
11101100000
10011110000
11011100100
01111110000
10111011000
01110101100
11000001100
01110001000
01011100100
01001000000
00110001100
00110000000
11001010100
00000110000
10101111100
00010100000
01101110100
10111000000
10101011000
00100010100
01000101000
10001101000
11010000100
00000101100
11101000000
00001111100
10110111000
00000011000
01100110000
10110110100
01011011000
01101110000
10110101000
01001101000
11000110100
11011010100
01010001000
10100001100
10010110000
01011000000
00001111000
00101011100
11101110100
11111100000
10101111000
11001111000
01010001100
00010100000
00000001100
01011011100
01101000100
10110010000
11011001100
00011110000
01101001000
10111111000
01110110100
10011100000
10000100000
00101100100
11110100100
00110000100
11000011100
01010000000
00000110000
10111001100
00011011100
01010111100
11110010000
11010100100
10011100000
01111111000
10111000000
01110101000
00000111000
01101001100
01010010000
01111001100
11111011100
11010101000
11000010000
00110101100
10000001100
11110011000
00101010100
01011111100
11000011000
00100101000
00001110100
11011000000
10000100000
01101000000
10100100000
10110111100
10110000100
00100101000
00111001000
01000011000
00110000100
00111010100
00110011000
00110100000
01110111100
01100010000
10011001000
00111011100
01001111000
01011101000
00111100000
01000001000
10011101100
10011111100
10110100000
10101111100
11010110000
00101000000
01111001100
01100011100
11001101000
11110110100
00110100000
10110000100
00001111000
11011001100
11111111100
10010010100
00001101100
11100001100
11010100100
10111011100
00011000100
00001011000
10000001000
11010101100
11010001100
00010101100
01110111100
11100110100
00010101100
01010001100
00110111100
00001010100
01010100000
11100010100
11100001100
11111101100
11111010100
01001101100
11100000000
01001111000
11011101000
10001101000
10101111000
00111110100
00000011100
00101101000
10100010100
11010001000
01101100000
10011001000
01000011100
11011110000
01000011100
00001001000
00010111100
11000101000
01001100100
00000101000
00111111100
01111000100
00101111100
00010100000
10001110000
01100001000
11011000100
11001000000
00011111000
01010011100
00110111000
11001010100
00000001000
11010100000
00010100000
01110011100
01100000000
00111101000
00110111100
01101111100
01100110100
01111101000
10101010100
10000101000
00100010000
10000010100
11010111100
11001001000
11001101000
01000011000
01011011000
11111110000
10010011100
11110010000
00011111000
10001111100
00010000000
11111101100
10010101000
10101001100
10000010100
10100101100
11111111000
10100110000
11111101000
11110000000
01000100000
11100101100
11010101100
00110110000
11000101000
01001111100
11000111000
11111010000
11110011000
01111101100
00111001000
10010000100
00111010000
01111111100
00111011000
00001100100
01000011100
00101010000
00100110000
10001111100
00101101100
10000011000
10101010100
10000000000
00100110000
00011001100
10000110100
01011011100
01010110100
10101000100
01011101000
00101100000
00101100000
01010011000
01111000100
01110011100
11101111000
11100111100
10011011000
10011011000
01001011100
11000110000
11111011000
11111000100
00010110000
01000000100
10011101000
00100010100
10000101000
01101011100
10011010000
00010110000
10010011100
10110001100
11000111100
01010000000
01101011000
10101001000
10100011100
11101010000
11101101100
01011100100
10110100100
01100100100
10000011100
10001010100
10000111000
00110000100
00110100100
01111100000
01101010100
10111101000
11000111100
11110000100
00110110100
10110111100
01101001100
10011111100
00101000000
00001010000
11001100100
01010110100
10111111100
11100001000
11111000000
11010001100
10010001100
00111111100
01010011100
11100110100
01101001000
11001001100
10011100000
11000010100
10100001000
00010110100
11110101100
00000010100
01010111100
00010101000
10110110000
11001001100
10011000000
00100010100
00011101000
00111101000
01111110000
10101101000
10001100000
10110000000
11100000000
01110001000
00000110100
10001101100
11101101100
00000111000
01111010100
10100011100
10010100100
11011010000
11011111000
11000010000
00000010000
11101111000
10001010000
01111000100
11010000000
10000100000
00111000000
01001100100
10111011000
00010101000
00111000100
01000111100
10000010100
00000101000
00001000100
11010111000
00001111000
01010011000
00111001000
00100110100
01001011100
00001111000
01101001100
11101101100
10100101100
10110101000
01010000000
01011111000
10100011000
11101000100
01000111100
11010101000
11110101000
01011010000
10101110000
00101110000
01001000100
10101100000
00100110000
11010011000
01101101000
11100000100
11110010100
11010110100
01101001100
00111101100
00000010100
00111111000
00110101000
11111001000
01100101100
11111010000
10011001100
11101111000
00011010100
10000110100
11010000000
11001010100
11001010000
01010010000
00100000100
11111011000
00001100100
11000100000
10101000100
11111100100
01001011100
01001110100
11010011100
01001111000
10101010000
01001100100
10000101000
10111111000
01001011100
10101010100
11111001100
01000001100
00000000100
00100000000
00010110100
11001011000
11111001100
00110011000
00001100100
00000000100
01011011000
01101011100
11100010000
00001000000
01001100100
10011101100
10001101100
01100000000
01011011000
10000001100
11101100100
11011000000
11011111000
00001101100
10110111100
10100011100
01001101100
00010001100
00110100000
01001010100
10001110000
10001010000
10101001100
00011101100
01010101100
01111100100
11010010000
11011101100
00010100000
11111000100
01100000100
10000011100
01010110100
10101101100
01110001000
10101100000
11111111000
11001010100
00011001100
00101001000
00100000100
01000111000
00101100000
10011100000
11101001100
01100000100
01101111000
01011011000
11010011000
00011101000
01111011100
10010101000
10100001000
10111001100
10001001000
11110001000
11000111000
11000011000
00111011100
01100010100
10101110000
01001000100
01110011000
00101001100
11111011100
01100011000
00000110100
00000100100
10111100000
10100110000
01111001100
00100010100
01001000100
10000100000
10101001100
00010110000
10110111000
11001101000
00110000000
00001101100
10100100000
01010101100
01101110000
