10100010101
11011110100
00001001101
11100111011
10111001110
11110000111
00101111101
11011101011
10011000011
01111101100
00101101111
11101110110
11001010100
11111100111
11000100001
00111010001
11111100110
10100011111
00001001010
11110011110
10110000001
01101010010
01011100001
01110011000
11100011100
11111101000
10111010000
10101110001
01101000011
11000111010
01001001111
11100101110
10100100110
10111100010
10111111000
11010111000
01110111111
10000010011
10110110011
10010101011
11100111111
10010001100
11011000111
01010010001
11100010001
01001010001
00110011000
00101110001
01000001011
00100000010
11011010101
10001000101
01110100000
00110110101
01100101100
00001110010
00111001001
01111101110
00001110110
00111011100
11010000101
01110111011
00011101001
01011100111
10100101010
00111110000
11111110010
10001110101
00110111110
11011111011
10101001010
01111111100
01001011101
10001001011
00000100110
11000110011
00111110010
10011100011
11000110100
11101000111
00011110101
10001011101
10100101110
00001111110
01110011011
11101101001
10100011110
10000110100
00111100001
11110000100
10111101000
01110001100
10000101110
11111000101
01111101011
10001011110
01101111100
00001011011
00100100110
11111001000
10111010101
11011000100
10011111101
10100001101
00011011001
00101111010
00000000000
00010000111
00101110001
00010100101
11101010101
10101101010
00100111100
11010111010
11100100010
01101101010
00000100011
10011000011
11001010000
10110111000
11111011000
00000001001
11010011111
11010110101
11010011001
11001110110
10111000100
11001101011
00001000100
01000000011
11111101111
11101111101
11001101011
10011100001
10111101100
10110100101
11100110001
01000010001
11010000100
00110110000
11000010001
11101000010
01000001101
00000110100
10000000011
01011001001
10001000110
11100000110
01000000010
10100100001
00110101010
11100111001
10000100000
01111100000
01100000000
10100000111
00110111011
00110111010
11000001110
11000011101
01000111010
00100000000
11100111011
00001010111
11111000010
10111111001
00010101111
01010101100
10001011110
11011100000
10101101000
10100011011
10010100100
00000001010
00101101000
00110000101
10110100100
00110101000
11101101010
00111111001
00111111000
11101010011
10011011010
11001101110
11000111001
10101111101
00000011101
10111101110
00001100011
11011010010
01000111000
10011010000
10110100010
11010110011
01111110011
11010100011
11101111011
11111011010
00111010001
01110010100
11011001010
00010110100
10100110101
10100010000
11100111111
01111101101
00011011011
10011011001
00101111110
01110110011
10001101100
11010111110
00001111001
01000110000
11101011001
10100011011
00111111111
01010010001
11010001100
11100100011
11100010101
10111100111
10001010000
11000011000
11100010100
10101100011
00101011011
11001110111
10100111110
00011111010
10010010010
01110011111
10000111001
11001010101
01100010010
10010011101
00001110010
10010110111
00000010000
00111011101
00011111100
10110101101
10101110001
11110001101
11100001111
00110111000
00000101011
00101001001
10101101110
01000000010
11011010110
10100100001
11010001110
10011100100
00010100110
00010110101
10101010010
01010100100
00110110100
01001110101
00111000010
11110111010
01000010001
10101001011
01101000110
10101110110
01111100010
01011001100
11110110101
11011101110
01010100001
01100101100
10001010111
01000101101
11011011010
10010111101
01110101011
10110110100
10100011110
11001001001
00010011010
11010110111
01010101001
10000011001
11000011111
00101101001
01100011011
11011000111
01111011110
00011011010
10011100010
10000111101
00010010001
00000000100
00011000011
01111100011
10100000000
01110001110
00100111001
00000110001
01111111111
01110000000
10001100110
10100110001
01011011011
01101100101
00110100001
10100000010
00011101010
11110101001
10000001111
00100100110
11000101101
11111100111
00110011000
00101011010
01011100111
10001000111
11001011010
01001111010
01100101000
00000111110
01100110000
01010010111
00010101010
00100000100
10111101001
00110100101
00000001100
00110000100
11110010111
10110100111
00111010000
11111001101
01111111011
11111010100
11101100001
10000010000
10000000010
00101011110
01001100100
11000010000
11111110010
10010101101
01100110101
00011000100
11100101010
01001110110
01101010000
00001001000
01011111101
00011111100
01111100101
11010011101
01101101100
00000101010
10011010101
01011101001
01101010111
01010011010
00100101011
11101010010
01000010000
10111111001
01000100000
01101101100
11001101101
00101100000
10000000001
10000001110
11001111110
01110000101
10111010101
00111011100
11100010101
00110000001
00001101010
00100110110
01100001011
01110011001
00010101011
10111111001
10010010100
01001010011
10110111111
01011001111
10100101000
01001000111
00110100111
10011011100
10100110001
11110010010
11000100111
00011110100
11101000001
11011000101
00111010100
00101010001
10100011110
00100011001
10111111011
11110011110
00100101100
11000111011
10010010110
10111011001
01110001110
11110010001
01010010010
10011111101
01011000010
01000011111
00011011110
01110110101
00110001000
11101110111
00000001001
00010011011
01000011111
10000001110
00000010000
10001000011
01010110011
00101000101
11011100100
00100000100
00110000101
11010000100
01110111000
01011100001
00011011110
11011011010
11011101111
10110010110
01100001110
00011001000
00010110000
10101101100
10011000011
11111000111
10111010110
01111011100
00100101100
11000000000
11111000011
10001111010
10110111010
01010001011
01010001011
01010100001
00110110010
01010010101
01001101101
00110100000
10101000111
10100010001
00010000011
00001110110
10101001011
11100110011
00101001010
00001100100
11101100111
10111111000
00000011100
01110111001
01000100111
10111100101
00011010101
10011110110
00111010001
11111111001
10100100100
10010001000
00000101101
10101111011
00001100101
00011000001
00000111010
00100100111
10101101100
00111111101
10011101000
10010100111
11011000111
10110011000
10011110011
00011100000
10101111111
10100000010
00001011101
00100101100
11100101001
10000000100
00001010111
00010010100
11000010100
00101001111
01101011010
01011101011
10100110101
10010011111
01111001011
01111110111
11101111111
10011111000
11101010001
10111000001
11010101110
00110011000
10010011001
00000101111
01101010000
10101111101
00010011010
10100111001
00100110110
01000010110
01110000000
01111110101
01110101000
10100010011
01000001010
10100000110
11101011001
11010111100
11100100000
11010000001
11010110100
11110000111
01101111111
10010110100
10110000011
10000000110
11110001001
01001110111
10011000010
11001001010
00100110100
11000110101
01011101110
10111111101
10110010111
01001100000
11111111100
11110001110
01100010011
11000110010
01111001011
01111000110
10101011110
01011101111
10011100010
10001110101
00001111111
11010000101
10011110100
00101111111
00011101001
00110101000
00100111111
01111111110
01111111111
11110110111
00110100001
11000100010
11010001100
01001000100
10001101011
01111010001
10101001001
01011110001
01001110011
01100001001
00100111110
10011000100
11000101111
10100111011
00111000011
11110011011
10010101011
00111101111
11010010011
01010110100
00110011011
00001011011
00110001011
10101101001
00001010001
10100010101
10101001000
10111100111
01111001011
11100001010
11011100101
00001011111
11010110010
11101100100
10001110100
01010011110
10000010111
01110001111
10100101111
00011011111
10101101110
10110010110
11011111001
10111011011
00011111001
11010011011
00110010000
00101011001
10101100101
10101010010
11011100111
10110000011
00100001100
01101010100
11100001011
00100111010
11101111011
11101010110
10010111011
10100101111
01111000101
11000011100
01110000100
01000011101
01101101100
01100011110
01111101001
01111011101
01111110101
11101100101
10001000010
11001001110
10001101110
00101000010
11001110000
10110111100
10011001001
10001110100
11010110110
11001011100
01010000001
11100000111
00111101110
11010100101
01111011100
10011011010
10110001101
00001000101
00010000101
01111110011
00101111011
01011100011
01000101110
10011101101
01000110101
10110011110
01001111001
11010101000
11001000011
01011101101
10011110001
11011010011
01001101100
10010010110
11100100011
10001011101
11011100010
00001110100
10101101001
01111100010
10000010010
01001011011
10010011100
01000101001
00000111100
10000101100
00100110111
11111101001
00100011001
01101110011
00111110111
00111010101
11101011100
01110010100
10100110001
01110110110
11110011011
11011111011
01001110001
10011001111
11000101101
11100100110
10100100001
11110111010
01010011111
10001110110
11001100010
10100010011
01001100001
01011101000
00111010100
00100010001
11100000100
11111101110
10010100110
11101111001
10111111101
10111010010
11000101010
11010010111
11110010101
01100100111
10100100100
10010101101
01000001111
11111110000
00110100101
10011111001
01000110011
00011111100
00011101111
11001000011
00011011011
11000111101
11101000011
10010001011
11011010110
10001011110
01100010100
00111100101
00111010001
11110101110
00100111111
00110001101
11100000001
01011010000
10001110110
01100101110
11101110011
11100001110
00100100110
01011011101
10010011000
00011111111
11001111001
00001111000
10010001010
01000110011
00011101100
10110110000
00001001110
11011001011
01010010001
00101001110
11100100010
01010011101
10000000101
01110111110
11111011100
10111110110
01011101100
01111111111
10001000110
11001000101
01000111100
00000011010
01001001000
10001101001
01110110100
10010101011
01100110001
00100100011
00000110111
11011010001
10110011001
01001111100
11100001110
00010111010
01111101110
01011110110
10001111001
00110010010
10111011000
11001111001
10000011101
10111001110
11010110010
01111110111
01001101011
01111100001
11001110101
11110110111
01101001010
01110101111
00011001010
00010000000
10100110001
10111000011
00011010001
00100001000
01001111111
00011101011
10101111000
01000111101
11101100001
11111111010
00010100101
11100000010
11101011001
10000011011
01011101101
00111100000
00010110010
00101000100
00100100001
00101101101
11011100010
00010101000
00101011010
00010000110
01101011110
10011111000
10110100000
11011100110
11010110010
11000110010
00111000100
00000000001
00011000000
10100110101
11100111011
11100111100
10010101010
00110100110
01010010101
00000110111
11011011011
10101000010
10111011011
01001110000
00000001000
10000111111
11010101000
11111011100
00000010111
00010110101
11110011111
00100111011
00001101000
10010101011
01001011000
01110101101
10011010100
10010100011
00101111000
01101101110
11111011000
10100001110
00110100110
10111110001
00010101101
00001011100
11110001110
00111000100
01100001011
10000011010
00011011010
10110011010
00110011101
00111011110
00110011111
01110001110
01101011001
10111001100
10100110000
11101100010
10000011101
01111111111
11001010110
01001000011
00100101101
11111101000
11000001111
10010100000
00010010011
01011011001
00010111011
10001011011
10001111101
00001011100
11101011010
01101110000
01101001111
00100110001
11111010101
10000011100
01111101101
11101000000
01011001100
00001010101
01001101011
10001101110
11101111101
11101110000
01011101110
00011111010
00001111011
11011000000
10110000001
10110110011
10000001001
01010010010
01010111110
00100110100
00110111010
01111111011
10101110011
11111000101
10100101111
11101011010
10001001001
11100100100
00000000110
10100101101
00001101010
11010111110
10101000011
11000100110
11101100101
11010011011
10111101100
11010110110
01101001111
10101011011
10100110101
01101010010
01111010101
01110011011
10110010111
00110010111
01001010000
01111110111
01000011110
11110110110
00111100010
01110011010
11000000101
01111101010
11011000101
11111011110
10101001010
10011110110
11110000001
01101000101
00110001001
01011110111
01001101011
00101010111
00011110010
01010101100
00011110011
11001010101
01010010111
01001111011
00000011001
10110111101
10011011001
00000010101
11010101110
00000101000
01101000000
01101001011
11010100100
00011000011
10011111111
01101000101
00011010011
01001101010
01101000001
11001100000
00110010010
10101101011
00101000011
00111000101
01000000110
10101011110
10100010010
00011100100
00011001110
00111101100
01100011001
10001100010
10111101110
01110110000
00010101100
11011111101
11100011001
01000011010
10101101110
10010101001
01110011100
10100100001
01110110000
00001000110
11111111110
00110011001
00101011111
11011101101
01000101111
10011110001
11100010110
10111100110
10000111001
00010101010
10111001100
01011100110
00100110001
10000110010
00000011010
10111111101
10010111101
11011100101
10101100110
11101101110
00100101001
11010000111
11011100000
11100111110
11010100001
00000100010
11100111011
10001001001
10100101000
00010111001
11101101010
01111001101
10110000011
00100111111
00111110000
00110000111
11100010011
11011110010
10010010100
01010011010
10000111111
01000110001
11110010001
10001001101
11111000010
11000111001
11110100011
11111001011
00100110010
11100110010
00101001000
01001011110
01111010100
11100110110
00100101000
01110101111
01011110101
00010010100
11100000010
01101110100
00010111011
10001001010
01100100100
11000000001
11110000000
11110101010
10011011110
10001100011
01011010000
00010011010
11011110010
00110000101
00101111011
10000101100
01111110110
10110001010
01011011000
01011011111
01001100001
01100111001
01110001001
11100000011
10110010000
10111011011
10011011010
00000001011
00000001110
00011111100
01011011000
10111111011
10110111011
11000010011
01100000101
11000110101
10101011011
11001110110
10011000110
10011111100
01100010001
11001101101
11001111111
10011101101
10110110000
11101000110
10000110000
11010000001
11101001000
01100101100
11001100110
01011100111
11010101011
00000110100
10110100111
11100101100
01011010100
01011001011
10110011101
10001011111
10110011101
00100000100
10000000100
11010010010
00110110110
10010100100
00110010100
11101000110
10100001101
11000100010
00010111100
01010111101
01000110111
11110011000
01001100101
10101111000
01100111110
00111000101
10110000101
01010011101
00111000110
01111101000
00000000100
10001100101
11010111100
11011010110
10111100101
01001100000
01101110110
00111101101
10101101000
01001010111
10111010010
00100011010
00100011011
00000101110
10001100001
11110011000
01101101101
11100110001
01110011100
10010010000
00111101101
00100110111
11110001110
01000110011
10111011110
10101001000
00000000101
11001101001
01110111011
11111111100
11110010111
00111000110
11110111000
01000000111
10110110101
00001100111
10011010110
00101101000
00000001101
10011010111
10111000111
01111010110
11001110100
01111111011
00010000111
01001101110
01000011011
10110101011
00000110010
00011010011
01011001010
10001111001
01101001011
11100001011
11100110111
11010000111
11101101011
10110001110
11100011100
01001111111
11000011110
01111110110
00110101000
01010010100
00000111110
01000100001
10010111000
00011011011
11000000110
01110001111
00010011011
00011100001
11001001100
11000100011
11101100101
11101011101
00101111001
00001110101
00011110100
01100101011
11100110100
01110000110
01100010001
01010100101
00101000011
11110001110
11110111000
10000111101
00110101010
11100011001
01001110101
01100000001
11100110010
10100111000
10100111000
01011010110
10011010010
10100010011
00001001100
01011110010
01010001101
11101110001
10100110111
10000110011
10011011100
10111010110
00111001110
10001100010
00110001111
10001011011
01011100010
10011011110
11110010101
00110001011
11010101010
01100011001
10101001001
11001001011
11110010110
10001101011
10111111101
10100101001
01111011101
00011101010
00001000100
10001111101
11101101010
01100010101
10110100001
00000011010
10000010011
10001000100
00010011111
11110111100
11111010001
10101111000
10100111101
11101110111
00001000101
10010001000
00101111111
11101001111
11111100001
10110101010
11100011110
01011110101
10101011010
00100110111
10101011000
01110101101
10010100001
10001100111
01001101101
01000111011
10000010110
01011011100
00011000000
01110000110
00001111101
11011001000
11011000001
01001010110
01110001111
11000111110
01100000011
00101000111
10011011011
00110001111
11101101110
01001111010
00111001011
11101101000
00001100010
01110101111
11110100100
11111011010
01100011010
11001001010
10000011000
00000111100
10010001100
11001001011
01100011000
01010101011
00101010000
01010101110
11010010110
10110010110
11000010010
00101010010
00010111010
11001010111
00111010110
10011001001
01111100111
10001101011
00100100100
11100110111
10111110001
00001001001
10010010111
00100000100
01000011010
01100110111
10011100001
11011001110
11011111111
10110100011
11111100101
10101111101
00101001100
10100100010
01101110110
01100001110
01111110000
01011000010
00101011111
01101110111
10000011011
11111001010
11111111010
11000001011
10001010111
00000010100
01110100101
11011101100
10100111110
10001111000
11000111001
00111000110
10110110010
10011011100
00101111110
00010011010
11011000000
10001011110
00110110001
01000000100
01011101010
11000010111
00000011010
01001111110
10100010001
10000100001
11011101010
10110010100
01000001010
00010001101
01001000110
11011110111
01001110011
00000001111
10000001010
00000001111
10000011101
00110100100
01110111111
10001100101
00000000001
01110110000
00000101011
00010010111
11010100010
00011000110
01101000001
11011110010
10000000100
00101101100
01011010011
01100111101
10101111010
10111110110
10110001010
00001000110
11100000100
10101000111
10110001111
10110001111
00000011110
01100001111
11101011100
10110111010
10101001110
01011010000
00001001010
01110010011
01101101000
10110111101
10001100010
01011010010
01001011010
11011010011
00010000011
00001101101
00011101010
11100000001
01110101101
11011100110
11010111011
10000010111
11111111001
11001100100
10111100110
10000010110
00010110110
10011001011
01111111000
10011101100
10100101100
10000111001
11111101110
10100011111
11000011001
10111100100
01000000000
01000110010
01100011101
01100111111
10110010000
00100111001
10110111001
00110011111
10000110011
11000001111
00110101010
00000001111
11000110000
10001001100
01101000100
10101100100
11001101010
11111001001
10001000111
00100010100
11010100011
10010110101
10110111111
10000000111
00111111110
11000010101
00010111001
10001011101
00110101110
11111000010
00011110100
10010011010
00100011001
00010001010
10100101111
00011000110
00110010001
00011011111
00011001111
00101101010
00101010001
10110001111
01011100010
11011000100
01111000010
11110011100
00111110101
11000000101
10010111111
11100111010
10000000101
10000011100
00111001001
00111100100
10100110110
00011100000
00011010010
11000000100
10010011101
00010101000
10010001011
00010011001
11010000110
00000110101
10110110110
01110010000
10010010111
10000111101
00001101101
11010110100
10010101100
11011110010
00011111101
11000101000
01111110111
00100011101
11101101100
00101111101
10000000011
11001111010
00000000010
01011001111
01000000001
10000110101
01001101101
11000010001
11100011010
10011000111
01101011011
00100011111
10001110110
11000000111
11111110011
01000000001
00110001001
11101110110
00101101111
01010011011
11000001101
00110011000
01001111011
11000101010
00001000001
01000011111
01101100011
00001100101
00001111110
00011111111
11000001101
10011111001
11011100101
11110100011
00000001011
10000101101
01101010110
10110110110
01101010111
00000000111
10100100010
00110000000
00100010001
00011010110
01001110000
00001010111
00011010000
00000110000
01010111111
11111000110
00010100110
11011001011
11101010100
01010110110
10110100011
01111001101
10111111001
10100010010
11001010001
10001000100
01111001111
11111101001
10000100011
11010010001
10011100000
11011111111
11111110111
11010111100
00010001000
00100010001
00011000011
01011000011
01000110000
01000011111
10000001010
10101011011
10100010010
00001011011
10011011111
10000011110
01100011011
10011111111
10111000010
11011110101
00110000101
01000111110
10111111101
10001100000
00100011010
10111100010
00100111000
10000000111
11011110001
11100110100
11010010011
10011000100
11001110110
11001101111
01110011101
11010010101
11010010001
10000011000
10101101111
01010010001
10100101010
10001111010
01101101011
10000011111
00111111001
00110110001
11101011101
10010111001
01100011001
01111101100
00101010100
10101100000
00100001101
11100000001
10011011011
10100100000
00100110001
01001000111
10011100111
01011000011
00010111101
01011001111
11011101010
10010010100
00011011110
00010101101
00011101110
00001101110
01010001011
11001011111
10111000100
11011000011
00111001011
01001110100
00111001001
01001110000
00110001101
00011101111
00111110100
11011000000
00001111000
10011011010
00110001101
00110111111
11111001111
10100001111
10110001001
11110110111
10111010001
01110110010
11100111010
11110111001
11101010111
11011011010
11011110100
00000110101
10000010100
00101011100
00100011000
01010001110
00110110010
01110111011
01001000001
11110011010
11000111010
00101111010
11110011001
11101111110
00000100100
00110010011
01000011001
11000001100
11100000000
01011111010
01101010100
10111101110
00001111111
11110100011
00011111010
01000010100
10011101101
11100111000
01100000101
01001010011
10000011001
00110111100
00100100110
01111100000
01001101001
01011011111
11000111110
10110111010
01011101000
00010101010
11101101110
10111111100
11101001111
11111000011
00001111000
00000010010
11010111000
01110001110
01101100101
10011001111
10100001010
10011111111
11001101100
10111111111
11101111100
11110110011
01001000010
01000101110
11001111111
00001000101
00011011011
01000110101
11110111110
11000001110
10101111111
01010100010
11001100001
01011001100
00000011110
11010101111
11010010101
10111000111
01001010001
10101100011
00101110001
01111111011
01110000111
10001011101
10101100101
11101010110
10010101000
11101001011
01111011101
01111001000
10110101110
10101100001
10011101111
10111011011
11110101011
10110001111
10100101000
10010100111
11011100000
11011010100
00010011101
10101100110
01101001100
11011100000
11110000010
10100000100
00011110000
00001101101
10100011011
11111111100
10000000111
01111101101
00010110100
10000010010
11001011110
00110011001
01101011101
11110000000
11110000100
10111011000
10110100100
00111001001
01010101000
10010100010
11100111101
10001011001
00001100011
00101000111
11000111010
00001001011
00110111011
01101101001
00111010011
11011101010
11000111001
10011000001
00001011101
10000111011
01000111011
11010110011
01111011111
00000010011
01100110111
01011000011
00100011110
11100011100
00001010100
01100010011
11101000010
00001100100
01100101001
10001101011
01011110001
10101011001
00111110000
11011010110
10111010000
11110101100
11101111110
10001101001
10000010101
10111011011
10000100001
11100100101
01101100011
01011110010
01011010110
01101111100
10010110001
01001011001
11010110010
00000001001
10010110100
11101111001
01110011101
11000111110
00110110101
01111111110
01011101111
01100000000
00011001101
01111001101
00011110011
11010010110
10110110101
00000010100
00100111111
11001100001
11000011010
00111011011
11110101111
01001001100
10110110110
01011111110
00001111010
11100100000
00101011010
11111011110
10111110110
01001010011
01111011101
11000110100
10101111010
00000110001
00010010101
01001100101
11110110100
11110111101
00000000011
00111001110
10111110001
01010010001
11100010101
11101100010
10001100010
11001000010
11110101001
11111001101
01011000001
00100011001
01111101010
01111110000
11110100000
00000101111
00011011001
10001111011
01010010100
00010001000
10001101011
10010110101
10011100001
10111110101
10001111100
01111011010
00100101000
00011001000
10100101111
01000001110
11100011101
10010100100
11001000110
11000110101
11001100100
11010011010
01100111110
00010111111
01111110001
01111000001
11000010011
00000010000
00001001101
11000010001
11110010001
10010111111
00101101010
01010110011
10100000100
01011000110
01011000000
01001010111
11111110010
01001110011
00001000010
01110100010
01101110101
11011110100
11001111011
00001111000
10010111100
01001010001
00110101111
11110110111
00111010011
11010110110
00010001101
10001001001
00001100111
11001010010
10011010100
00001010111
01010100001
00100111011
00010100001
11110000001
00010110000
11011101101
01111110011
00000010010
01010011010
00011101011
01000111001
01010100110
01010100001
00001101011
00001101011
10110111111
00000110101
11101011001
11001001100
01101011010
00011001111
00100010010
10100111111
10111100000
11010011110
11011100001
00010100101
10110111011
