11010101101
00010011000
10110111111
01110011011
00100011000
01011001010
00101000000
10110100000
00100010001
01101100010
11101110011
10111111011
11010000100
00100011111
00011110100
01010110000
11000101010
10001111110
00011000011
01101010100
10100110110
11011110010
01111111010
10110001010
01001100111
11100100111
10110111010
10111011010
00001101110
01011100101
01100110101
11000110001
01000111011
10010000100
00111100101
00011100110
00111000100
10111011000
10000110100
11101100100
10100100001
01101101000
01011101010
10111111110
01111000101
00110110000
11110000000
01000110110
11101010000
01101010100
11100010011
01001010110
10110000001
10100011111
10001011010
11000110010
11011001111
01101110110
10101101111
10001010100
00010000001
01111001010
01110100101
10110111100
10110111001
01000100011
00101010100
00101100010
11011111010
10001110001
01000010010
10111011101
00110110100
10011111101
11100101110
01110011010
00010011110
10001010000
10000110110
10001101011
01001001000
11011111001
10011000011
11111001000
11110010011
11101011010
10011001011
01110100111
00010110010
11101101001
00111110110
11111111111
00111001000
11001000111
01011001000
10110000100
10100101001
00011110000
01001001011
01001000101
00101101001
00110000110
01010000000
01100010010
10110110100
00011011110
11010000011
11100001000
01000010100
00101101001
11010010011
00011000111
11010100010
01010100001
10001011100
00111000001
10011101011
11000111100
11101001001
10100101011
11100111000
10001101110
00000101011
11011011000
10011100001
01110011001
01100001110
10010000100
01001110110
00110000110
10100111100
01100001110
00101110110
01111010110
10001101010
11110001110
10100000100
11000101000
00000010001
10110010000
10010111001
11111011101
01111001111
10101111010
11000110110
00101100001
01110010010
01010011011
00010001101
00011011001
00110011101
10001110100
10100010100
00011000000
10010101101
01100010110
11101100101
11011001110
01001011000
11001111110
11010001000
00011011100
01100010111
01001011100
00011100111
00101110000
01111101110
01001001000
01101100010
00011111111
11111011110
00011000111
01011111010
01110010010
10010011101
10110010000
01010111101
01000101001
00100111011
01011111110
10100101100
11111111000
00110110010
01011000001
10010011011
00100100111
00101111011
11111001111
01001000001
11000010000
00000010101
11010100100
10100011110
10100011110
11001001000
10000010100
00101000000
00001101011
00000101101
00011011100
10100110001
00010010100
10011111001
10010000110
01001000001
00000010000
00010111000
10010000010
01100110001
01000010110
11101011011
00001111111
11001110111
10010111000
01101001010
01100101001
11010011010
00101010001
01000010010
10010001010
01010011110
10011100111
11101110111
11011101111
11101000000
00000000101
11100111100
00010110110
11111011010
01001101100
01000011001
11000011001
11001100110
00110010010
01010011001
11111000000
10011110001
10010101111
11010110110
00101010110
01000010101
10011111011
11101110110
11010001011
00000100000
01100001101
11101101101
00010010011
10001000100
11001100100
00101000000
10000110010
00100001101
00111011100
10111001111
11100100001
10111111001
10010000001
10101110111
01100110100
11001101111
01100101100
11110011100
10000101010
00100110101
11110000011
11001011110
10010111111
11001110000
10100010011
11011001111
10101100111
10110010001
10110011001
00110100100
00100100110
01111110001
01001100000
10011001110
00000100100
00000111111
10010101001
00101010010
10110101011
10110100101
01111110010
11010011001
11100100011
01110110100
00111100111
01010001101
11110101001
11000101001
10100111010
10010001001
10010001110
11110100001
10001001001
10001001011
01011000100
00111000110
10111111101
01110110100
01010100101
01001011000
00010111010
11101101010
10000010101
01011001101
10111111000
11100100111
00000010011
11100001011
11110010001
00011110000
01001101010
11111001110
11100011101
01100110000
00100110100
11101110100
00000100011
00010110111
01101000010
10110101111
01010001000
01010100000
00110010101
00000100011
01001111000
01101011101
00001001011
10001110001
11011111110
10101000110
11000011000
10110111010
01111001001
01010101110
10000010001
01001010000
01111101101
00011011100
01011010101
10111011110
01011111011
00000000001
10000111100
10101011110
00100110111
00010101111
01100101101
00001100011
11000100000
00000010110
11110011001
10010011011
11101100011
00000110111
10010111000
10010011011
11101010111
10101010110
01111101011
11111110111
10100011111
01000100010
00101101000
01101000010
00101110001
11111100000
10011011000
00100101110
00000110100
00011100111
00100010110
11100000111
01001110011
11000100101
11111000010
10011100101
01001101101
11001101001
10101111011
00011001110
01000001100
01001010111
10010001000
00001000010
01110100110
11100010111
01010110000
10100110110
00101010011
10110100001
01001001110
10111111101
10001001000
01100111110
00010110100
00011001011
11100101011
01110111001
01001110100
10011110101
01000100111
10001111111
01011101110
10100110100
00010110111
00000000000
11001110000
01001111011
01100011010
10011011100
00101010101
10100010010
01111001001
11010011110
11010101100
11110011111
11100010010
10011110110
10001001100
01100101010
00000101011
11111011011
00010001010
01110010001
10110111110
11100011101
00111101011
01110111010
11110111111
01000000001
10110000001
01001110000
00110001110
01011101011
11010000110
00001011001
10010111001
10010001000
10100000101
11010110011
00111111010
11111010000
01001001010
01010101001
11110010110
10000101010
00100001010
00110011101
11111101001
11110011001
11100101100
00001111010
00110100011
00000001110
10100111010
11011001010
10001110000
01001011001
11000111011
10111001000
01110001011
10010110101
00000110110
11101100110
01000110011
10010011110
11000000001
00011110001
00000111110
00001101110
11000111001
00111111011
10000001100
11001110010
10000111000
01111000111
00011110011
01001000110
11011011100
00010010010
00000111001
01111000110
01000101001
00001000110
01001100110
11100100100
11000011001
10111100001
10111110110
11011000101
10011011100
01101001101
10110110100
00111000011
01111011100
01000000101
11010111101
11100110000
00100011111
10011111110
00101001110
11110000000
00010000101
11001010101
00100010110
11000111001
11010101000
11010000101
10100111000
01010001011
00011110110
00110000000
01000001100
10101001010
11000000110
00100001110
10111000110
10011010001
00000101011
10101011100
10010000101
01101000001
11110001000
01010100111
00010000111
01100011111
11110011000
11001101110
00011011000
10011101011
10001111111
10100101101
01100111011
00110101011
11110001101
11010110010
01010011101
11010111101
10101101010
01110010000
11100001000
00100110000
11001110001
01100101101
10001000010
01010101001
11100001001
10011110110
00000000000
00010010110
01010101101
10001100001
11001001000
00111011101
00010010100
00011000110
01010010111
11011010011
11000000000
01110000100
01001101001
10111111111
00011010110
01000100001
01001001110
10101010110
11110000001
11111100110
01101011100
00001100010
00100110001
11101100101
01010110001
11000110001
11111011100
10010110110
00111101011
11010111110
11011111101
01000100100
10011100010
10010000100
11000100000
00011110011
11101001000
00000010011
10011101011
00001101111
10001110111
00100010111
11010110101
00101010000
11101011001
10000101111
01100110101
10100010110
11101010011
11000010111
01001110010
10011100011
00101111001
00110111100
00010000011
01111011010
01100000100
10000110011
00111001100
11100100010
10000010110
10101001111
01100100100
11100101000
00000111101
01010111100
01111101011
11001001000
00111111110
01111110001
01111011110
11101010001
01110100101
01000101110
01000100011
01010010001
00010110111
01100011111
11110111110
11010110110
01010001000
10010010101
10001101010
11111000010
11010110111
01010011101
10111100101
10011011110
11010111111
10111011011
10101101111
10111101111
11011000010
00001011011
10100011101
11110001000
10000110101
11111100101
11110111101
11000100101
01100001000
01100001110
00000111100
01001001000
00011101010
01011100101
11101001110
10001100010
10000001001
10100000000
11110011111
00101010011
11101011001
10001111101
11011000111
01011111011
10001100110
01100110111
01111101010
00011110010
10000111011
11111110111
00010101001
10011001000
11000001110
00100110100
00111000100
11011111100
11001001011
11000111011
00110001000
01111001111
10111110111
01011010101
01110101011
01001101001
01000111101
10100001110
01010111000
11111001001
00010000001
10110011101
01100111110
10001111000
01000110011
00111111001
01101111000
00110111011
00100010000
10001011110
00100001011
00011111000
00011011001
00100010010
00011110000
01111100001
01001011110
00111011010
10000000010
11001101000
10111100100
00010000010
00100110111
11001011001
00110011101
00011011111
11101010100
11000100101
11110100110
10000001011
00001100010
10111101010
11101010101
10010011000
11011111000
00101000010
11110111100
10100101010
11010011010
10001001110
01000100111
01111100111
10010100011
10001100001
01001100111
00001110101
11001111000
11001110110
00011110100
01010100110
10001011100
11100111110
10110101110
10000010011
11100011010
10101111111
01010100011
11110000010
11101111101
01110111011
01101011110
10011001101
10101011000
11001011101
01101111100
10000101110
01101011000
00011101000
01101100111
01000000110
11010111111
11000111111
00001010110
00111101110
00011111101
01111001001
01100101101
10000110111
00110101100
00010110011
11101110111
11001101111
10100101101
10101111110
00111110101
01101001010
01100111001
11000100100
01101101000
11110010011
11110100011
00001000110
01000110011
10110011001
10100010001
10110101101
11000011111
01000110110
11000001001
11100001001
00110111100
01010000010
00000000000
00000001001
10001110001
11101000111
11110110011
01001111011
00110001100
11111111011
00011000010
10000100110
00110011001
11000010000
10000100110
01110000011
00011111010
01000001100
00011000010
00011100010
10010101101
11000111111
01000111000
01101001110
01010000001
11001000000
10110010000
01101010110
11100010001
00100111110
01010011100
10101110110
00111101000
11101101100
11110010010
10100100111
10000110010
11000100001
10001100010
01000100011
11001010011
00010000000
10001111011
01111000010
11000101101
10111101101
01101110101
01010010100
01100001000
11101000110
01110011011
11000001001
10111000000
00100001000
01011010110
10100111011
01111010010
01010101111
11011111001
10100101010
10010000000
10001000001
01110101101
10111101011
00010110011
00101111001
11100000010
10101101101
01011000001
00001000010
01100011101
10000111111
00011100111
11101001110
01011001111
01010001010
01100101000
00000011011
11010000101
11110011001
00111100100
10100110101
10011011100
10111110111
11010001101
00111000110
10000101100
10100110011
00011011000
01100100001
00001101000
11011010001
00010010010
00001001011
11001111010
10100010000
01010000001
10111101000
01010111010
01111000011
01110100100
11101111010
00100000001
10100001011
01100100000
00010000111
00011110001
11011100110
01000110000
01111011011
11000010101
11001010100
00010010100
11011010110
11001011111
10110101010
00101001100
00100001011
01100001010
11110111011
00011100010
01101000110
00100001001
10100111000
00101010000
11101110110
00001001011
10110110101
11011111001
01011010100
01111110101
10110011000
10101011111
01101111011
00000110110
01001000000
11110100110
10110000101
11110000101
10110101100
11011100111
00000111001
00111000111
10010110111
00000101010
10001010010
01111010110
11010111110
10100001100
11000101010
01101101011
10000000001
11100111101
11001011101
11010100001
11111100001
11110101001
11110111010
10001001111
00010101001
11010001110
11011010000
00001010110
11010110101
00011010111
01111000110
00111110011
10000101011
11010111000
01010110101
10100110100
01110011011
11111000110
11000100101
10100110011
01100001100
00001001011
01100110101
11110111001
01010010000
11100010100
01101110001
10000101100
01010010011
01011010110
11010110010
01100011011
00010111001
11011110100
00111011110
11000000110
10000011001
00000100100
11110011110
11101000110
10000010001
10000100101
11100101001
01001100010
10011101000
00100110101
00010000110
01111000001
10111011111
10000011001
11011001010
00010000001
11010110001
10101010000
00111000011
01011001111
00001100101
11100010011
10010100100
11100010101
01101010001
01000111010
01010110110
00111001011
11000010001
10000001011
10110001010
00011110111
11001100000
10101001010
10111101010
01001000001
00111100011
01110001100
10001001111
00101111100
01110001110
10011011110
10010100001
11010011011
01010111111
10111101011
11110111110
10010010111
01101011001
10001011111
01110111101
10011110111
01010001111
11010001100
01110101110
11010001011
10011101010
00100101000
10111100001
01000011110
11011000100
00000111101
11001100010
00000111110
10111101000
01001000010
01101000100
00110110011
11100100100
10100110101
01110111110
10010011111
01111010011
01011011100
01010000011
01111110101
00011111100
01110011000
00100010110
11100000001
01010110010
00010011100
10000111101
11011010101
00111111010
00110110110
00100010000
10010010010
11100111011
01110011110
11010011001
10001011011
01011001010
11110100011
11110110111
00001101101
00110110111
10011011001
11100011000
11000000100
10000110001
11001100000
11110101001
00011110111
11011100010
11010010111
00000010000
11011011011
10111110001
11011011011
10011110110
01111110100
01101100011
11011001100
01110011010
10000010010
01111101100
11101010110
10011011101
01001111001
10001110000
11110001100
10101001000
11011000001
10010011111
10111101001
01111001111
10001101100
01011011001
10110111000
00110101011
00111010101
00010100011
00001001011
10101011010
10011010111
00011110001
00011111011
10101010101
10001110100
10100100010
00110100100
00101000110
01101101000
10000001001
01001000011
00111110101
01001110000
00010000000
10111011100
01010101100
01111100110
01100110111
00100110100
01101101011
00010000100
00010000001
01011110100
11000110000
10001010000
01011100010
00101011010
11110000100
00100110011
10111000010
10111100000
01111011001
11001001000
10111101010
10001000011
10010101010
01010011110
01100001101
11111111011
10101111001
11001111011
01110010100
11000000001
11001000101
01111011111
11000010010
00101001000
10110111010
01000111111
10011001001
11000000100
11100010100
00000001110
00110010001
10011101111
10101100010
11010100110
11011110010
00000000011
01100101110
00111001001
00011011011
01010011111
10110001101
10110011011
01111010010
01001000000
11111010010
00100000000
00110001010
00000011010
01011000001
10010010101
11000011010
11010011000
01100100110
01101100000
11000101000
11001011011
10111101010
10010111001
10010100001
10000010011
00111001111
00001000010
10011010111
01000110110
10101000010
00000100000
01000010010
00111111001
11111101111
00111011011
11011011100
10011100101
10100111101
11001000111
01011100100
00111100111
01001000101
00110010010
10110001111
10001000001
10101110100
01011100100
10111011000
00101110001
01011100111
11010011111
00100010100
10000011000
10010110111
00100100010
11100111001
01111010011
00100010111
01010100100
11101101000
01101111110
11101100001
01110100110
11110000110
01010110011
00011110110
01001110010
01000000110
10111010100
01110111000
00101010101
00101011001
01110101011
10110011010
01101011011
11001010000
11001001100
00111111010
11100110111
00100001100
01010001011
11010001010
11011010010
10101010001
10000101010
00001001011
01101111001
11011111011
11111101010
00000100000
10000000011
01111000000
11001010100
10100110011
10110101101
10001110011
10100110001
10011110100
00001011000
00001100001
00110001110
10000000000
10010110011
11111100001
10010011001
00101110111
01010110010
01001000111
01110000010
00000011110
11111000111
10101011011
10000000101
01000010010
00011010010
11000011001
00000100100
10001100111
01010100000
01010101010
10010110111
01111010001
11000001000
10100010101
00111001010
11100000100
00011000101
00110011101
11011010011
01100001010
10111110101
11110101010
11111110011
00111010101
00110011010
01000000010
11001101100
01010101101
00111011110
00110100001
11110100000
00001111010
01010110010
00110011100
10100001101
00110001010
10000111010
11011100000
10011100100
10111111111
11111111101
00100011000
00111000110
00100101100
10100100011
10001010100
00111010001
00101111000
01110100011
10111011001
11010101000
01101101001
01100100110
01110101010
11001100011
10000010111
01010111110
01101111110
10011011011
11111101000
11010111111
01000011100
00010001100
00000011000
10110110101
00101101110
00000110011
01010011011
11101010000
11011111101
01100000000
01011111110
10100101100
01011100001
01000001101
10101110010
01110010101
00011101101
10000111010
10010101001
00010101010
10100111111
01111010011
00100001001
11010111100
11111111110
11111101101
11011011000
11101101111
01011101110
00100000101
01110011110
11001101111
00000011000
00010001101
11111111101
01000100110
00000011101
10110111000
11101011000
00101011111
01111101000
11000111101
11010101010
00000001001
10110001111
01111000001
10010001010
01110001011
10100101111
00000110111
00001000010
10101000110
11111110110
10101100111
00100010110
00000011001
01100111010
01010111111
10101100111
10110011110
00011010011
10111000001
11110111111
00000011001
11010100001
11100100011
00011010100
11011110000
01101111101
01010101101
10101000011
01101000000
10100100001
10110111001
01011110011
11010101101
00101100011
00000100010
01100000101
10000110110
11110001101
11111011100
01011110010
10010101000
10000010110
01001110001
01110100111
01100001001
10110101111
10010010001
00101101000
00010101010
10000100001
10111101001
11001101110
00100010110
10111100111
00001110010
01101001111
10101101110
10111001111
01100110101
11001100011
10010100101
11000111000
10000110010
00001000000
01000000101
01110010100
01000000011
00010110100
11001110111
01010001100
00101100011
01001100110
11100011010
00110101010
10000101010
01011001000
01101101110
10101001010
00001101010
11001100011
00110100010
00110011010
00111101011
01011101001
11100111110
10100101000
00110010100
11000100010
01011110101
00101010110
01000110000
11010000010
11000010100
10100000111
11001111011
00001010100
01111100100
00011101101
00111011111
01001100000
11010011010
11101000011
01000110010
00000111000
11101000011
11110110000
10010000010
10001011011
00100110000
01111010110
11110111100
10111000100
01100101111
00110110001
00101101110
00101000010
10000101011
11110011110
10101000111
11001011000
00111100010
01101101010
10001110110
01010110111
11001010010
11101101110
01010100001
00100011100
11111001111
11000111011
00011100000
01100100111
10010010111
00110011001
01110001000
10101100010
00001000101
10010011111
01100111111
11111101100
01001111011
01000000110
01000011101
10000011110
01111101111
11111110101
10010110011
11001000111
01011100001
11101001101
01011011101
00001001000
11111110001
11101111000
00001000011
00011101010
11100001100
11000001101
11000011010
00011010010
10100111101
10101100101
01011110100
10001101101
10011000011
00110111110
10110010010
00010100011
00000110101
11010111001
10100110111
00101001000
00010010010
01101111111
10111100100
11110011001
10010101110
01111111010
00110100011
10100101101
11011111001
01100111110
10111111101
00100000101
11000101100
10001000000
01100011011
11001111111
11001011011
10111010111
11101101001
10000011011
00010010110
11110110111
11001011100
10101010110
00011101111
11111110001
11011011101
01010001010
01001011111
01011011001
10010011111
10101011001
00010010011
01011001000
01111100011
01000100001
00001111110
00000000101
01111110110
01010111111
00110111100
00011010000
00111000001
11101101000
00000010001
11000001101
10101101110
01010001011
11010010101
01010110000
10010001000
11111101110
00110001001
10101000101
11100000011
00010101110
01100010010
01010000101
11110010100
00110001101
01110100010
10000011011
10110100110
01110111000
11101101110
10010111110
10000011000
10000110001
11111001001
01011100100
10011111010
10000110001
10000011010
11000001101
01011000101
10110111100
01001011111
10000101101
10000000110
10010011011
00100100100
10000010010
00010010100
11110110110
00010111001
00001000010
11101100111
11000001010
11110111011
00101010000
00000101110
01010101110
10100110000
11111101101
00011000011
11100111000
10100011100
11011001100
01010011101
11001001011
01100001110
10111011101
11111111001
00110011010
11001100101
11011111100
01111001100
01110100001
00001111010
00010100100
01000100001
01100100110
00110011010
00111101110
11001011011
11010100010
00111101101
11100101001
01100111110
11011001000
10110100110
00010010111
11001100110
01101101011
10001001110
00110110100
10010101111
00100100010
11001111101
00100100001
11100101010
01011100110
01111100010
11101001111
11111011110
01101010101
01010101010
00001101110
00101010101
01111011010
10001111001
01011000101
01011000100
01000111110
00100010111
11101101100
10100101111
10101001000
11000010111
01100011000
00001001111
00001000101
10100110111
00110010100
00010101101
11101101000
01001000101
00010111010
11101110011
10110000001
00000110101
01010011111
01001111011
10011101100
11111011100
00011110111
10000000101
00111100001
10001110000
00010010001
10111010011
10110001100
11100010101
01101101111
01110000101
11001100000
10010101010
10000101111
10000001110
10001001011
00100111010
00110011100
11111011011
01111101000
00011100011
01000100011
01101101101
11101100010
01011010110
01011010001
11001010110
10101101001
00011001001
10001110010
11111111110
00010011111
01111011111
10011010101
01000100010
11101101100
11101011001
11011010001
11000000111
01100001110
00000011101
11100011100
10000100010
00100011101
01111001000
00000110100
01100001000
10101100110
00001101111
11101000100
00010010101
01111010111
01100011011
01101110110
10011100001
00011010000
11100011111
00010010110
11100111000
01000110010
00000011001
00101010100
11100010111
00110110001
10111100110
11010000101
10000011010
11111100101
01111010010
10101100010
10101000110
00101011011
11110111100
01000101100
01100011101
11111001100
10011001001
10000001111
11100001001
11000100001
10100110001
11100101100
01101000011
10001011000
11011111110
10100011010
01110110001
11100000010
00000000111
01111111111
00010111011
10000010001
01110110101
00111000000
01110001101
11000000000
11010111011
11110110100
11101101010
10101000000
10001010110
01010011110
11011101010
11110010100
01001000011
11011111110
01001100011
10010100101
11010101101
10011000000
10010111010
11111101010
10010011110
10110111110
01010100011
10111110111
11001100000
11000111101
00011000000
00011000111
10100010000
01110111000
10011001100
00010010010
00000110011
01001001011
00111010011
00001010101
01010101000
10111010100
11001111010
11111001001
10001100000
01011010011
10011101100
01010001100
11001101101
00101011110
11011000001
11111011101
01100101100
10001001011
01110001011
00001101000
00011011001
00100001000
00011000100
01000001100
01111000001
00001101110
01110110001
11100010000
10110011010
00011000011
01100110101
01100000000
11000110000
10101111010
11110111111
00101001100
11001110000
10110100111
01111011001
11101110001
11010011011
00110000001
10011010100
10010101111
00010100001
01011110100
00100011000
10111111101
11100010001
01110110001
10010101011
00110110011
00010001111
00100001100
11010100100
10010100010
00111000111
01000100101
01011010100
10101110101
11100111111
11101000010
11011111001
01110100000
00010000100
00000100110
10011011000
10011100100
01110011001
11111010000
01100001001
00000101000
11101101000
01101001100
11110011110
11110110111
01001010100
01111000100
11101110011
00010010011
10110100110
01010111110
00111010111
10101110001
10101110000
11001000111
01010000001
01010100101
11110001000
00011011110
10111000001
01010001010
01000101100
10011001010
00000101011
10111010100
01010001101
01010101110
11000111101
11100010000
01101100110
11100111110
01001110010
00011011000
10101101111
10111010010
11000011110
11100100111
10111010111
01010110101
11010110100
01111101000
01101110110
11011010001
00110011100
00111010110
11010110111
10111100100
11101000011
10101000110
00000111100
00001010010
00000101100
01100011011
00101100110
00001000011
01001001111
00001011100
11110011011
00001010001
01000000111
11110010000
11011011001
00001100110
10111110100
11001000010
00101000110
01000000001
00111011010
10010001100
01011011111
10000110101
11010000110
10101010001
11111011011
11011011110
01011110010
01110100110
01010001100
