01010010010
10101101001
01010111110
00111010011
10100000001
00111111001
10101001101
01110101100
01010110000
01001110101
01010101001
01111100111
00001101011
00101011100
00011101001
01000010000
01001111001
11110101100
01110001111
00110111011
00101011100
10011110001
01001001111
00000110111
01011101001
11001100011
00001011010
00101000001
01011101101
10111000101
10011100010
01100001101
11010100110
01011100101
01000011010
11001000011
01001101100
01100110110
10110100000
10100100111
11010001011
00111000011
01000001101
11001010001
00110100001
00011101111
10000110101
10011001101
00100011001
01011001101
10010100010
00101100111
11010010100
00100100100
10000101001
01101011111
10111110100
00010101100
11110111000
10101000101
11110110000
10010000010
01111110111
11101011101
01111110001
01101010010
01011111110
10111001001
10111010111
11101001110
00100101010
00011100100
00100010000
00100110101
10010101111
01001100010
11101010100
00100000101
01001011100
11100101011
00100110001
10011111001
00100100101
00100001010
10101110100
01110110111
11011011011
00010000100
10010011100
11001010101
00010010011
10000110011
11010111111
01000101101
11011111110
01100001010
00101000111
00011111010
00101011101
11011011011
10000000101
11101010110
01010001100
00000010110
00111001111
01010010011
10000010001
01001011010
11010010010
00001011111
10001101101
01011101000
01011101111
11011110100
11111010011
00010001000
11001001110
01000000101
11110100110
01000001100
00110010011
01111011001
11010101001
00111101110
01000111100
01010001000
11100000101
10111100011
00001101011
11110110000
00111011101
11011000110
01010010100
01111011111
11010011010
11000001011
11101111001
11111001010
01010000111
10111001001
01100011010
01110010001
11111110011
01011000001
00000011000
10100111110
10001010011
10110111100
00100100011
11111010000
10111011011
01000010010
00001110101
10100111011
10100001000
01000010100
00101001000
10100001000
10100100111
01001011110
11010101101
10010011010
11011011101
10010001010
00010100101
11000000011
00111101011
00001111101
01011110100
11001110111
10100011100
00111010010
00010111010
11011111000
01001101110
11011000011
01100110011
11110010001
00010110001
11011010110
11010111111
00010000010
01100010101
01001110001
00100010101
00111010111
00001000010
01011001100
10111100001
11000111010
01100101011
00000000111
10110111111
00110110101
01111101001
01000011011
10100101111
00100101101
10010000111
01101100111
00011001011
10100100000
01010110000
01000111101
11011001111
01111110100
10111001101
01000011000
00001111011
00000001000
01011100111
00010101011
11010000111
11110000001
10110010011
01100000110
11100111110
00100000011
01110101101
01100101100
01011111110
10101001001
10000110110
11110011110
10010000010
10110100110
00111010011
00011111100
11110010010
10111111001
10000100010
00100010001
10001101010
00101010010
10001011100
10110100101
00000110011
10010110110
11001010100
00100101000
10011011101
00110000101
10111110101
10111111010
10010010100
11010101000
01101101011
10101110001
00111110011
00011001100
01110001111
11100000100
00011101001
11111000111
00011101011
00110010111
11110011111
11101111101
01010011111
11010100011
01001110101
01001011111
00011101001
00111101101
01011100000
11000001100
10001001010
11001000000
00100010001
10101001011
11101001111
01100101110
01111111101
00010010010
11111100100
00000010101
11111110110
01010000011
10010111100
00001101111
11110110100
01111001110
01011110100
11001001110
00001010110
00010010010
00110110001
11110100011
00010001111
10010101100
10001100111
01101001010
01111000111
11101101001
00110000110
01000110010
10010000011
11111101011
10111001110
11100010000
00011000111
11011100000
01001001011
01111101111
10100001101
10101001000
10000010110
00011100111
00110111101
00100011001
10100110110
01011100100
10110011101
11001100010
00111001111
11001110100
11101011010
01001011100
00010101000
11010101000
00100000010
00101000101
00101101001
10111110000
01011011111
11100100000
00111010100
00010011110
11101011011
11101001110
10111000110
01001000111
10011011011
00011101001
10111100100
10001111011
01101010000
10100000001
00011001010
01001110000
01100100000
01011111001
11001010011
01001100111
11111110111
11001101010
11101011001
10101001111
11010110111
11110100000
10010011010
10110111010
00010110000
11010000111
10001000100
10010000101
11101010011
01001000001
00001000000
11111000001
11001111110
10010101001
11010010000
11000010001
01010011110
11110111101
11010001100
10000001100
11001110010
00101111101
11100110011
01100100111
00111001101
00001111110
10000011100
00110100010
01101010111
10010101100
10000111000
00011111100
11001000101
10001111101
00111110110
11001011101
11011011111
10111101101
11111111111
11101110011
11001110010
01110000110
00111011101
00101110010
00100100010
01101101111
10010111000
11110011011
00010111101
11000000100
01111001001
00011000001
10010111111
00000000110
11100000001
00011001101
11100000010
01000011010
00111111101
01111010010
10101001101
01111100000
10001011100
10101101110
01001011101
11010110110
00110100001
10000000001
11110111001
11001010001
00111110110
01010011010
10111101101
00111101000
01000010111
11111100011
10100100110
11010011110
01011101001
11000110110
01011001111
10110110101
00011101011
11010000110
00001101110
00100010001
00001000000
11111010000
11110000011
10001100101
01000001000
11110010100
00000010010
01110101001
01111011101
00001011000
01010110000
00001110100
00000111001
10001100110
01101101111
00111100011
01011101011
10111010101
11110100001
01001111110
11011111011
01110100001
11001100100
11001010101
01111010101
01100101001
11001101111
01001011111
01011100011
00100011010
10101100101
10010011100
10010110101
01010011101
11101000101
10101011100
01111110011
11001110011
11100001101
00110110011
10001101111
00110010001
11110111001
11110010101
00100011011
01000100101
01101001011
10001001110
10010011111
11111110011
10010000001
10101000111
01110011100
01001101101
00000001111
01110101010
10111100001
11000111101
01110000100
11011001111
00000100110
11111000100
11101001011
11110111010
11111001010
00111111000
11011111110
01101010110
01110001101
10000010010
10001000111
01100110001
10010000010
00100111000
10011100110
11011101010
10000011001
10001100000
01010010110
11101000111
10101111011
11111011111
00010010110
10110100111
11010101100
10111101110
11110111110
10010111100
11011011010
00111111001
00011111001
11100101111
11011001101
11111100101
11101000100
00111001110
01010110111
11010010010
01000010011
11100011110
00100000011
10111101100
00111101110
10001110010
00001010000
11100000000
10000000011
00100010100
10010001101
00011000100
01010000101
10111101000
01110010111
11110011110
00010100100
01001010101
10101111100
11110010000
01000110011
10010111101
11010011000
01100100100
11110000111
10110111000
01100001101
00101111011
00000010110
01101110000
00000101101
11110100011
01010110001
01100001100
01011001101
00000110110
10011110011
11011100101
11011011010
11101110101
11011000100
00100011011
11110001110
00111100100
10100110110
01101000000
01100111101
10100010100
11000001100
00000000001
10001010100
10111101110
11010101001
11101101100
00000110111
10011011011
00010101000
01010011011
01100100001
00100100101
00011011001
10101001111
01110001011
11110000101
01000100010
10001111110
00101010111
10010001110
10000101101
10000010010
11011100010
10111100111
00111000101
00101011110
00011110100
01011010110
01100101100
01010111100
01000111011
00100111000
11001011010
10001001010
00010111101
00010010111
11000111111
01001001000
11110000110
01000110001
00010111001
10101001101
00011010011
11110110000
11111001111
10000000101
00110011110
10001111100
10010000000
10100101001
10101110101
10100000001
11101111001
01100111010
10101101000
11001011110
10000001100
11010101000
11000111110
01001110101
10011111011
00001110001
10111100001
10010010001
10001100010
01101110010
01101101011
01101001111
10100110111
10111010010
10111011000
10111101011
11110010101
10011100100
10000111000
00100100010
01010111000
10100001100
10111101001
01101111011
01011000101
11110000101
00001000000
10101011101
10110100111
01110100011
10001100111
10101101001
01110110111
10000000111
00101101111
01000110111
10011001010
00101110011
00001011111
10110011111
11101001111
11010010101
01000001110
11100111001
00110001011
10010100110
10000111000
11100111001
01110101101
00101001111
11110001111
10100011000
10000011000
01111010100
01011000011
01101100001
11110111001
01011001100
11000011011
10101111001
01100010101
00010111000
10110111000
11101011001
01100111001
10111011011
11000010000
10010000011
11000110010
11001110011
11011100011
11011101101
10010000100
10001111110
10100011100
01010011010
00000111000
10101111001
10000000000
01110110011
01010010101
10010000111
10110010011
01110100000
10111011010
01101001010
01111010010
11010101000
00010111110
00000010011
00000001101
11000111010
11011010100
11010001001
11111110001
11000111011
11100100011
00001100111
01110110001
10001001010
11011101001
10000111010
00011110000
00000100100
00111110011
00001011101
10000111010
11010100001
10010110111
10000000111
10011111101
10010110100
01001100011
11011101111
01001111100
01101010001
00010100101
00100011101
10001100111
00100011011
01100010101
10010001100
10110011110
01101011001
01000101101
01000000000
11110000011
10101100101
01110000000
11111110011
10011010010
01000010101
01010000000
01100011111
00010101111
10101010000
00100110010
11000001011
01001111001
01111110000
00101000010
01010000111
00011100111
00011000101
00010000111
11110100001
10110111111
00010001110
11011100010
00000001101
11101010101
01011011011
10100000110
01001001000
11000100111
10000011101
00101011110
11101111100
11110100100
10100001110
11000111001
01110111011
11110010101
01111001101
11001010111
10110110100
10010100010
11010001011
01011100110
10110111001
10101100010
10001100100
00001111000
00001110111
10000111001
00100101100
11100110011
00111011000
10000111001
10000111101
11010111010
11001110010
00001011110
11101010011
11101111111
01111101101
01001011111
00011010111
00110000110
11101101111
10110000001
00000001100
10100001011
10011110110
10000000101
11001101110
01100010000
00111100001
01000001100
01100000000
10110100000
10101101111
10101010000
01010110110
10101011100
00000100101
10000011110
11101111111
00111101000
01110100010
10011011110
01001110000
11011001111
00000111110
10011000011
00011000110
10111111111
00110101000
11011101011
11100111000
01011000011
01110110101
00101100000
01010001111
00111100011
10001101111
10001101010
10101100000
00110001000
00111100100
00111011101
01000111011
11110111101
10011110101
00001010101
10100101111
11111111110
11101001110
00001000100
01111010011
11110010000
01010011010
01110101001
10000011001
01000000000
11110011011
10111001101
11001011000
01101011001
01111001001
10001100101
10101110011
01011010111
00101000010
00001100101
11101110011
10101100111
01100110011
10111101110
11010100010
01111100110
01011010001
01110111111
11101010000
10111011111
10110011101
00001010001
00000011101
10101011100
00100100101
11011100100
01011100001
10001111011
11111011110
01000110101
00010110010
00110101000
01110101101
00001001000
11001010110
10101100011
10000110101
00110111001
00101101011
00100001000
01100110101
10000111011
11001111100
01100001110
00100101011
01111011111
00001000110
11111111000
00111000110
11110100011
11100111000
01100010010
11111010100
10001001111
00011001111
10101011101
11011011101
01011000101
01101010110
10001011011
10000011101
00100001101
11011011111
11111111110
01101010100
00100010000
00011001010
00000101111
11001001100
11110010001
01010111110
00101011101
11000001001
10010011111
01011111110
00000111111
01111011110
11011001001
00011011111
00111010001
11011101111
01010111010
11001101000
01010111000
11000101000
11000000000
11100101111
11111110100
11011000010
01110110001
11110100000
10001110111
00110110111
00111101000
00110011000
01010100001
00010010100
11000001011
10000110100
11110101111
00000000101
10111001001
10001110001
01001011010
00011100111
11101101010
01000100010
00100110111
01011110110
00111101010
10010110101
01100111110
00100001011
11110010011
01100011100
10011001000
11110100001
01010001110
10010110111
01100111111
11101011011
10000111100
10110011110
01101011011
00000000000
11010010000
11001000111
10010111000
10000011110
10011101101
11111111001
00001010110
01101010011
01100001011
01010011111
11111011111
10001110001
10000001010
01111000010
01011101111
01011000010
11000101101
10110011110
11011111110
11101100001
11010011010
00111011101
01110100010
01000011111
10010000000
10110011100
11001000001
01101011100
10110011001
11010010010
00011011001
01010110001
01011110011
00011001100
11111111110
00001100101
10111111011
11011100001
01011011100
00010011101
01100010000
11011010101
11011010100
10111011001
00100010111
11010001001
10111110001
10000111000
01111101000
11001001001
01000101001
01111011101
01111001101
10100111000
01010100110
11011011010
00000100100
10111110110
10101101000
01111101100
00000110111
11011011010
11010100011
10011101101
00001100001
00100010000
11010111101
10001010100
01010110001
00001001010
10111110010
11000000100
10011010101
00001000011
01000100101
01100000001
11100111001
00001111001
10011101000
11111011010
11010001111
11001101110
01010110011
00100000000
10000000000
01011011010
01101100001
11001001101
00010011000
00011000000
11010110001
10100001101
10011010100
00010101000
00101001111
10100100011
00101110011
11011010101
11100111010
11100101010
11111111110
10101110001
10100001001
01110101000
10001011100
00110101111
00100111001
00100000111
01101101001
11100010000
00110111101
00101101010
00101111011
11100111011
01000011111
10001011110
01000100111
00111110100
10100011110
01100000011
01010001101
00101100000
01111100010
00101111010
01000000010
00101101001
10000111111
10111010101
11011100000
00001111000
00110010010
11010101111
00111111110
00010101101
10111000000
01001110011
00011000010
01001100110
00101100111
11111110001
00010110110
11010111101
01000011010
11010011100
01110100100
01100000011
01101101001
10000000010
11100000111
01100000010
10111001000
10101011001
01000000000
10001010000
00111100101
11010001110
11110010111
11010001111
10100001010
10111100011
10111001101
11111011011
00110011010
00000110011
00011111111
11010100000
01000101111
00000111101
00111011000
00101010000
11010000001
00001010010
01001101110
00000110001
01010011111
00010000101
11011001001
01110101011
01110100110
10100110101
10000001011
01011110000
01110010111
11001110001
00011101110
01111000010
11100011011
01001110011
00011100011
10110000000
01111011110
11100001111
10101111100
01100101110
11000110110
10101100011
11111111000
00101111111
01010110110
01101011010
11001010110
10011011010
01000010001
00110110110
00010000010
11101100101
01001111010
00100010001
11100001010
11000111100
11110110000
00000000100
11110000011
10110110100
10111111001
10110011101
11010000110
01100001001
11111111110
01010011000
01000100111
10100110000
00110101111
11110101101
10100100011
01101010000
00110001101
00101100101
01010101111
10110010111
00011010010
10010101110
11100010000
00101110001
10101011100
00111101010
01010000101
10011110001
10000011110
10010010010
01010001101
11000001111
11010001001
10100010000
01010010001
00110001101
01100000011
11111001010
01110010011
01000110110
11001111010
01110100010
10010011111
10101100010
11100111111
00110110111
00000101101
01011000010
01101101010
10010100101
10101110111
01011100100
00010110001
01110010100
01111000010
11001111110
01010101001
11001110001
11001111000
10010101100
11001001001
00010100101
01010001011
11111100001
11000111100
11010001010
11101001010
00100010110
11101001110
01000100001
10011100110
00010110000
11111100111
01010000101
11011010000
01010101010
10010011100
10010001100
00111011000
10111101011
11111111100
10010000001
00110101010
11011001001
10100101010
00111011000
00001001010
00110010001
11111110111
01011010000
10011101101
10001011001
01001000110
00001010000
11101011011
00000011100
00100000101
01001110110
10001000010
10110010010
01111100110
10111000001
11000000010
00000001100
00100101011
11101100101
10111110010
01011001101
00100110100
11100101000
11010100010
10100001000
10100010011
00010100000
10110010001
10111100000
00011000110
10000010101
00011010101
01100100101
10100000101
00011100010
00000000001
01011111101
01111110100
00111110111
11111101101
11111110011
01000111101
10010000010
01001001110
01010010110
10111011000
10101011111
00110010001
01100111001
10011111110
00001010010
01111101101
00010011000
10100001110
00101101111
00111000011
01110110100
11000111000
01100010011
00001001111
00011001111
00001000110
11010000111
01001010111
01000101111
01001001111
00110111111
10101010001
01110101110
01111000000
01011101110
01101000001
11100010011
00001011111
01110001011
11000101000
10000010100
00011010000
00000011101
01011001000
11000101100
11100110100
00011110100
11000100011
10001001000
01101101000
01011100010
01000010000
10101001010
01100000101
00100011010
01100111110
00101111001
00110011000
00110101101
01110100010
10110110111
11001111011
00010010000
01010011010
01010100101
11000000010
01100101100
01011010101
00100000001
00000111001
10000111011
10000111011
01001000100
00110010001
10011100101
00101000111
10100101111
00000001111
11111111011
11001100101
01100000011
10001100100
01110001001
01110011100
00101110101
10100001011
11110100101
00001100100
01000011001
00111100111
01110101100
10010010111
11101100101
10001111101
10110010110
01101010111
00110110111
01101011001
00101101011
00010010111
11110001101
11000110011
01001010000
11110010110
11011001011
00101110100
11110001100
11111001100
10000111001
11100001101
00010101011
00010001110
01110101111
11000011100
11010000001
00101001010
00111111011
11111011100
11000100111
00100111111
11000000010
00101111010
10011101111
01100110010
01011100101
01010000111
00100100011
01111111010
10001010100
11111101001
11100001100
00101111010
00011100010
10010111110
10100100010
11000000101
10100010111
01111111011
11111100010
00100001111
10001011100
00001101111
11011101011
10000010000
10111001111
10000001110
00000111010
11100100111
00111010110
11111101110
11101011100
01001100111
01000011001
00111000010
00000100111
11001101110
10011001101
01110111110
01100100110
01101010101
11001011101
01100001111
01010101101
10011000101
11100101110
01101000111
00011110100
10000011101
10100101001
10000001001
11111100011
01001101011
00111011010
10111100100
11111101110
10110010111
10110010111
10101001100
10110111011
01100000010
00110010110
10101111010
00111101011
11111100011
11000100011
00010001010
11111001101
11000100111
01011011011
11101101111
11011011110
00001000101
10100110001
11010101011
00000000101
11000001111
11001011111
01010100011
10000011011
01110111000
10100010100
01111001010
01011110100
00001000000
01010001011
10011001011
10101110101
00010101111
00101100000
10100000101
01000011110
11110010101
10011000110
11011011000
10010000011
01011000100
11100101000
00110000110
00000000001
01000101000
00011010101
10011010010
00100110101
00010110110
00100001010
00101010101
01010000010
11001011001
01111011010
10100001111
11111110110
10000001001
11011101001
01111011111
11010011011
11000001101
11101100001
10111000110
11001010010
11101000111
00010100100
10000011000
01010001010
01000110000
10100110011
10010101001
01010001101
00101001100
00001010001
00101111100
00010100111
00100100100
01000000101
10100110011
11010000001
00111101010
00001011001
00100000001
11000010001
01010101110
00000111001
01100001011
01001001000
00001000000
10101100001
10110001110
01001110010
01110011110
11001110000
01101100100
10111110001
11010000001
00010000100
10110111110
01100111101
00011000110
01010011110
11001000011
01100010100
11000101000
11001100100
01100011000
10110011111
11001001100
10001000010
01110000000
11111010010
01101001000
11101001001
00100110111
11010110101
00111000001
00000010001
10011100011
00101101111
01010100010
10110011000
01000011110
00010011101
00000010010
00101110010
01100011111
11001000100
11111101000
11011110110
10010100001
10101110000
11110000010
11101011100
11001110111
10111011000
00110000010
01011001110
00011001000
01110111001
01011010100
01001100001
11000110101
10001101100
00101000001
00001101010
11100000100
10100000110
00101000111
00101000001
10101111110
01000110010
11111001000
11111000111
01001110110
00110011000
01111100001
00010110010
10010011010
01110110000
00111101000
01010110111
10000111110
01111100100
11100010011
11110000011
01001010110
01111110010
00001110010
10111100000
11110001110
00110000111
11001001011
00101100110
11111111010
10110000101
01011111110
11001000010
11010101010
10110110011
10011011100
10011111101
11001101101
01111010000
01110010111
11000010111
10111100100
00100100011
11001001101
00111011000
01101011000
01111111100
01101101000
10101101110
11000000000
01101110100
10101010110
01000100100
11100111100
01010111101
00100001110
11000101001
00110001110
00111011011
00110001101
00001010101
11100010111
01000101101
00001101000
11100111111
01011010011
01110101100
01010110101
10111110000
11000101101
00110110110
10111010111
10111111111
11101100011
11111001101
01101111101
00001001010
01011000101
01001101100
01101010000
10100000100
00011100111
01001000100
10110111100
01010110000
01000011100
01010110011
00100111110
01110010110
01100110011
11011111111
10110101010
00111011000
11101011010
10010110011
11000010011
01101010011
01101101111
10011011000
00111110100
10110101010
01011110011
11011001101
01000100101
11001101110
11011000001
00101011001
01011000111
11001001000
11000010100
00100011110
00101111101
11011101110
00010111011
00001000110
11001111010
11100101001
00101110001
00010111010
10010000110
10011110101
01111101010
11101100100
10101001110
10000010000
00001001101
01011011100
00101111000
11100101010
11001010001
10011101010
11101100110
01111110111
01111101001
00110011101
10111110010
01110001111
00110011101
11110101110
10010111111
01011011000
00110101010
00010000011
10101110111
01001110111
11110001010
11000101010
00111110000
01011111101
10011000100
11101101110
01010101111
11100000010
01011100010
10010000011
10011111111
11110100010
00111000100
01101111101
01010010110
10111001011
00100110010
11010000101
10100010011
11111100111
11011100110
00000000011
11111100001
01010110011
10101001111
11011111100
10000100011
01000001000
01000110010
10010101101
01101101100
11000110101
10110100001
10011110011
11100111000
01110110010
10011101011
11010001011
11100111001
10011011111
00111101010
11111010001
11101001110
00000010001
10011011101
11011111100
01110010111
11111101101
11000011101
01010001000
00111011001
00010111001
00101100010
11011101011
01000010001
01101010101
10111010001
10000100001
11010100000
11100110111
10101010110
10101010101
01011101101
10101110011
01001011110
01101011011
11110101111
00000100101
11000111010
10001010001
01100000010
01000000001
11110011011
01100011000
01000111011
01101010100
01110001110
11010110011
11101110000
11010000101
01000001011
11000010111
01001001110
01100001011
10101011010
01110110110
10001101111
01010000110
00010101111
00011000110
10101101111
10000010010
11010011101
00010101110
11000000000
00100001100
01111010010
11111011011
00111011001
01110100011
10110101100
10100000010
00010001101
11110101000
11010110100
10110100111
11101101001
10100110001
10101000000
00110011001
11100100001
10000001001
01001011010
00101111110
01010001100
00111011000
01111101110
11101110100
01001100100
00000001000
10100000101
00001001110
00000010110
01101101011
00001011011
00110110110
00010110111
10001110100
11001101110
10011101111
11111100101
10000111011
01001110001
11111010010
10010111001
10001000000
01001010010
01011111100
01101000010
10010101110
11111100100
11000001111
00101001111
01010010100
11010001111
00110111010
01110000110
10101101010
11111000100
11101101001
11000001111
00000010001
00110001001
11010000000
11111011101
11001011001
10110001010
11010110110
10110010010
01010000100
11111101001
11100001111
11111010110
11111111110
00110000011
10110100110
00000111101
11100011101
01000111110
00111000101
11000001010
11001110101
11100110111
00011111001
01111110110
00100111001
00001111000
10111101100
01111111010
11101011111
00001100001
11001100101
00010110101
00111011110
11110001111
00100010010
01001011000
01011001111
11111111101
11000001111
00011111000
00111000101
01110011100
11111000000
10001101101
10101100110
