11010001010
10110100001
01010110011
10010010011
11001001000
00100110010
01111001010
10101010011
00011111101
00110001010
01000001000
10001111101
00101100011
11001000101
00011111111
00000111110
01010100101
10011011010
11111101011
10001111100
00001101010
00000101100
10100101000
00101011100
01101001101
01101110101
10111000111
11011111100
01010111110
01011100001
11010010010
00111001101
11011001101
00111001010
10010000011
00010001011
00001111100
01011001011
10011111101
00101111010
11011110010
10010110010
00011001110
10001110101
10111011001
01110100111
00110111001
01010001110
10011101000
01111111001
10111110101
11100100100
11100011101
11100011111
10011000100
00111101001
01101110010
11011101110
11101110010
00101010100
11100110111
11010111101
01001100011
00001000110
00101101110
10110001100
00000001110
00101101001
11010110101
11110100000
01110111100
11001001111
11111111101
01001110010
10000111010
11111100110
11000110100
11001001101
11100001101
11010011010
11011001111
01011110110
10100000101
10000010101
11011010111
10011110010
11111000010
01101001111
10111001100
00000011110
00100011111
11110011001
11001101011
10000101000
10101110110
11101011100
10001111100
10011000001
11010011011
00011001100
10001101100
00101011000
11111100111
00111010110
01010111010
10000110101
01110011000
01101000101
00000110000
01110100000
11000110011
11101000010
00010101011
11111001110
11001011110
11011101100
00010111101
01001001110
01000100100
11100000101
10000101000
10100111010
00011110001
10110110111
00101010100
01001100001
00010000110
00010110101
00000001000
01001101010
00011001000
01011010100
00100101111
10010101000
11011000011
11001010001
01110000001
11111000101
11111001010
10111111000
00000001111
10011000101
11100100001
11011111000
10100011111
00011111010
11110100000
11111010010
10110110011
01101101011
11001100111
01010101100
11100110100
01100011011
01011111011
11110110101
10100001000
10101001100
11010101100
01100101100
11110011010
01010010010
10001101011
10001111111
10000000001
01010011010
00110010110
10110100101
00110110001
11010001000
00110100110
10100101100
01100001110
00000111110
10101101101
00001001000
01100100101
10111000000
00101010111
11110110100
00101111001
10011011001
01010111100
11101101111
11001100011
00101101101
01110101100
11001111100
01001100001
10010010101
01100010110
01010011011
11001100101
10000110010
01101111010
10011100010
11101000111
11111101101
00000011001
00001000011
10110000111
10100100010
11110100100
10110011010
11100100100
10100111100
01001001101
10010011111
01100101110
10011111010
11111000111
11110001100
00010011010
00101000100
01010100000
01000101011
10101101111
00011111111
11110011100
11100110000
11110111110
00111111100
11010111110
01111010101
01100101110
11001111101
01100101101
10101000110
00010110001
00010000111
11110110010
10010011110
00000001111
00000100011
11110101101
00111100101
00000110111
11001100010
11101011100
11010000111
11001000110
10110010000
01010101001
11011100010
11100010010
01110011010
10110010101
10101000000
10101110010
00011010100
01010010010
11101001111
11100011100
11000110110
01101100111
00000011111
11000111001
01000000100
00010011100
00001010000
11010011100
11101110110
01111101101
11010111011
11000011000
00011100011
10100000111
01101000000
01010111001
11110111110
11100101111
11010110001
10000011011
00111110000
01101000111
11011110001
01011111001
00110101101
11001010111
00110000100
11001110010
10010111000
11000010000
11101111100
00100111111
10111010100
00000110001
11010101101
01101110001
01000010001
11111110101
00001110110
11000111111
00011110010
01111000000
01001100000
00111000100
10000110100
10111010011
00000000010
01101010000
10101000000
11110010011
10111100110
00011010100
11100010001
00110101001
10011011111
01111001010
00001010011
10100111100
10011100000
10011000101
11101100101
01001111011
01100000100
00011011100
10100110001
00110010110
00011010101
10001000011
11001101000
01110101011
01111110010
10101100000
00010101010
01100110000
00110000000
10111101101
11110110010
11101001110
00000111110
00011111011
00100011101
00111100110
11010111100
00101010010
11001111000
00100000100
00010000000
10001011101
01011100111
01011000010
10001010011
11101000100
00100101111
11101010101
01000110010
01100101110
00010111110
10111110001
11111101010
11000100110
00110010010
01100011001
11011111010
10001100100
01110100010
00110110111
00010111100
00110001001
00000010110
00001001110
00011000100
01000001010
01001001001
11010001011
00110101110
11001101011
01000010110
10011000011
01011101010
10111010000
10011000100
01011000110
00011111101
00101001100
01110110100
10110000010
11100010000
10000010110
10110010011
00110110100
10100011000
10100011110
01110000110
11010111011
01111111100
00011010101
00100001000
11111100011
11010011010
00000001100
10011110101
01101111101
11010110100
11101011110
10001110110
11110001101
00110100101
00100001101
10101111101
01111101100
01110101011
01101001010
01110100000
00011100110
11011001100
10110101000
01000100100
11010000010
01010111100
11110011010
11000110110
00100011110
01111110001
00101101100
01101110101
10110000100
10111011011
11011101101
01111101001
11001010110
00100101010
01000101011
01011011000
00000111011
00000110000
10000101101
00011100101
00010011100
00100111001
01001010110
10010101100
10001101011
10001110010
01101111110
00100101001
01000000110
10101001010
00010101110
11111001010
01011011011
00010001110
00110100000
00011101011
00111000111
10000001101
00001010100
00001101001
01001010001
10111100100
01100111010
01011000100
10000011100
01011001111
11001111011
00011011100
00110111110
01100101110
01110101100
11000100111
00111110001
01100011100
11100101110
11001101111
10001000110
00001010001
10101001111
00001110000
10101000011
01100000001
11101011100
01111001100
10100001110
10010001001
00011011011
10101010110
10101011000
11101001010
00000100001
00110000010
00011001101
01111100100
00011011000
00011000110
11101011011
10000110000
01100100011
00010111100
11011000110
01011001000
01100111101
11000110111
11011101010
10001100100
11001101110
00110010011
01110110000
00111110100
10110100010
01110101000
10011111000
10110101000
10100100110
11111111010
00000110000
01101101111
00010001101
00000000111
00010011110
01101010001
10111111000
00101111101
00100111110
10001111001
11101010010
01101111111
00010001010
01101010111
01011100110
01100110100
00110101010
11111101010
11100111100
00001111110
00011010010
00000010111
01111110100
10110101101
10110110011
10011111111
10010000110
10110110111
00101001000
01001000111
11110010010
01100000101
00010110101
01000100010
11000011011
11110111001
01100101011
00101010100
00110110110
01101011010
11100101101
01110001101
00100000110
10101110110
11100001001
01111010001
10110010111
10010110000
01111100110
01100001011
11001111011
01000011110
01101001010
10110011110
11111001101
01001100111
01000011110
00110110000
00001100101
01111000011
01011110101
01011100101
00010001010
01011011010
01101111101
01000000000
00000111110
00000110011
00110101100
00000111110
10011000101
10010010000
00100100000
01011111000
01010100001
01001001011
11100011100
00001010010
10001000101
10010101011
01100111111
00100001101
00101011011
10010110111
10000110111
00011110011
10010000000
01111100100
10100111011
10001011101
10101110111
00011111011
01001010110
00000000001
00101000001
01100101100
01010001000
01111001111
11010001101
00110011010
00111100011
10001011001
01001010011
00001110110
11111000110
01111111011
11111111101
10010101011
11110011001
11100010010
01001010110
10111001011
01001110111
10010100010
10010000000
11011000110
00001000110
10111110010
00000101001
00001011001
10001001100
01001110011
00000001101
11110000011
00110010111
01101101111
10001110100
11010011001
10011010010
00011010001
00111100111
10001010111
01110011110
01011101100
00001101100
00010000111
11110001010
00101010111
01010110001
10110010000
11100010001
11100110010
11001101101
01110111100
01000000011
00101011001
10010011111
11111010001
00011011010
01100000011
01110011111
01011111011
00110010100
01101001100
01111111011
00001111101
01101000110
11000011000
01011000111
01101101100
10011001110
10100000100
11101011101
01111100110
01111011001
00000101000
01001111111
10111100001
11001000011
11001101101
00110010000
11100001000
01111000011
00011011111
10001011100
00000101011
01010011000
00100111000
00000010101
01011111000
00011110000
11010100010
00010110011
00101011000
01001011000
00110100000
11010001001
01011100011
00110000110
01100010111
01010101000
11110111110
11001101001
01110111011
10100111001
11110110100
11011110110
01011011111
01110101010
10111100111
10111010000
01101011010
11111000000
00101101001
11000001010
10100111101
11001011101
00110100101
01001100001
10101001000
10110011000
00001110100
00111111001
00011111111
01101101000
00000110101
01011110110
01101001111
01110111110
00100011001
10111001111
11101000001
00001110000
11110000111
10100110000
11111101110
00101000100
01011011001
00001101101
11101100000
10010001110
01000010011
00010100011
11010001100
01000100000
10000011100
00111011001
00001000000
10101000001
01101100001
10111000000
01111001100
00110000100
00110110100
00111001001
01100001010
01001100110
00001100010
00111110100
10001101010
01100111000
11001000111
01110011001
01000010100
10110011001
01101111100
01111111011
10000101100
10110010111
11110100011
00111001000
00000111011
00100000111
00101100011
10011100111
11110010001
11001001101
00110110101
10110100100
00111011011
11100110000
00011111011
10111100100
11101001100
10000010001
00010000111
00001111101
10111001101
10001010001
01001110100
10000110100
10001110111
00101000010
11110000100
01011100010
00001010011
10010111011
11100011110
01101011110
01100110011
00110111000
10011110110
10101011000
01010011101
00000000011
01110010001
00110011110
10010011101
11101000011
01011110101
01110000011
00101111100
11111100001
00100010111
01110001101
00011010001
11101100110
10110001000
01110010000
10011000011
01101001011
10010000010
11000010110
01101110010
01111000111
01101110110
00111001100
00000101100
01010011001
00101010000
10101110101
01100010010
00010000110
11010101101
01000001110
00101110001
11010001011
00110001111
00011110100
01001100101
01001110111
01101010111
01110101010
00001101010
10111110001
01000011111
01111111011
10010110100
11110010110
00110100100
11110001100
00100000101
10001100100
10111000001
10100111111
11001011010
00101001000
01110111111
11101111100
11101110001
10100110101
11001011101
01011010001
11011100010
01111011110
11100100101
00001100111
00101001111
00001101101
11101011100
10000100100
00110111110
11110100011
01001110001
11010101011
01110110011
00010011001
01110110110
00110111111
11010010000
11110000110
10100110110
01101110101
10110011000
00001001010
01000000001
10111011001
00110110111
10001100111
01001110011
00000110000
01101001000
01011011011
11010100100
00110011000
01001001001
00110000101
10100101010
00101111101
00111000000
10111010001
10011011011
01111000111
01011100100
00011000100
00010000010
11000001110
01100011110
00001011110
10011110101
00110011011
11011010111
01011101011
11011000100
01011010111
11000011000
11100001001
10000111101
00011010000
11110011010
11010001101
11101101100
11100011101
11111111001
10110100000
11001001100
00011010101
10100110110
10011111001
01101101111
11101110101
01010010111
11000111111
11110100100
01000011101
00001100001
00100000110
00100010000
11111110110
10001010110
10101010011
10101111011
10010010100
10011101111
00000101011
01001000101
01101010100
00010011110
11110111110
00011000000
01101101101
11101101001
10100100101
00010110000
11000111110
00110111010
00001101110
10101010000
00000111110
11101000111
00100001011
11011011000
01000111011
11111100011
10001111000
11110011110
10001010101
01000110011
01010100000
11100001110
10111100111
10110001010
10001000010
11000100000
10111111001
01010001111
10001011011
01100101101
01101011111
00110110100
01001110111
00111110101
11101111011
00000011010
00010111001
11111000000
11011010111
11011010111
10010100001
00010101000
10111000110
11111110001
10110111100
11100010101
00000111001
01100001001
01110010101
01100011100
01000110000
10110000101
11101011001
10100111001
10011001001
11100000101
10100011101
10110111111
10100100100
01101010000
10111110100
11101111010
10101011011
11100000010
11110111100
11011010011
01100010000
00000101110
11111011010
00011001101
00101110110
00001010111
10000010100
01000010011
10000110100
11111110101
01100100110
01001101000
11100111001
01001101111
01111001011
01001000010
11100010111
11100111011
10011011110
00001001001
11101010010
01110011100
01011001100
11011001101
11000011100
01110010110
00100100011
11101001101
10101000100
10111100010
10010111010
11000111000
10000010000
11110110110
01000010100
11111100111
10110011010
01001110110
00000111011
00110101010
10110111101
00000110001
11101001110
00010101001
00010100101
11000110110
00101110011
01111110110
01110000110
10110010101
01001010111
01111000001
00100010011
10100001000
01010011111
10011101101
10111101000
11100111111
01010011100
00011110101
11111101111
10101011101
01000011111
00010110001
11110000001
10011101101
01011001010
00000100010
10100010100
10010000100
01001111111
10100010101
11011000100
10100001000
00100010011
11101011010
11001011010
10101110000
10111001001
10101001101
00000011110
00111101000
10001000101
11101110001
01111111110
10011000000
11001001110
00000100100
00111110001
11110100011
01110001000
01101010010
10110101010
01001111100
00100011001
00110011110
10111001101
11101010111
01100001010
10000011100
11011101011
11110100001
01101101010
11101101010
00100010010
11100101100
10011110000
00000011010
10110011010
10001001101
10101010010
10110100000
10000001111
01111011101
01111000000
10010001000
10100010101
10110101011
11110101101
00000100001
11000111110
00000100100
01110110010
01001011011
01101110111
10001100011
11001111101
11101001000
00011111100
11111101011
00000100011
10101100100
01011100100
10100011111
01101000001
01001011110
10001100110
10110100010
11011101001
01110111011
10110101011
01101111001
01001111111
10101010010
00111110000
11001000011
01111100011
01010100001
00111100010
11110000010
11001000111
11101110011
11101101111
01000111111
00010001101
11101010110
11011011011
01100010100
11100101000
10111000111
10010111010
00000010000
10001111111
00100011010
00110101011
10000110000
01100100011
10101111010
00101101100
10110100101
11110000101
10111111100
11111101000
01100010000
00001111010
01010100001
11110011001
00101001111
00000001011
01011101100
11101001010
10111101100
10000101101
00110000110
11000010101
01110001001
11001111010
11001010101
01000110100
00101010011
01111000001
11010001100
10111000001
01100011111
10110011011
11001000001
11001010100
01000000010
11101011111
00100111010
10100111110
11100010000
00101011001
11110100100
01111110011
11111101001
10101110100
10001110110
01111000000
10110000101
11110110100
10101100110
01011110100
00100101000
11111101010
00111010001
00011110100
00100100110
01011010101
01100000001
11010000101
10010111100
01010000000
00010000111
01000000100
11111000010
00001101101
00100100011
00110110100
01001011101
01111010001
00111110000
00000110001
10010111110
11100010001
01000000010
01010110111
11101001010
10101110001
10110001011
11010111001
10110010000
11000010011
00011100011
00111110000
10100010111
01101000010
11001000101
11111001010
00011001011
11000001110
10100110011
10100011011
10010000100
00110011011
11010010010
00111111000
01001001101
01111011000
01100011000
01011000000
01010001100
01111111010
11000010101
10111110101
00011011111
01100001101
10000010000
11101001011
01000100011
11001010100
10100101110
11010000101
00111110110
11001001011
01001011101
00000010000
11111001000
00111001110
10000100001
10110001101
01011100110
11000101110
10101100100
01000011010
01000001100
01000100110
10010101110
11101111000
11011101110
11000010101
11101010010
10110111010
01111111001
01110010101
00000101001
01001000111
01101010101
00101010000
00010010000
10110101011
01011100011
11011000111
10001110011
11101110000
11001110010
01110100010
11010000100
10010111010
00001111100
10000100101
10110010100
11101111011
10100111110
00100011101
01111110000
01011000100
11101001001
10110011101
00100001110
11110001000
01000001110
01001100010
10001100101
10011110101
11000100110
01111101011
00100011010
01001010010
00010011101
00010110101
11101001101
00010110111
01110010000
11010100001
11100011101
01101110011
00101010100
11001110110
11110100001
11101110011
00111111010
01001001110
10100000111
11001000111
10001110010
00000111110
01110001000
11111110000
00110000011
11000110110
11111100110
10111111001
10011010101
00000110111
10010100111
11001110111
00110000110
11010101101
10110000010
00010101001
10101001111
11000010011
00110000101
01101100000
11110101011
00001001111
00001100110
11101100010
11100100001
11100011100
00101110001
10100011000
01100010000
11001011000
10111100111
01001000011
00100101100
10011110110
11100100110
01110101101
10111000000
11110100011
11110011101
11011101101
00101111101
11101000010
11000001100
00111011110
01111110011
10100111100
10110111010
00110111100
00111010101
10101101000
11111010110
01000000010
11111011011
01100011100
01001100000
10000000110
00101000110
01111011111
00010101011
00101011011
01101101011
00110001111
11001001111
10100011000
10111100001
01011101001
10001110111
01111000011
01010100011
00000111000
00011000000
00001000111
10011100111
01101110101
01100101101
01100100001
10000110011
10110010111
11110111110
00000010111
01111101111
01100011100
00110111000
01010011001
11101100100
01100010000
01110101000
11011110001
00010011000
11010010010
10110011101
01110010011
00001001110
01001110100
01000001100
10011101101
01011001010
00000010000
01111101111
00001000111
11101011011
01100101111
01001000110
00111100111
10001011110
10101111100
00101101100
10101010000
11111101010
10001110101
00010011011
01111101111
00110110111
00111111100
00111010100
11110110111
01100110110
00011111001
11001100000
01111110101
10001001100
00001011001
00000010001
10100011001
10011011000
10101001010
01001111100
01000001111
10111000111
00011011111
11000100100
00010110101
00100100011
00101010111
10001100100
01111100010
01110100101
01100111001
00000101011
00111000011
01100010111
11000100010
00111111001
01010010100
00110111011
10001001010
10111110101
00111001011
01011011011
01100001111
01000000111
01110110011
01101110011
00100000100
00011011101
00000111001
00000100000
11110001000
01001011011
11001010100
10111100101
01011010010
00010011111
01110111100
11001111000
00111011101
01001001111
00000110001
01001011010
01110001101
10101110000
01011101110
01100100101
10000101111
10000010110
01010001110
00011010100
10100001000
00010101110
10101010111
11111100101
10001111111
00001001011
01110111110
01011011000
11001011000
10010101111
00111101110
11011010000
11011010001
11010101111
01100011110
01001111101
11111001110
00111011001
01000010110
11101101101
00001010010
11100001001
11000001001
01111010011
11110100110
10011110110
01011011110
01010001101
10110111110
11001100100
01111100010
11010000001
01100110010
01001000101
10111101011
00100100010
11101000010
11010011110
00011110100
00110101010
01011101110
01001001110
00110010110
00110111110
01100110000
01010101000
10010011101
11110011100
00100110111
10011011010
11001110000
11000001000
10101101100
00001101101
11111010000
10010100001
00111111010
01101101110
00001110011
00101110000
11010110111
11101100101
00000100001
11010001100
00010000100
00101001010
10101000111
11100110100
10000101101
00101111001
00011001100
00111101111
01011100101
10101110011
01010011010
00111101100
10100010000
01111100111
01000111010
10110001111
01111111000
00100001011
00011000000
10110010111
10011100000
00011110111
01010110000
01111011110
10001001000
11000110011
11101110010
01010101011
00111011001
01011000010
01101010010
11100111100
00101001101
10000110000
11001011010
10001110000
11010001000
10000001011
00111100110
11010001001
01100000111
00110011010
11000001110
00101110100
10110010001
01111000101
01111111100
01111100001
00101110101
01001010100
11100001100
00111100111
00010001000
11001101010
01001111100
11100001000
01111110111
00111100010
11110000011
10010111111
11111001001
10100000101
00110100101
01111010100
10100011111
11010001111
10011110000
00010100011
11111110001
01001010101
01010110111
00001110101
10001001111
00010011110
00100011100
11100000011
10100101000
11110000100
00100010110
11100000101
01101011110
00011010000
01100001010
00111001111
10101010101
01101001010
11110111010
01111100111
01111111011
00100101010
00101000111
01010010100
11001011010
11001011101
01001011001
11000111001
11001001110
11101001101
01001101001
00110001110
11000110001
00011011101
11000010110
11001011010
00000001010
01101000100
11100111001
11110000110
00100101000
10001011100
10100100110
10001000111
10111000101
01010111100
00000010100
01111100100
01011000000
00101011000
11000111001
00101000100
11001000000
11011011100
11010010100
10101110110
01000011001
00000100111
10000110100
01100010001
10000011011
10111011011
01111100010
01000000111
00101110111
10101010110
11010011111
10010100101
10000011110
11010111110
01010101000
11001010010
10010100111
01000100000
11001000100
01101110100
01111100010
01101100100
00101110100
01010111001
01101110101
01010110000
00010110011
00111010001
00000100100
10000101010
10111011001
10111111011
01011000110
01011111101
01011000111
10101001010
10010000010
11100101111
00110101110
00110100100
11000101101
00101100001
01000010010
00001000111
10100100001
11110111001
10110001000
11100011011
11001010111
00010101001
00101101010
01111001101
10110110100
11011001010
01111010100
00010110110
11011001011
00101111111
11001010010
11100101101
11100101111
10100101011
01001111011
00101011101
01001111101
00010111010
00100001101
10111010000
00010101110
11011101011
11000001011
11000111010
11011010101
10100000000
10011100001
01110011101
00011111011
00011110010
01101010100
00010001010
01111111111
00001101110
11101100110
11100000011
11100001101
11101000001
11111001100
01111100111
10011101100
11101000110
00101110111
01110000000
10111110011
10111101100
10000110010
10110011001
11010001110
00110010111
10110110001
00111010010
11101001110
10011100101
00110000100
10111111111
11001001111
00111001011
01011101001
11010011000
10011011001
11001010001
11101110011
11000011100
10010010100
11000001101
10101110010
00001001010
10011011001
00001100110
10110101110
00101110111
11110111100
10011010000
01101101101
11000110101
01111110010
00110100000
01111101101
01010011101
11111110001
00101001010
11100011001
11010011100
10111010011
10110111000
11011000110
10010110011
11101110011
00110010101
00000111100
10001110111
01010101001
10001001010
01111001101
00110000010
11001100101
01010000001
00010001111
00110010101
00101010010
01111110111
00101011010
11101111100
10101001100
10110001100
11101111110
10001100011
10000100100
10010100110
11100110101
11110010000
00010101111
01010010111
00110010111
11000110000
00000110010
00001111010
11001110111
10101110010
00111011101
00110011000
10010011101
00101110110
10010101000
11101001110
11010111111
00001011110
11011110111
01001001101
11001010111
00101110010
00111111101
01111011110
01000111010
11110001010
01101011000
10110000010
01101101010
00010101000
01111100000
00011000000
11000110000
10000111001
11010000010
11011110011
11001111011
11000001000
11000011110
11010111100
11111010111
10000110001
00110111100
10100011011
00011010110
10001100001
10011001010
10011011011
11001110111
00111000010
00100001001
10000101101
00000001101
01100010110
10011001111
10000011110
10000101111
01101111110
10011110100
01100101011
11110011001
10010000001
10001101101
01000111110
00001010010
10111011011
11000000000
01100011010
10000001011
10001011000
11001011010
01011010111
01100110001
01001101011
11100011000
01110101100
10011001100
10010000011
00101111011
10111110100
11010111100
10100000001
00111100000
11111100000
11010001001
10001000011
00011111000
01011101010
10111011100
01011110100
00010101111
11101110101
01111111101
10010101111
01100110100
11101000001
11011010110
11110011001
11000101101
11111100110
10101010001
01000111100
01110110111
11100010011
10101000101
10000111010
00010001100
11101110110
00011101101
00100100110
00101111110
11010001111
11011111111
10100001111
00001110100
00010111111
11000111011
11101110000
01111010101
11011111000
01110010000
00001011111
