10110011110
01000011000
00011000100
01001000111
00101011011
11010100000
01111100011
00010011111
10010110111
01001010001
01111110100
10010110000
10100100100
00010000000
11101011111
01110000011
01001011100
00110100111
10100101111
10110100010
10011011000
11101111110
01101101001
10100001110
01001100000
10100110101
11101111111
11001000110
11011001011
00011000100
00001000100
11001000100
11010100011
10001111101
11010101100
10101011100
11111111100
00011111001
01110110010
01100000100
01001001110
10110000111
10110111111
01011011100
11100011111
00010011000
11010100001
11011001101
10011100111
00000110101
00100010010
11110100110
00101100001
01010010000
11001000110
11010111001
10110100101
00101011110
01001101001
00001011100
11000111110
00111101111
01010011110
11001111100
00000011101
01110111011
00111001111
11001010110
00111011001
10110000111
00100111101
11001011110
10101111100
00101101000
00111010111
10011001011
10110101111
01010101100
01100100001
10010110011
11000100001
11111001100
11011001001
01000110011
01000010000
11011100100
10001100001
11001010000
10011001101
11001001110
01011011011
10101101111
11110111100
01110110001
11111100011
10000010001
00001110010
11110111110
00101011001
01110111100
10001110111
10011010110
01111111001
00011001111
00000011111
11001101111
10011011000
10000001111
10000001110
01101011010
11101111100
11101010011
11110000101
01110010011
01111100101
11100010101
01100001001
10000001100
00010001110
11110000111
01100100001
01010100101
00101111010
00000111111
10101111111
11000111001
10001001011
00101100000
11011000001
00001111001
01000110001
11001110010
00101001010
10000011000
00010011101
01010011101
00101100001
11010000100
11010001000
00011101100
00011000000
11100100011
00010101011
10111111011
10011101111
01111010010
01101001010
01100111000
01010010111
01001110100
00111010110
00100000101
00001101010
10000110000
11101001100
01110101001
01101001111
10100111011
00100001001
11110101001
11000110000
00110111001
11111001110
10001100011
10010110010
11110011111
11011111010
00000111000
10011100100
01100111111
11100110000
10010000100
10101000001
11111101100
11111110110
01101110000
01000010110
01101001110
01010011010
01011000011
10110101001
00000011110
00001101111
01110100000
00101010100
10010010110
11010101101
00110101110
01100011010
10110111110
11110001001
00101001011
11011010101
00010101010
01010000010
10110011010
00101100110
00011010100
00100110010
10001101111
10000101001
00001111001
10001000101
01010111001
11111010010
10101100100
10100010011
11100111101
01111011100
00011011110
01010001101
00111111001
01100010101
11101010000
11010010101
00001101001
10101000000
10011000101
10110011010
10101010111
01110100000
01100011100
01110110010
00010111010
01111100110
00001010001
11111111000
01000000000
01010110001
01111000011
11011111001
00000100011
10111111001
10110110011
00101100011
10101001110
11100111010
11011101110
00100001110
00011100100
00110010101
00011010010
00111010110
00001110000
11101010000
00111011000
11110011011
10001110111
11101010111
00001001111
11100100001
10010110101
10001100100
00100001101
00101001101
00010010000
11000010010
10011100010
11000111111
10001100101
11011101000
01010110100
11001001100
11010000010
10001100001
10011011101
11001001010
00111100011
11011110000
01001101101
11001011001
10110101011
11111001111
00011000100
11000000110
11110011001
00010111110
11001011010
00001010111
11100100101
11100011111
10110111110
10000111100
11111000101
00110011000
11111110110
01101110101
11000001110
10001101111
00110011010
10001010011
10111001011
01000001001
00010110011
01001101101
01001110110
00010000110
01111011111
10010111111
11111011110
00011100011
00100100101
10010001110
00001100100
11000001010
00011000001
10000010111
10010011011
00010011100
00000011100
11000110001
00110001101
00010001000
11110001101
01101011010
01100111010
00100110110
10101001001
10110100111
10101001111
01111101110
01111100110
11011000111
01010100001
11100000000
01001111111
00011110001
00001011100
01100111001
10010100010
00010111111
01010011110
11000111000
01100100001
00000110011
11010001100
11010001010
00101010001
01011110100
00001000111
10000010011
11011100101
10100010001
11110110001
10011100001
11001110111
11101011011
11101001100
11100100101
01101000111
10011101011
01001010001
01101010011
10111001001
00000110111
01001111110
01100011100
00110010101
11001001010
01101111001
01110011000
10011101111
11101000100
00000000111
11100000110
11100010010
00000111110
01001100010
00000010100
01010000110
01011000000
11101011000
10111100101
00001001100
00111011111
00011101000
11101000110
11010011011
01111010111
01011000101
10000100011
00011000000
11000111101
10011000001
01100010110
01010101011
01010001011
11011110000
10000010111
11101010101
00000000100
10111110010
10011111010
01110110110
10000100010
01001111100
01000100011
00001101001
10101100000
01101000101
01001100011
01100001100
00111001000
10000000001
10111111010
01101000101
10000001110
00110001010
10100011000
01100000000
00010000000
01010011011
11110010110
11001011000
00011101100
01111100110
00110100111
11110011111
11111110011
11001010011
00000010101
01111111001
01110010101
00110010100
00110110110
00110010110
10000011100
10010010010
10101111101
11101110101
00000110010
10111011000
00001011101
00001110001
10000010111
11011110001
10001101010
01111001010
00110111001
00111000100
10011110011
11111101010
11001000111
00001101111
00001001100
00000100010
00110111000
00100110101
10100110011
10000001001
10010000100
10011001000
01010000100
01001111011
00110000001
10010101110
01100010011
10000100000
00000011111
10100101010
10011000001
11010000010
00110111010
11001100001
01010010110
10010110000
11000100010
00001010000
01111101110
11000110110
01010100011
01000100100
11001010000
10001010111
01100100100
11111011011
11111101110
00110111011
11010111000
11111001111
11011100110
00101110110
11101001111
00110000000
10011110000
10011111101
11001100110
11010001010
10110100101
11110011100
00111111110
11101000001
00000010001
11100110111
10010010110
00000111110
00110110111
11011000000
00111011011
10011011100
00110110100
11110000111
00001011111
10100101110
11011110111
10101100011
11100000010
10010100101
11111111001
00101011000
00111110001
00000110010
10001110010
01000100110
10100100000
01100011010
00010000010
01000010111
11000100010
10110010110
10000001000
11010101010
00110000000
11011001101
10001000101
01001100111
00101010101
01111001001
11110001010
00000011010
01000011110
00100101001
10111111001
10001010111
10010110101
01001100101
01010011100
00000111101
10001100110
10000111000
11111011011
10110001100
10110000101
10110111010
00111101000
10011001110
11100011000
11100111010
01111101011
11010100110
00011000001
11111111000
00100110000
01100100000
11011011111
10010101001
01011000100
00100111001
10000001101
10010000010
01111111000
01101000000
00010100111
11100111001
10000010010
00001001010
10100001001
10100111010
01010011000
00101101100
11100011101
01110000001
00100000000
11000000111
01101010110
10010101000
01101001111
01100000100
01110001111
10010001010
11111110100
10001000101
01011000101
00010111101
10001001010
10110111010
01110010010
10100110001
00001101111
00110001010
01111110101
11110000011
01001100101
11111101101
11100011110
00010110011
01000000010
11011010100
01101110011
10001000100
11110110010
11111110000
01010001101
01010001101
10000100100
01111001000
01111110001
00110010000
01001111010
10110101110
00010001010
11111101111
00001100011
00100111101
01001001100
10110101110
01010101101
01111101000
01111101000
01000110101
10101111000
00111111011
00110010111
11011101110
01001110000
11011001000
00111000100
00110110100
11101001111
11011000100
00110110101
11010010010
11001100111
10100100110
10011101000
00000111101
10011000010
11111101001
00111000101
01000111110
10111111100
01010011010
10011101110
00001110100
01001011101
01011011010
11110001011
01011111101
11111101100
10011100000
11111100010
11111101000
01100111011
11000001100
11111010010
11011111001
01001101011
01010100011
01101111110
00101110011
10010101111
10110000011
11011100100
10110000110
11011001111
00111011000
11010000110
01100111011
00000000100
10000100110
11001100011
10011001010
01011000110
00010111001
01111010101
10100111010
00011101010
01011100011
11011011110
11110110011
01000000011
10010100000
10010111111
00000110101
10011101011
00010010000
00010011110
00111110101
01111000110
11010010111
11100001111
10101111001
11011101111
10101111001
10110111011
10001100101
10101001111
01111110010
11101101111
01000001101
10111000011
01100001110
01100000111
01000011101
11100001001
00000111111
11011100111
01000100000
10100011001
11001100001
11010110100
11000111000
00010101010
01000001010
10001111111
10001111110
01000101110
00111110100
00101101100
11000110011
01101100011
11100101001
01011100100
11110010111
11101011001
01000101110
10110000001
10101001000
11100110100
00111111110
00101011001
01000011101
00011010000
11010110101
00011111010
01101011100
00111000010
00000110000
11011010100
01001000110
01010010100
10110101000
11001110101
00100100110
10110011101
11111110000
11010100111
11010111011
00000010111
11011000010
10111011000
00000000111
01101110110
10100110101
11000110000
01101000000
00110111001
00100000111
01010110110
10011110111
10010101000
00011010110
01001011000
10111000100
10010100101
11111010011
00001001111
11000110110
01100101100
01011101111
11101001100
01110101111
01011110001
11111101010
00000001000
11000001011
10001111011
11101000001
01010000111
11110100010
10101000100
01000101101
00001101100
11111001001
00110010011
10101111101
00100001111
00001101111
00110011100
11000010110
01011100101
11101101000
11110001000
11100011100
10111101100
01101101000
10001110111
01101101110
00110001101
00110101001
01010111001
01011010010
11101111000
01001111001
11010001101
00101100100
10100111111
00001000101
11011000101
01110111111
11111110001
11111111001
10111011101
11100101011
11010010111
11001001101
11101010111
00001100001
00010001011
10010101010
11010001111
11111001001
11101101111
00101000111
00100010001
01100101001
11101111110
01010100101
10010000001
01001110011
11101101110
00010010000
01011000001
01100111100
10101000111
10000001110
01000101111
01001010011
00011001011
00111110100
00110011000
11010011110
00100011111
11110010110
01010001111
01100110101
01000010010
10111111010
00001101110
01001100101
00001110100
10011011110
00000010111
01010000010
11000001011
11011000010
00101001010
11111100100
10110110011
00011100101
00100101000
11100111101
00001010011
01110011001
10010110001
10010000001
10111000000
01101001100
10101101111
00011001010
10000010000
01011100011
11000011110
11010010110
10001010100
11111110001
11110111110
11100101100
10101101010
10001101011
10110101110
00110110010
10111100100
00101110111
01001011010
01001010101
01111001101
01110001101
10111011111
10101100101
10010110110
01011110011
11011100010
10111010101
01011011011
10110101000
01100101000
11010111011
00101010100
01100000101
01100111011
01101110111
00111010010
10110110011
00100101010
01111111010
11101001111
10100110010
10111110011
01111011111
10101110010
10001100001
11011010001
01011011110
11001001110
01111010010
11001010110
11111100101
11101111011
00000001010
00000100111
01011100101
10010101000
01011011101
11010000101
11100101000
01100010101
10100011110
11100000111
00001101101
10011101011
10000100111
01100011111
01101010110
00011001010
11001100111
01110110010
00011111010
01110111000
00000110010
01010011000
00010001100
10001111110
10010111101
00100111001
01001101001
11101100110
10000101111
00011001001
01011100001
10100000110
10011000001
00100011010
01010000101
10000100000
01000111110
00011100100
10000110011
00010101100
10000110000
11100001001
01000010100
00100000101
11100100001
11100001000
00101110100
01111101101
00100101111
11001100000
10111111110
01010000101
01001011111
01110100111
00000110010
01101100001
00101110001
00111111011
11010100001
11011010010
10111101100
00000101001
00011111000
01100101111
00010000100
00101101011
00000000111
01110100101
10110010010
10111100000
10100001011
10110101110
10010011111
01100100001
00010111011
00010000111
11111111100
01011011000
10100010011
01000010010
11110111000
11111101011
11010110100
10010010101
01001010011
01100001101
10000010101
10010011111
01000100100
01000010000
11101000011
11011101010
01011110110
11000111111
00011010110
00001001100
01100101001
01110110111
01011010000
01110100000
00111010111
00001101010
10011011000
01110001010
01010010010
01110100111
10111010001
11101100010
01001011110
00000111100
11010011000
01010000111
00100000011
00000101010
11100001100
01110111100
10111000110
00000000100
01000111101
01100001011
00001010111
11000010001
10001100110
01010100000
01001111011
11101001111
00001011101
11001111000
00100010111
10110110111
10011000001
00110010100
11000111001
00001010101
01010110111
10001111101
01000101100
01100010000
01101001111
10010101011
10100111111
11001011101
10010011110
10010011001
01000001100
10000010101
01011001011
00110001110
01110001111
11001010000
00010100011
11011101110
10110110000
11100010111
10111100011
10011010010
11100101011
11011010101
00011011011
10001100110
00100101101
10101001010
01101101111
01110000110
11110000000
11101010110
11010101101
01111100101
01000110101
01011110000
01011011011
01011010011
00101111000
10011110101
00000101000
00011001111
01101111100
01101111101
11000011100
10010000101
00010100001
01100111010
00010000110
11111010100
10101100010
11111101110
10001000110
10011110100
00101111010
11111001111
10111100011
00011000011
10000110000
00111101110
00010010011
11010100110
10001111101
00000000101
10011110111
01000010000
10001110010
00100010111
10110011000
00111011001
01100000100
10111001101
01001011111
11100001010
10111100100
11000100101
10000000100
11010001000
11100100101
01010111001
01100000101
10011010011
01000101111
01001010011
00111011000
10111111111
11101010000
11001000000
10000000101
01000000011
00101111100
11001010000
00001111001
11010001010
11010001100
01001011111
11101111101
01100001101
10101001110
10111100011
01101000110
11001001110
10000010101
00010111010
10010010110
10100110001
01100110110
00111110011
10110000100
11100101101
10101010101
00110100011
00011101111
10100000010
11011011011
00001100001
01001011001
00110000100
11101000111
10111001000
11100001110
00110111111
11000101100
11010010110
00101001111
00010001010
00011000011
10010111000
10110101000
01111100000
01101111010
11000011101
00011110001
01110110010
11110110011
01111100010
10001011001
01000010010
01001000110
10000100000
11000100111
00000010001
01111010100
00100000000
01011100011
01010111011
01111110011
10001000011
11010011001
11111001000
00000111010
00111001011
00001111100
01000100000
01110111010
10111000000
01111110111
01011010101
00011111011
10111001100
00001001110
11111000011
00000011011
01100100011
00000100111
10111101000
11010110110
00010110000
10011110101
10010100001
11101101000
01101101110
01110101100
11101011111
10100101000
01110001111
00101101101
00011011101
11110000100
00010100110
00110111110
01010011011
10001011111
00000101011
01000010011
01010000000
10111011100
11001110110
00110011101
01101001011
00011001000
01101111001
01111101111
11000001101
10101010110
10101010100
00101111101
01010011100
10100010100
11010010111
00000111101
11001000000
10111101111
00011101110
10111011001
10111001110
11010000100
11011110011
10011000000
00001111101
00000100010
10100111111
10001100101
01000011100
11011011111
11011010111
10101001111
10101010000
01111010000
10100001101
11110100110
00100100101
10110011111
10100101100
00011100000
10111001011
01011110001
11101011010
00011001101
00101001011
10010101001
11101101000
11011111010
10110000110
00110010000
00110110111
10111111010
00000100011
01101111101
00101000100
00011010111
00110001001
01101100111
00010001111
11100110001
01111010001
10101010100
10011010101
10001010110
10110111000
11000001000
01000101001
01100010110
00011000001
01001001010
01111001110
10011000101
10110111111
01000100000
00001001101
10010001000
00100000001
00000000011
01011001110
01111000111
01110011101
01001111111
10101001011
01101111100
00011111111
01111000010
11111100111
00111111110
01011010100
10010001110
00110100111
10001010000
10110111110
11011000100
11010111101
11101111100
00010100000
11010011101
01000010010
00110101101
10110110111
11000001100
10000010011
01110100000
00110000100
00111001100
01110100001
01100100110
00001010100
11101101000
11110000000
01100110111
10000011111
11101101001
00011001000
00100110001
10101101011
10101101000
10001100001
10110011101
01010011000
00001110011
11011000011
10001010101
10101010010
10011110111
10010100100
11010110011
10110101010
10100011001
10100001111
01100000101
00010111111
00011100011
01010011101
10011011100
11000100001
01001000001
01011001001
01110110110
11011010001
11001001010
10011101010
10111111011
10111111011
01000011101
10010010110
00001111111
00100101010
10010010011
01010111111
11000011100
00010011101
10001100000
11101111010
01100110001
01010011110
01010111010
01001001101
11100110101
10001010111
10111100000
01101000001
10010110110
10000011100
11000101001
00010111110
10101001000
01010111110
11101111100
01010100011
10011001100
10100001100
01000101001
01100010001
01010010001
01111100101
01111101011
11000010111
01010001100
10010110111
10010000011
11000111000
01110111011
00111010101
11110010101
00011100100
10010010000
10010101101
01100101010
01111100010
01000010001
11001111111
01001100010
00010000010
10111010100
01101010000
11011011010
10000110101
01001101111
00110011001
11111111011
01010000110
10001011110
10110000101
00110000000
11010110111
00010100001
01001011001
01011011001
10000001111
01000010001
01111000011
00010100001
11101001101
01111111001
00101110110
10101100100
01111000011
11101101100
11101110110
00110001110
01010011010
11011010101
00000101101
11011000101
11101011010
00110000011
11001010110
00111011011
01101111111
01001010111
00000010101
01000100010
11100010111
10101011111
10101010001
10000010111
00111110110
11110001000
10100101110
10010100001
10100011101
01111111011
01110100010
10111010100
11011000100
01010111011
00011000100
01111001100
10000011000
10010100110
11101111101
00101101101
01111101101
11110100101
10010010010
00011000001
00100110101
10110010010
10110100100
01110001001
01011101010
10000000000
11101110011
01000011001
10101111111
11010010111
01110010001
10010001101
00010111111
11101101000
11000011101
01100010110
11001010011
10111001101
11010000100
10101010011
11000101000
11001011100
11011100111
00001011110
10101111011
01001100100
01001010100
01111011011
11100000001
10001011011
11110110001
00111100101
11000011001
10000000101
00101010100
10001101100
00100001000
01011100110
11101001000
00111101000
01110110011
00100100001
10111011010
10010001001
01010111001
01010011101
10100110011
11000100111
10110000000
10100101101
00010001011
00111110010
00101001011
11011101001
01100101001
00101001001
11011001011
01010001100
00111111011
01111001111
00010010110
01101001111
11011011101
10001001100
11100101011
01100011010
00100111010
11010000101
00011111101
01011001000
10011011010
01010110101
10000010010
01110001010
00000000010
11011010000
10000010011
00001011101
11100001000
01011001011
11011110111
00010100001
10001110111
00010100110
10000111100
01011011101
11000101111
01000111101
10010010011
10101110110
11110101011
11111011011
01010110000
11010101101
10000011010
11111101110
01001011111
10110100110
01001111010
01000010011
10001000010
01011110000
11010100101
10011110011
01111000011
00111010100
00110110001
10100011100
01001100111
00000011011
00101001111
01000001101
10101001010
01110010010
10111111011
10101000111
01110101111
10000111000
11000001001
10110010101
10111111001
01010110001
11001001101
11001111000
10001101100
11110110010
00111100000
10000110111
01100110011
01111001000
10001011011
00100110011
10001110010
00010010111
01101011100
11010101010
00100110101
11010011011
01101001101
10010010101
01100111101
11000001011
01011111110
10110011110
01001000110
10001110110
01101011100
11010110101
11111111110
10100101111
00101101110
11000101000
10010101010
10000001001
00001110001
01110000010
01111101100
00100010110
00010111001
01000100100
01001110011
10110010011
10000011110
11011000101
01111110000
10110100011
01010000100
11101100000
01110110010
11100101000
00110001011
10010111011
10000001111
10001111110
10100111101
11101011100
01101100101
01010011001
00001110111
11010111101
01001010011
01101001110
10111100011
11100101110
10011110011
00011010011
01000101111
01111111110
01011110101
00010100000
01010101001
00100100111
10011010011
01111000110
00011111101
01111001111
01011100101
11011001010
00010001110
11011101000
01010001000
01100001000
10101110001
00101100010
01011011001
00000111100
11010100100
10101010101
11110001011
10111100100
00110001110
00100100010
00111000111
10101010001
00010110111
11101111100
01111000000
10110001100
00010001011
01010100000
00011111111
11001110111
01001011100
10010000010
01111001010
01101101011
00100001101
00000011000
01000110101
00100100111
10101100001
11101111100
11011010110
01110011000
10010001110
00001010010
11110110101
10000001000
01101001110
10110101000
01001101001
10100101010
11010110000
10000111110
10001010110
11001001001
01001011011
10101010001
11011110011
10000101001
01111101011
00100100100
11001100001
10001100100
10010000010
01010100101
11000001000
01011000001
01111000010
01010011111
00010100011
01010011101
00001100010
11001011001
00010000010
11100111010
11101010110
10101000000
00111011110
01000001100
00001000100
01100100001
10000001010
01100100111
01000001011
11011011101
11100001100
01011111001
01010100000
10010111100
01010000011
10110001110
01010101001
00100000001
01110010110
01010011011
00111010010
00111010010
00000010011
01101000100
01000101111
11110111000
01111100010
10011110100
11110000111
11001011111
10010111111
01000100111
10000000000
10100111010
10110110111
00000011100
11000111100
00100111001
10101110011
10010000011
00110111010
01110010110
01100000011
00010100110
00000001101
01100101111
01011110010
00110101110
01101011110
10010101001
11100111111
10100010110
11110010110
00111011100
10110010001
11011100110
00001100010
01111111111
01000010100
10001001100
00001101000
00000101110
11010101111
01101100101
10110110001
01100100000
01011011101
10101010010
10011110001
10101011110
10011110101
10100000011
11011011011
11101111011
00101100110
11110111110
01101011001
10111001100
00111101110
00010101010
00111001010
01000010101
00100000101
01101110110
10110000110
11010001110
10010010100
11010111110
11111101111
00100000100
10101010010
10001011110
10010101100
11111110111
11001100111
01111010111
01101101010
11000110101
00001111010
10111001001
11011010100
10101010010
11010111111
00111101011
10110010010
00010011000
01010111011
01100000100
01100000111
11111101111
00100111110
11001111000
10110010011
10111000001
10010101100
01010101011
11111100111
01100100001
01100010000
01011010000
11010111111
11000001110
00101011010
00011100010
01101000001
01101011110
11110101010
01111001000
01111100001
10001010011
01010101100
01011111011
00011101001
01111010001
11011111011
00110101001
01100000101
01100101010
11011110011
00001101001
01111011101
01101010111
11100011011
01001111010
00111110001
11001110000
10010001110
01000000110
01110011101
01011010101
10100001111
11000100111
01110111111
00001011100
11001001011
11001000110
10011101011
10011110010
10110100000
11100100001
11000111001
11100001111
11111000101
00110111010
01010110010
01100111110
01101110010
00011000010
11100011011
01001011111
11010000000
01100000101
01011101010
00011110111
01100101001
10010000001
11000001100
10110000010
10101100001
10000110010
01110100000
10000101000
10110110010
00001101001
00111001001
11000110111
00011010001
00110111101
11100011110
01000001111
10000000100
00101001000
01011011011
11001000001
00001110101
11000101011
10000110110
10101111010
10011100001
11100010100
01100010011
11011000110
10001011100
00001001101
11010100000
00000011100
10101110010
01100111110
10101010110
00111011011
11000001100
11101001100
11111111001
00011001111
11001001000
11010000001
10110101110
01101011000
10011011010
01110000001
11010101111
11001000011
10001101110
01000111010
01100011000
10111100100
01011100000
10010110010
00101110111
11100011101
00001100110
01011110010
11111100000
10010000110
10011111101
01000100011
11110000001
10010100101
