11110001000
11111011000
10011110100
01010001010
10010101111
10000000101
00001010100
11011111010
11011111110
01000010111
11101000111
00001001110
01000011110
01100011001
11010110001
01001110001
11100000100
01001101111
11011000111
01010101000
01110101010
00011011100
11010110110
00110000111
01010001010
10000000110
00011000010
01101011100
01010000010
10011011010
00001101001
00001111001
01101010010
01101101111
10010100110
00100110001
11110101010
11001110001
00010111010
11001001110
01001001101
11001101111
01010000001
01110000100
10111110111
00000101110
11010011100
01110010111
00111011111
10110001110
10001010110
00100001000
01110010011
00010010000
10110111100
01110011001
11000110111
00001111000
10111100000
10111010111
10000110110
10101011100
00100010100
11000010110
00001010100
00101011100
01110111101
01011100110
11101001011
00001001001
11110010000
11100110001
01000000100
11111000000
01101111001
00010110100
00000111010
01011010101
11111101101
10011101011
10001010001
11101010001
10000011001
00111000010
00000101010
01101110110
10100010111
00011100100
00010101101
00011001000
10100010100
10011101000
11110011010
10100001101
00110000011
01101000100
10011100100
10111100000
11001010011
11111011100
10001101100
10010101001
00010000010
11101001000
00011000111
00000010001
11110001100
01001000000
10100011100
00111010000
00101000100
01000100110
11000010011
00111010100
10110101000
10111100001
11111011011
01101001111
00000000000
01011001000
10110000011
00001011111
11100100000
00101101111
01110100000
01001010011
01000110110
11100001100
10000101111
01001101010
10000100011
01110110101
01010000010
10000111001
01011010010
01010101000
01001010001
10110101110
00100101111
10001100100
01111100100
11111100010
00101101101
11111011000
11011001110
10111001011
10101111000
11110110111
01001101110
01011000001
00110010101
10001000010
11111010110
01010100101
10011111110
00010010001
11100111111
11001011001
10100011100
01000101111
01110111100
00011000001
00100000001
10110111001
01101010101
01101111011
00011111010
01001101111
11010010000
10010110010
10101111010
01101011111
10010011000
11100100011
01010001010
10101101010
00011100101
11010100101
11010010001
11100110110
00111111000
00011010000
01100011011
00111101011
00000011101
11001100011
00100010000
01010011110
11101110110
01010110000
00010010101
10000101010
01110101000
10000010100
01000100000
11011011000
01000000101
11001111110
10110001111
11100101011
11110010111
11000101110
00000010100
11001000000
10010100000
10111111001
11101000011
00001111011
00001010100
01011110000
10100111101
01010101000
10100001011
00000001101
00001111111
11100010011
01010000100
10010001010
01011010100
11100111110
10001110101
10011100110
10001100110
11001010101
11000011010
10100000110
11110010001
10100000011
00101111011
11001000010
00001011001
00001001110
01001010000
10011001110
00100001101
01000000111
10010110000
10011011000
11000001101
10010000100
10010111010
11010010001
01100100010
10101110011
11110001000
01100101001
00000000110
01000010011
00010100001
01011011001
00001110011
10101101111
01110011001
01111110001
00110110101
00010000000
11100111100
01100010001
11010101011
10010001111
10001011011
11111000010
00001010010
00010110001
10010000100
01111010110
01101111000
00000010011
00110000110
10011101001
11000000011
01001111110
00100100101
11100110011
11101101100
11100110000
01010110010
00000101110
00010011100
01111101010
11011101101
11111111000
10011101000
00111110001
11101100101
11111100100
01110011010
11101001011
01011111011
10110000110
11101010101
00000110000
11101100110
01111100110
01100000000
00011100000
10100011110
10111011011
00100010100
11110101001
00000101011
01010011001
01101110110
10001101010
00011110001
11001111101
11000001010
01111010101
10000011000
01100011001
01010001000
01000000010
00100001011
11000101001
10100101000
00011101001
11000100000
00010011101
01001000101
01101100101
00000010001
00000000001
11010100110
01000110001
00100111101
00111110010
00110100000
11011001011
00000111100
11000011010
00101100001
10000001010
01011101111
11001001110
10111101100
00110011001
00010001101
00011010010
11101010100
00000110000
01001100001
00011010000
01001101011
00110000011
11001111000
01110000101
11111100101
11000111111
01100001010
01101010011
00000010100
01100010001
01111010110
01101111010
01001101000
01101111111
01111011000
10000101100
01001000001
00111100010
01100010101
00011111111
10010100111
01000010110
01000100110
00111110111
00000110001
00010000110
01011100110
11111110100
00100001110
10100101001
10011001100
00000010100
01000000010
11010011110
10011010000
01000001111
11101000100
10110010110
11000100101
00110111100
01101100101
11100001001
11111111100
00011101100
11010101010
10111001110
11111011001
11111001011
01000101011
00110100001
01100101110
11000000010
00111101101
10000101010
11000110001
11111101010
11010101010
10111101000
01000111111
01101010011
01000110100
00010100100
10001000100
00111110101
10111010100
11110011101
10111110110
00101111001
01111010100
11100000001
00101101000
11010100100
10110001100
01011111111
00110101000
10000110011
01000101111
01000001101
01101110000
10000001101
00111000100
01111110110
11101101101
11110111111
00101111001
10010011101
11011011101
00001001001
11010100101
11101000010
11111111100
11110000101
00010010111
01111110001
11001100001
01100100100
10110010111
10111000110
01110000101
10111001000
10111100001
10001000000
10100100011
00000001010
11111000101
01000101110
11000111110
01101110100
01100101010
00100010010
11001101001
10110110101
00001110111
10001100111
11010111010
00111101110
11000011000
10111111101
11001101010
11011000111
00010011001
10101100100
00100110101
10110111100
00110110111
11011010000
11010100100
10110101011
11011000111
00000011010
11001101001
11010000000
11100011001
01111101101
01101101010
01001010000
01100111100
11111000110
00110011110
01110101010
11101100101
11001100110
00011000100
00010110011
11010101011
00000100000
01010011001
01000110000
10010011111
00101110000
01100011101
01001110000
00110000100
00010001100
01001011110
01000010110
10001001111
00111101110
01011011100
10010101001
11111111100
00100110011
10010000011
01111111010
10111111010
10010010000
10000011011
10111101011
11000000111
01111110010
00011100001
01001011110
00100100000
00110001010
11101010011
00111100011
11000010110
11100001011
01011100100
00010000101
10000100010
10000001011
01101110101
01011010100
00100101001
11001101010
11011111100
01010111110
01011010100
11110101100
11000101111
01001111000
10001111100
11000010000
10110110100
00011101111
00100011001
00000110110
01000000011
11100110110
11011100011
11110100101
01010010101
00010000110
11000000001
01000110011
01001110111
11010000001
01110011110
10111001111
11110000111
11001001000
11111101110
00100110000
11011010111
11001111110
10111100101
11110101110
01111011010
00010001100
10011101111
11010011000
00001110010
01010101000
00001110110
00011010011
01111011101
00011101000
00110110111
11010111101
01100100100
01100001010
10000010110
11110111001
00100010100
10110001001
00100110000
00101111111
11010110100
01110100110
11000111111
00000011111
11100001011
01001110010
10100110001
10011011010
10111000010
00111110000
00100010110
00011010001
00000110100
01001000100
00001110110
11110010010
00110001100
11100100110
10000010010
00111000100
10111101100
01100011100
00101111011
11011000100
01000011011
11010011010
00111111000
10000010011
11000001001
01010001101
10000001001
01010010101
11001011001
11001011101
10001100001
01110101101
11010110110
01010011001
11100011001
01011101000
11100110011
11101110111
01101110101
01111010110
00101101110
10001001101
10111100001
00001010100
10111110101
11010000100
11100101110
00111111110
10001101011
00111000110
01110011011
10111111010
10101100101
11010010001
11011001011
10000110101
00001000011
11111010001
01011110011
11110100100
10110110000
11111111000
10101101011
11101001001
10100000001
10000001110
00010110111
10101111010
11000110100
00001001110
00001110000
10101100101
01010010101
11001111001
11000001110
00011001000
00011111010
11011001011
01011000000
01110100100
00011001001
01100110100
10111011001
00000101001
00001110010
00111011001
10010111010
00111100011
11111100101
00011110101
11100001010
10101101100
01001110001
01111100100
10100011101
11011101000
10101001101
10010000110
01100100010
11001011000
00110111111
11011001001
00011011010
00111101110
00010100100
10011011011
11011010111
01100111011
11100001111
10001011001
00111010101
11111111000
01100010001
01111011011
10111011010
10010110101
00011000100
10011111001
00010110100
11101000111
11100001100
00011100110
11100000100
00101000100
11100100010
01101111101
01111110111
01011011001
11011100101
10110111100
01110101101
01000010101
11111011100
10011000010
11000100011
10001000111
01011111010
10010000111
00011100101
01001010111
10100111011
01010101010
01010100100
00101011111
00111111000
00010000011
10111101010
11111101100
01000001110
00001110001
00000110100
01001000110
11011111101
11011110001
10011101100
10110001101
10100110000
11011000101
00001010011
00001011100
10001011101
10011110110
10001101011
10010100100
10101110101
01000101100
01000100101
01010100110
00111100111
00110111101
10011110010
10000010010
10101101010
00111011000
01010001011
01011101111
00111000110
11011011110
00000100001
01110000001
11101000011
10011000001
10101001011
10110011101
00011011010
01101000101
11111011011
10110100010
01101101001
01111100001
11000000100
01010001010
00101001110
01011000111
00000001111
00010001011
00000110110
01011010111
10101100000
00001100001
11100001000
11100010000
11001111101
00111000110
00110010101
00100100100
00010111011
01000110000
10110101010
10101001101
10000000000
10011100100
01001000010
11101101000
01110101100
01110110000
10000001001
11111111011
10001111001
01111110000
10110000001
00100101100
00001100011
01011110100
01010111001
00000111110
10110100011
00100001000
01110100010
11110010000
01100100110
11010100011
10010100111
01110110011
10001101010
11000100001
00010001101
10101011011
10001101001
01011001111
10110000000
11000000101
10001110101
10111000111
10110100110
00001001001
01011101010
11010110000
11101100001
01011000100
11101010010
10010101001
01001100101
10010011100
00110000010
00111010010
01111011110
11111000001
01001100010
10110100110
10011000110
01010001110
01101110110
10001101000
10111000110
00100111111
11111101101
00001000100
01101100010
10000010101
10111111111
10001100011
01111101111
01011101000
10011100111
01101010001
10001110010
01011111001
00010111111
01100011100
10001010000
10111000000
01000100100
00101000000
10011001010
00011011011
10010101100
10010001010
10100110011
00110011001
01000111111
11001010000
01001111111
01011111110
11001001110
01111010100
10010100110
00011100100
11001000001
01111111001
00101000010
00011011100
10010100100
10111001000
10110100110
11011000101
10100000000
10110101001
11011100000
00110011110
11001101110
11111010111
11110110010
01010111001
11011101110
10000000001
10110100110
00110001010
01101001001
10101100000
10111000110
00110001100
00100110011
10000001110
10011110110
01101101010
00111100000
00110110101
00010011111
11011000010
10010001000
11100010101
00000100110
00010101001
01100010111
00000110010
01110001100
01011101101
01111111110
10110110110
10011100101
10110001010
00010111101
01100100111
01000111110
00000011000
11110101001
10001100101
10110100100
10110110110
11011110111
10100010101
11111111111
11001011000
00000000110
01010010110
01101111001
10111101100
00011101010
00101100001
11001111010
00101011111
00011101010
00101000000
10100100110
11110111100
10100000110
00101111011
10110111101
11111110011
01111010000
01000010010
11111111100
00001101110
10100010100
11001111101
01101101001
11110010100
11110100110
10110110000
01010110000
00100100101
10101110001
11101001000
10001001110
11011101000
10010000110
00000011100
00000101001
11101011011
01101111010
01110110111
00011001101
11101000011
10010010110
10001000010
10110000110
11111000101
11110001100
10011001110
10010000011
01110001001
00101000011
10101011000
01011010111
00000001101
01100010111
11110001111
00111010111
01100110110
01100100110
10111010001
00001100101
01001000001
10011101100
00110010000
10100110000
11111011010
01010101001
10011010111
00101101011
01110111101
10101101000
00110010110
00111100000
00011101001
01111111101
00000101110
10010001010
10111010111
11111011111
00001101101
11101110001
00111100000
01110111110
00000000011
11111011111
10011101111
00111111010
10100011010
11110010000
11110001101
10010100111
00111000100
10000101001
01000111110
11001100111
00101110110
10011110110
11110110110
10000011111
11010001011
01010000110
11000000001
00111101110
10010110001
10110001111
01000010100
01000110000
11111011110
01000111110
11001111111
11111101111
11011110100
10100010101
00111100000
11010111011
11011011111
00110110011
00001110111
01101101000
01011000001
11011101110
11110001100
00010000000
11001011100
01101010000
11100100100
11001101000
01010100100
11010001111
01101100111
00100001101
00101111100
10100110011
00011111001
01110101001
10111110010
00001001110
01100111101
00011000001
00101010101
11110001001
01110100000
11001000101
00010111101
11111100010
01011111011
11111010011
10010101111
01110011000
10000110001
01000110100
10000000100
00110010000
11010000101
11001001011
11110111111
10101001110
01010101111
11000110100
11000001001
01010010101
11010110110
00000010100
10100001000
11101011000
01111100111
10001111011
10011100001
11100000110
01100101100
10010001100
11101010110
00111001100
10000110011
10110111111
11101101110
01010001000
11111011010
10111111000
00100101110
00111100101
01001000100
00100101000
00111001001
11110110100
01010010111
01000111100
01111111111
11100101011
11011001011
10010100101
01010111010
10110011100
00000100110
00101101110
01010111100
00111111110
01010100001
10101100111
00000100001
01110110110
10101010001
11101101011
11010100011
11111010001
10000010011
01101110011
11001000011
00100110110
11110000101
11000110001
10100001111
10110001100
10001101111
01001010000
01101111100
11001000101
00001001001
00100101000
11001011000
11000010011
01001000101
10011110111
11111011001
00000001110
11011001100
00110101000
10000100000
00100011000
11011110101
11011001100
10101001010
10000111111
00110110011
01110000101
11011010101
11000100001
11101110011
00010011100
11110101000
01011101111
01101000101
10110001011
11001000110
01010011010
00001111101
00001111111
00110011111
00001011010
01110110010
01011101101
00010110011
00000110111
10001101001
00010000100
10001110001
00010101100
10000111101
00111011000
10001101100
10010010101
10011111010
10101101000
10110011001
11010010101
01001000110
00100101010
01101001000
10001000000
11111100000
01010110101
00100111011
11011010001
01010001100
10101000100
01101010110
00101001110
10011110000
01010001000
01110010110
10111001001
10110100001
00011000111
00000011000
11100010001
10011101110
00110000001
01010111100
00000101011
11011100000
00000000010
10010101101
00011001111
10011010111
10101010101
11001010100
10111110011
00110101100
10000011011
00011000000
00101100101
11000010010
00011010010
11000000001
10110111000
11010011011
10101000011
11011010001
11001001100
11000110001
11010000011
00100111000
01101000011
00010011101
10111110111
01011110101
10101001110
11111111001
10100101101
01000010011
10101100000
00000001001
10110001100
10111110111
01000010111
10111001101
00110101011
00001101110
00001111111
11000100010
01100001011
10100000110
00010100010
11100101101
01001001111
01111110001
00001110111
11010111111
11000011111
11001011110
01001101111
00010011110
10010000110
01000010111
00110100111
00000111100
01110111010
01011001110
01000111001
00100111001
01111001110
10000111100
01100010111
10000111011
11000011001
11101011110
10101000101
00010101101
10000111011
10101001101
11100111111
01111000001
10001001010
01001101011
00111111011
11010101111
10001110101
10111101101
01110101001
01011011011
01111001001
01000000011
00100110101
00101010110
01010100110
01100001011
11000011110
10111110100
10100110100
01101001011
10011011010
10011111110
00110011101
01111101101
01110110110
11111110010
10111100010
10111100001
00010001111
01001101111
00011000100
10000011100
10000100000
10101110100
00100001000
10000010101
11001100001
11001111000
00110110101
00110000011
11011100010
11011101011
11101110111
01110011110
11001011100
10101000110
01100111111
11111001110
11101000001
10101100110
10000010001
01101110011
00011100001
01111100100
00011111111
10001011111
01110000101
00010000110
10101110100
10011000111
11111001101
10110001011
01100001010
00100011111
00100100010
11010101101
10111110110
11011011101
01010111110
10011001101
10100111011
11011000001
10011010100
00001010010
11011000110
10011001000
00111001110
00001100111
10110101110
00100000000
10100010111
01010001101
01101011001
00011011000
11001010010
10110101010
00001001101
01110010011
10000000000
01111111111
11110100010
10010000101
11001100001
01000010001
01011111110
01000001001
00101001011
00010000110
01111010000
11000110000
00000100010
00011100101
00000101011
00111001000
10100110001
01011010110
10101001010
01100111100
11001111001
11100000011
00001011110
11001010100
00000011101
11100100111
10111010000
00011000011
00111100101
01000011011
00001101111
10001101111
00001111101
01100011111
10011001100
01010011101
01011100111
01111101010
00001001011
11010000100
10001101001
00011010011
01100010100
10101100011
11001011110
10001001011
01011010000
01001110110
01000010100
00011111010
10111010101
00110100111
00001011001
11110010110
00111011110
10110010100
11011011001
00011110010
01100110100
00110000011
01010011010
11100011110
10010001001
01111001000
01001100011
00001100010
11101000010
11001011100
00111101110
00111101100
10011000101
00011101101
10101010001
01000101000
10011101000
01001011111
11011111101
11000111001
11001001111
00110011101
01110000111
00011000101
10011110001
01110001111
11001110000
11101110111
10000101110
10101110010
10011111100
01100011110
01001000011
10011100101
10101101010
00001110011
11010011100
11100101101
10101101101
11011101100
01001110101
01011110111
11001010001
01101010011
00001110111
01011110011
00010111111
10101000010
10101101111
00000001111
10000001111
00111010100
01111111100
00111001001
00101000100
10011111011
00001101111
11100010111
01101000111
01110010111
00111000111
00111101011
11000101010
00010001100
00100100010
10100110001
11000010011
01101010011
11010000111
10011000101
10100010000
01000100000
11100101101
10110111010
00010001011
11010101000
00010011111
10100101111
01001101101
00110110001
10110101011
11100011100
00000101010
10111001111
01100011010
10000100110
10110000100
01100000101
01101101011
10110010101
01011110101
00011000100
11011111110
11010001000
01110111100
11111000101
00101001011
01111100000
10111000010
00011110111
00010001111
00000100101
11000000110
00010111010
00101100100
10011100011
00111110100
00011001001
00101100110
11011100100
00000011110
11101111000
00000000001
00110001100
01011100101
01000011100
00011011010
01100000011
01000011110
11000101101
11000010110
00111001001
00101101101
11010011111
11010001011
11010001011
01011001011
01110010101
01000100100
10100010101
11011110001
01000010001
10111111110
01011011011
00100101010
00100101000
01011011110
00101010101
01011000001
11101001001
11111111100
11001100001
01011100110
11011001000
11100101101
11011001001
01111110000
11001111111
11111011100
10101000011
11001111101
00001000100
01101101001
10111100110
10100110110
01111111100
10100010000
01110101011
11111101100
01110010000
00110110011
11010100001
01110101010
11100101100
01010100100
11101001110
00111001110
11101010000
11011011101
00111011011
11000010110
01111110101
10101101011
11000100000
11101001100
10011010010
00000101011
01101011101
00011001001
01101101101
11110100000
10000010101
11010000001
00001100011
01111010000
01100111101
10101001000
11011000101
01010111100
00101010111
11011010011
01111010010
01111000011
00111001011
10001110001
10011010101
11011001110
00000111111
01100010110
01001100000
00010111110
11000110110
11001101011
11011010001
00101001110
00011001111
11110001000
11101000010
01110110001
01010110110
11101110001
10010001011
11110001100
10011000010
11001101001
00100001101
00011100110
11010010001
11001110100
11101111000
00101000111
01011000011
10011010000
00001001001
10011010010
01110111000
01111111001
00101011010
11111110001
11000001101
11100100001
01001111010
10101100111
01101011001
01000010101
10001010110
01110111010
01110000010
10111000010
11110000111
11110010010
10011001101
10001001111
10110101100
00010111010
00100010101
11101110001
00011101000
10001111000
00101110111
00000100010
11011101000
10011011110
11111001101
11111001101
01111010011
10111111011
00010110111
00100100001
11101000111
11011101010
01000111100
00001000011
11110011000
00011100000
11011100101
11110011110
00000110011
00011000001
10100111011
00001000001
00011101010
00001100000
11110010010
11101101111
01111000010
01100001000
01100001001
01101101110
01110001111
11010111000
10100111110
10101110110
00001010110
10001001100
01110001001
01100000110
11111100101
11011010100
11010011101
11111111111
01110110010
01111101100
11100010001
11101010000
01000010011
01110001011
01000001011
01001000000
11100001010
00110011101
11101111111
11010000010
10111111100
10001010001
00111111010
01111110110
01010011010
00100111110
00001011111
10111100010
00111101100
01000100001
10111101111
00110010101
01101100100
00010111011
10110001001
01111111000
11110001110
11110011111
01001110101
01011000110
00010101101
00100010000
11110011011
01101111101
01001110010
01010101000
11100101111
11011110010
01100101100
01100111100
01101011111
11110011110
00111100111
11110001111
00001001001
01110111000
11001001100
01000010100
10111011010
11100101010
11101010100
11010111101
00011101100
00110101110
00010101111
10000100111
01001001010
00000111000
11001011111
01111010110
01000101110
11101100000
00100101000
01001111100
11011010011
11100111110
11001110110
01110010101
01000011100
11101101110
11001010111
11010001111
01011100111
01100100000
10000000111
01111001110
00110111001
11010100100
01101001010
01111010100
10010101110
10011010000
11001111111
00011010001
10100100011
00100110001
00010011111
00011001000
11110100001
11000110110
11011000111
01001000110
01011001011
01101000011
10000010110
01001111010
00000100110
11111110101
10101001001
11010111100
11001110011
11110111101
11110101101
01000011000
01111101100
01001010101
00110111110
11000100000
01010000101
11110000011
10011011001
01001011001
00110101010
10110100001
10110111100
00000000010
00101100011
10111110101
01101010000
01110011110
10101001011
00001101001
00000100001
10010100010
00001111100
11000100101
11001110000
11000111111
00100100101
00010101000
00111100110
11110110010
11111101110
01100110011
00010110000
10001001100
01001010001
10000111100
01010000001
01100011011
00001100110
10101100001
11101011011
11000101001
10111111101
10010111101
10010111000
10011011101
00001011111
11111111001
01010101011
00010000101
11110001111
01000011011
11111001001
01111000110
01110101011
10011101010
11001110110
01011010100
10001000111
11110101011
00011010101
11110101001
10100101010
10000010000
00011101110
01110100010
10101011010
01111111010
11010010000
01100011000
11011110011
00110001110
01111010111
01101001110
01000000100
11101100110
11000111010
10001111101
01011100001
11001010010
10010101111
01000110100
00010111110
10111001001
00001110001
00110111000
01011011001
10010111001
10001110010
10110100100
10010001011
11110011100
00011100100
11111000110
11111101001
11111010001
01110111110
11101000001
11100000111
01110001100
11111110101
10010010101
00101011010
10101010100
11000111000
10101101111
00001001000
01101011111
00001010101
10111001101
11100000010
00000011100
11001100100
11001111111
01001011101
10101010110
11100110111
00101010100
11010100100
01111111011
10000100111
11001000111
10001110101
11110110011
00110001001
11010000101
10100011100
10110010101
01000111010
11101111001
01111100111
01110101000
01001000010
00110000010
01101000000
00011000000
10110101111
10010100110
10010011010
10100010101
00010101111
11010001110
00011100100
11110000111
11111111101
11101000001
11010100111
00110000101
11000001000
11010110101
10101110110
00011110101
00001101000
00001000110
00000101000
00001101111
10000011110
10011110111
11100101000
01000001111
00010100000
10000110111
11111110111
