10101010000
01011000010
11001101000
00000101011
10100000111
01000100101
11100011011
11100110111
01110001110
11010010111
01110001111
10000011001
01010010001
11011110000
01001100001
00111000001
00101011010
01101101000
01100010111
10100010010
00001110001
11100100010
01011100000
01011001111
00000011001
00100001011
11111011001
01001101010
11111111110
10110101111
00110001101
01001000010
10000101011
11000111111
00111011000
00000100010
01100010001
10000111100
11011011101
10010111010
00101111001
00111001000
11010111110
11001000000
11000010110
01100010001
11111010010
11100100110
01001110010
00100000101
00110011000
10100001010
01010000000
11110110100
10001010110
10111100101
11110110011
01010100111
11001101010
01110110100
11101110010
10100000011
01010011100
00000110100
01000010111
11010110010
00000001101
10100101100
10110111010
10010010001
00110000001
00010000101
10101000000
10011110010
10000010000
01111110101
11000100110
01001111111
11101011011
01001110011
11110100110
11011000010
11101000010
11111000000
10101010100
10111011010
01010101011
00011110100
01000001010
01001110010
01010011001
10101001100
10100100010
11000011101
10011000010
11001100111
01100000001
01111010001
01111011000
10001001011
00001100011
11111000100
01010010110
01011101101
10000111011
00101101011
00100011100
11000010001
10001111110
10011010011
00110001000
01100010101
11001011100
10001000101
10110100101
10001001110
10100100110
00001111011
01100110100
00001110001
00010110110
00011111101
11000010100
11001011100
01011111100
01000101010
11011111001
01001100011
00100011110
00111011100
10001111000
10100010010
01000101001
00010100000
00111111101
11100011001
11010011100
11100111100
01101111001
11110011010
11111110000
10010111001
00010101100
11111011100
00110101011
11110011110
00111101111
10101001100
00000011001
00001111001
11100111011
11000000010
11110101010
00011101010
00110110011
11101110100
11100001100
10100110000
00100100001
10111001101
01110010000
10100101110
11110100011
00100111100
00100110100
10100100000
10100010010
11011011101
00101010111
01111000000
11001010110
01010001110
10011001111
10101100100
11001101011
01101111000
00110100011
01111011111
10001100011
01001000011
11110101001
10010100111
10000111101
01011000110
01000101110
01111010100
10011000010
00000100100
11111010010
10101001111
00110110111
01011011110
10000000101
11010001000
10100011111
10111011111
00011111110
11001000001
11001000010
00111011011
00001001000
01011110111
01011011010
01110110000
10101010101
01010101100
11011101001
00110010111
01010000011
10001000110
01100101010
11011000110
10111111111
10100010011
01010111011
00110001010
01000000100
00110010010
01000100101
01100111011
00011101110
11100111011
10001101111
10110100111
01100000011
00011011111
00011011011
10010111000
10010010001
01010001101
10111010010
00111111111
11101001110
11001110100
10011100100
00010010100
11111110001
10011000111
01100110001
10011010001
10100010001
11110110010
11101001010
10001111101
00100001011
01011110100
10100100111
01001011001
10101001011
00010011110
10000111001
10001000011
11000111010
10101110111
10010000000
10011110011
11011000000
10001101000
01101111010
11010111001
11110111001
00011001110
11011011101
11101111101
00101100000
01010100100
11110111100
10011111011
11111110100
11101011110
11101110111
10101110011
11011100100
11100101110
10010010110
11001010100
10011110001
01000110110
10100101010
11110101010
10001010100
11111000011
00101111001
10010111001
11111110011
11010110111
00100101101
10111100000
00100110110
00101111001
10011001101
00010101101
10111111010
01000001101
00011000010
10000010110
10010101101
10110001001
11000111000
11010111010
11000001100
11011001011
11111100000
00000000110
10000111101
11101000101
10010011111
11010000100
00001000000
11000001010
11001000110
01110101100
01111110101
10111111100
11101110110
11101010100
01001101010
11001001001
01100110001
01000001100
10010010011
00111010010
00000010111
00001001110
01101000000
10001100111
11110010010
01110000000
00001001010
11001111101
11111111001
11100100110
00011101110
00101101100
10111000100
10101010010
01000110110
00001001010
10101111001
00110110001
00111101101
11110101110
00011110010
01011100100
10100011100
01100101001
10000010101
10110100010
00011001100
00001110110
00100110001
01010100100
00010101111
11000100000
00110111011
10010011110
00100010110
10101110111
00010111111
11001000100
11000100110
01000010011
00110110001
00101010110
10001011011
01100001000
10101011001
10100100000
01100000111
10000110110
11100011000
11111101101
11110100001
10111000011
00110001010
11010001110
10010110101
01110111101
00011111111
10011101010
11100011100
11111011010
10111011100
11000111001
11010011100
10000100110
11101110000
11111000110
00101111101
11000010111
00001110011
01111010100
11111011001
11010001100
01010011011
01011100000
11011011001
01110100010
11100010010
01111100000
01101111010
00001000001
01100000000
01011101001
10100111100
01101100100
11100000011
00011110000
00010010010
01010001001
00001110010
00100010100
11000111011
10011011110
00001000011
01101111000
01100101010
10000001111
10000010110
10001010110
10001111000
01000101101
00001101110
10110110010
01001001011
11101110011
00100101101
11111111000
00110000000
10000001010
01101100010
00100001001
10001110011
00100000101
10011111010
00111011001
10101000001
01000101100
10111100100
10110100110
01011110110
00000010100
11100111001
10110101011
11110001111
10000010011
01010001010
00010110111
10110101010
01000010110
11011010001
10001011101
01001110110
11110001010
10111100000
11111000010
11010001011
11011011011
11110100100
01110100000
11011001011
00101111111
01001000110
10100011011
00001011101
10001100100
11111010000
00101010011
00110110101
10111001111
10110000010
00000111111
01101100010
11000011001
01001000110
00011000000
10011110101
01110101111
10000111000
11101111101
10111100100
00000000001
01100010101
11100111011
00010101111
00011011010
10001001011
11000110110
10011100011
11011111100
11111110010
11110010010
11100001001
11001011000
00000000110
11110101100
00010101101
10000001010
01110101011
10111101010
10001111100
01111100101
00110011111
10011001110
11010011110
00010100101
10011001001
01000100110
11111000001
00011100100
11001100100
10111111111
00000000001
01011100100
00110010000
11101011001
11111010101
11000100011
01110101010
10111100111
10101111101
10001110100
01000011110
00011101010
11101110010
00000101100
01010000011
01111101101
10000110111
01111101000
11100110101
00111011100
01110101101
10000010011
11000010100
01010001111
11100100001
10110011101
01110011010
00011001100
01111010011
01111101011
01101000001
00111101010
01101100010
01010011111
00110011001
00111100011
00101011010
01010010101
01100101111
11111001111
01110000101
11000101001
10001110111
00010111000
11010110100
01100111001
00001001111
01011111000
11100100111
01010000001
00010010010
10101110100
11001100011
00100111111
10101011100
11010100111
11110110110
00111101110
11110010110
01001010010
10101100100
10100001101
11101111100
10000111110
01000100111
10000000110
00101111111
10011011000
00101110101
00000111011
00111100101
00001101001
00101011001
11000010001
10101111011
10110110001
00110010010
10011100010
01101101100
10000111100
00111100000
10011111111
00100101011
10001100011
11011110100
10111110110
00011000101
11101010101
10110101100
11100100100
10010110100
11010001000
00111101101
10001010000
11111100110
01000011000
11100010010
10001010111
11101111100
01010001101
00010101000
10101010000
00110001010
00000011111
00001110111
00100011100
00000101011
01100010011
01100111010
00101110111
10010010101
01111001110
01011001000
11001001001
01001101000
00110111001
01011001110
00110110111
00100111001
11011010101
00000110011
11111111101
01000100010
10100011000
01110100010
10100010001
00101010011
00110100001
10011001011
00101000110
00110011010
11000011100
01000101111
01110001011
01011011010
10000010001
00110000100
10101001100
11110001010
01111110100
01110010111
00011110011
10001100011
11011000010
01000010010
00001001011
01001000101
10011000101
01101010000
11100011010
10111100011
00000000011
01110010100
10011000110
00101010110
00001110001
10110111111
00100011001
00000110001
01111001001
10100101011
00101111111
10101101101
00101100110
10011010001
11001110000
11011101100
11100011010
01100111000
11011111010
01111110101
11110110111
00000110001
11111100011
11011110111
01011011110
01010011010
01101100110
00111011010
00000010010
00011101100
00100010010
10101101111
01111110111
11110001001
11110000011
10111001111
01010101110
11011101001
01110110000
11001001100
10101111011
01110011110
10010010000
11111110010
01011100100
11001111110
01100001010
10011111111
00001100010
11001000001
01001010110
00111000101
01011100000
00010001100
00000011100
10111110101
00010011001
00100000110
11101110111
11001111010
01011100100
00111001011
11011000100
01101111110
01110001110
01100000010
11000010110
11111010101
01011111110
10101000100
00111011110
10000000100
00010010010
10100101001
01001100000
01011011011
10011001001
01110010011
01110111001
10101000011
00111010000
00100010100
00111001001
01100001101
11100101000
11001001111
10011100100
01111111111
00111010100
00000100011
10010110010
10111001101
01110010100
10110100010
01100100101
01001110010
01010010010
10000001011
01111100101
10110100110
00100110111
10001011010
10011111110
00001100111
10110101010
00010001001
11111101010
10001011100
11010001010
10001010001
10110101011
00000001110
01000001101
10011101100
00010101100
01101110011
01000100011
01111111100
11110000110
00111001110
10001000101
00001100100
01110110110
10000100010
10100100100
10110100011
01001000111
00111110011
01001101110
10100011000
10100000001
10111011110
00110000001
11000011000
11101011101
00100101010
11111111111
10100000000
00111011101
10010010101
10100010010
01000001110
01110100101
00110100110
10111110101
11010100111
00000101100
01000110011
00000001000
10000001000
00011011111
01010001110
00101011110
10000000011
11100010101
11110010110
01110111010
11100101000
01110110000
11010110100
10001111100
01111111001
01000001100
01110110011
10111101100
00100011111
10111010011
11001000110
10110000010
10111011111
10010010111
10001001000
01110101011
00110101010
11101010111
11010001010
00111110100
01111110010
11001010011
01100011100
10010010111
11010100001
10001001011
10010101010
00011100100
00110100011
01000101110
11100000110
01011101011
10101010000
01001111000
10011000000
00001010001
01101000010
11000111111
00100111000
01111000001
10011110110
00010001100
00010000111
11000011110
00011111001
10001110010
01001110001
00001010110
10100001011
11000011101
00010111001
10010011010
00110010101
11101001100
00000100001
01001000100
01110001010
10001100100
01100100001
11101000101
01000110100
00110101100
00100111001
11011010110
11001010100
11101110101
10111000000
11011101110
10100111101
10100101100
00101011111
11110001010
11111110111
00001110010
00110100010
01000001001
10110101001
10110100011
01111001011
01111001111
11001111100
00100001011
01100111110
10000110101
00101101101
00100010001
01000100101
11001110010
10000001001
11110111001
01101111101
11010011111
10010100100
01010001000
11000000001
01011010011
10011110000
01110110011
10101110000
00000111010
01000000001
10101110000
10001010111
11110101001
00000101011
11100110111
00111100110
00111110111
01000000010
00010001010
00110010100
10100111111
10110100100
00010011100
10111110000
01101101100
00011000010
01000100001
11001101001
11101011111
11110110010
00001000101
01011001010
11010001001
00110100100
11100011101
11000011110
10000000010
11001100111
11000100010
10010101000
00010011000
00011001000
11011101111
11000010101
10001101100
01011110001
11000011000
00100010001
10100111010
00111100101
10111111011
01101001100
10111010001
01011101110
00111001101
11010111000
10100000110
11011000101
11110001011
10010100010
11000001000
00000010000
00111001000
00001011000
11010110111
01100000010
01011111111
01000000001
00010000100
11011101100
01011110110
11000110110
10000110111
00001001100
11111001010
01111110100
11010100001
10010000011
10010010111
10011000010
11001111001
11100011100
01001101111
11011100000
11010011000
10001001101
01110001100
00000110001
01101011011
10100100100
00001011011
01001100001
00001011010
11100001110
00011111101
01010001111
10011110101
01011110001
01000101011
01001011000
01100110000
11000001011
00000011101
01111001001
00110010100
10111111000
11001000000
10111101100
01111000101
10000011111
01110010010
00010001111
01100101100
10100100100
11110110000
00110000001
10101011011
01111101011
10011000000
10101010101
10001001101
11101001011
11100110111
01100110000
10101110110
00110000100
11010001110
11110010010
10101111111
01010010000
01100101010
01011110010
00101001100
00000011010
11110101000
10101111111
10100000100
10110110111
10010001111
10000000000
01010010010
01000100000
00001011011
00000000101
10011000010
11011100110
00101001100
01001011100
11111011000
11101001101
00110110000
01101101100
10110111110
10101010000
11100110001
01101011101
01001110110
10011111011
10001100000
01010010011
01011000010
00111111011
10000000011
01101000111
00110001100
00111111101
10000100101
01000101111
00011110110
10000100101
10010101101
01010010011
10000110011
00111010111
11110010010
10001100111
01000110110
00100011010
00111010100
01011101011
00101101111
00000101000
01011010111
01011010101
10101101100
00101010101
11001011000
01001011001
11100001000
00001111101
00001101001
10000111011
01000011010
00000101101
00111111011
00010100101
00111001011
11101110011
11010010111
01011000001
00001000110
11101110000
11011001010
10111000111
01010111100
10010110101
00111100010
01111111100
01011110100
01010100010
01111110101
10010001101
00010000011
01110110011
00100111000
00101001010
00110100010
11101000001
10101111100
00001101000
01010110111
10100100101
11101011110
01111000100
00101110101
01011010111
10111010100
00101111010
10111110100
11110100101
11001001001
11010011101
00100101101
11010100011
11100001111
01100101101
00010110011
00110000001
10011010101
00111000010
01001101100
00110000000
00010001100
10101111000
10001101011
00110101101
01001100000
11000011111
01000111010
11101100111
00101011011
10111101010
00000000110
11001010101
00111101001
00011110110
11111111011
00110110100
01110010111
01001001000
01011111011
11100101001
01000110011
11010000100
10000010110
11011011000
01010000111
10011010001
00011011111
10011001100
11101101100
10011010011
00111110001
00001101000
10010111101
00101010111
00110010101
00000100001
11111000000
11111010110
00010010110
01000111010
01111001001
10001011011
11001101100
01001000110
00011011101
00010010011
11111011111
00010111101
01111100010
11010001011
01110100001
10000000101
00110010110
01100010110
01101000010
11100011000
11000111100
00110001010
00010010001
11010100100
11011001111
00001101110
10010110010
10011110101
01101110100
00000010010
10011110000
00110110011
10010011010
00001001010
10001101110
00000001111
00110101001
10101111001
01100010001
10001001010
10100011010
10100000010
01111101111
00010001100
01110001011
11000100011
10000101011
01000101110
01110101001
01110000011
10000000010
11101010101
10000000011
00111011010
11000001001
00011000001
00100000100
10101001111
00011111101
11100011011
01011001100
10101111000
11110111000
00101010001
00110011101
10000011010
01011011001
00010110011
11001010011
00100100001
11111100010
01011000001
10011000111
00100110011
10100100011
00001110111
10111011011
01101001010
10111101101
00110011000
00010111001
01110101101
00111010011
00010110100
00001111011
11111101011
00101011000
10000001101
00001101100
00101011001
10010010000
00010011011
01011001100
11001110110
00011100111
10010110100
01111010011
01110011000
10101111101
01111110010
01100101010
00111001110
00000100101
11000010000
10010111101
00111011000
01010010110
01011011000
10111000100
00010111100
10110011000
01000101110
01010000110
10101111101
10101100110
01100101100
10101010000
10111011010
00001110010
00101011110
11100001110
11111111100
00111101001
00100111011
11010101100
10101111011
11101010111
11011011000
00111111101
01010110010
11001011011
00011000000
01011110110
01000001000
11001101111
11110101011
00010110011
01100000000
10000010000
10011011100
10100100011
11000001011
11111111001
01100111000
10010110010
11101100000
10110011011
00100100101
10010100101
10101001001
01011001110
10111000101
10011001101
00000011010
10111101110
11110101110
10000100010
01000111000
00110110011
01001110000
01000101001
11100100111
10011011110
11000011111
00111000100
01101011001
10101001001
10101100001
01000010110
01011101110
10101110000
01101100001
01011110101
10001010000
11101111000
00101110101
11111110100
00001100100
11010010010
00100110010
10011110101
00111000111
00001001111
00101000000
00000001100
11011010101
11011000100
10111011110
01111001010
11101000001
01011010100
01011011000
00100001100
10100000010
10000110110
01000101100
01111000110
00010111001
00011110100
11001111001
00011011101
01101110000
10001111011
00001010001
01000100011
00111100101
10001000010
01000100010
00111101000
00010001111
01000000010
00100100000
10110100100
01001111110
01010001111
00111101110
01000010000
00011001110
10110101011
11100010001
11111010000
01111101011
01000011100
00110100110
11111001111
11000101011
11101011101
00011101010
10100010001
00010001011
10001100110
01100111011
11101101010
10010010111
01100111101
00001010101
00101111111
11011001111
01101101100
11010100110
00111001111
10111010011
11110001001
10010101010
01011011111
10000011010
01000010001
11101100100
11000011000
00100100110
00010000100
10100111111
11110011001
00100000000
10010001010
01111011101
01111011011
11100110011
00100001110
01100101010
00010010000
11000011100
01001000001
11100100100
10010100001
01101101000
01100110100
11001100101
11110011011
10000011110
00101001100
11110011101
00111011100
10111101110
11010111001
01110010100
11101101010
00000011000
10011010100
01011011100
01101000011
00110111110
00001110001
11110001011
00000101000
10111011110
11010000100
11101110001
01101000011
01011101101
11011110101
01011110001
00100011001
00001111100
10100011100
01110010101
00000000110
00111011010
10101010011
00110010001
00000010100
10110000011
00100101101
01111110111
00111010100
10010000000
10101110100
10000000001
10110001100
00010001100
00001110111
11111110110
01100110111
00111011001
01101010001
01000001011
00010010110
10011110101
01101101111
10001001000
00000000101
11111101100
11010110111
01100001111
11010000111
10011000000
00011010110
11000011011
00111101011
01111010010
01010001110
00110001110
10001010111
10111100001
01100000001
11010100011
11111101011
00011010000
01101100101
10011010001
01001001001
00110110011
00010010011
11101100001
11101011100
11001110110
01010001011
01000101100
11010000111
01111110011
01011101111
01111001000
10001110110
10100101000
00111111101
11111011000
10110101110
10110110010
00111110001
00111111100
10001000111
11100010110
10100010011
01111100111
11001100000
00101011110
10011000110
00000000101
00001011110
00011011111
11110010011
10110000100
10011101101
01010010001
00001111000
10011000011
01100100001
11101101101
01110101100
00100011011
10011101100
00101101000
11100001111
10101010000
11110001100
11101111111
01011101100
11000000010
11010000001
11100111011
01011110111
11001001100
01111100010
01101101011
00100100110
00000010011
10100001010
10111101010
11101101000
01100001001
01101101011
01111110101
11001001111
11001000011
00100000000
00101100100
00110000111
00100001011
00111101001
11111101110
01010101111
10011100110
01001100001
11000100000
10000000111
10101011111
00100001111
00001101011
10100011101
11100010000
00011001010
11111111000
11100000000
01010010000
11110100010
01011011000
10000111110
01001010100
10000110000
10001111000
01011111000
11111011001
11101101010
10011001110
10110010001
11001101111
11110010000
00010100010
11011011011
11100110100
01000100010
01001111101
00111111010
01110010000
01100011101
10010011110
00011000101
10001001111
10101010111
00110001100
01011101100
11010010001
00100000011
00100001110
11000011100
11011000010
10100101110
00110010100
10110111101
11000110111
01101111010
10111011110
00111001110
11001100111
00010010100
00100110101
10111100101
10110010110
00010000101
00101110100
11110110110
10100100101
10111000000
00101110000
00010100001
10011001100
00111101011
00010101001
01011001010
00110101001
00011100101
10011000111
10101100101
01010000011
10001100001
10101101011
01000010110
01100000010
11111000000
00111111011
01010010011
11011111111
11000111011
11110011000
11111111001
11110100000
11101000111
10001010100
10110010001
11000101010
01010001011
01011100011
10111000110
00101011011
11110001101
00110001100
00111001100
01010110011
10001111110
10010011011
10101110011
00000001000
01100100010
01100101011
00001101101
01000000100
00001101110
10110110100
00111101010
00100011011
11100110110
11111110010
10001101100
10101100010
10111111010
10111110110
10101101011
10000011000
01111111110
10010000001
00000001000
01011110000
01010000111
11001010010
11000010010
10111111110
00010101100
00100010100
11101000001
01111111011
00011001000
00010101101
10111110010
01101000010
10110010101
00010111101
11111010101
01010001000
00011111010
11010010100
10111010000
01001001001
01011111100
10101000001
00101110101
10001111100
11011000000
01011100111
01010100111
01010111010
10101100110
11000101011
10100000110
11011100010
00101001000
10101010110
10101001001
11011000000
10100000100
11111111101
01011100000
11100110001
11001110000
00101000010
00010001111
01110111010
10110100100
01110001101
01001011010
00110010011
01011110101
01101001100
00000110000
11010101110
11100101101
01110010010
10000011100
10011011000
10011000100
01101011110
01111010010
01101000001
00010110110
00100111001
00101010101
01100011010
00110111001
00000101011
11110011101
11111100100
11000100011
10000100110
10100000111
10000101110
01001010100
11011001100
00001100110
01101110001
00001101001
00101011010
00010111000
01011001001
11101100110
11101100001
00101011011
00010110000
10111110110
10001000111
10010110110
00000110010
11011001000
01110101101
11110110001
00110001011
11011110001
10011001100
10000011100
11100001100
01000100010
10011010101
00101001100
11001100100
10101100000
10100000000
10000010111
11101001111
01011101011
00000100011
11000001100
11111000011
00001010010
00111000010
00011010111
10111100010
00111100110
00110010111
00110000111
10010000110
11100110000
01011100000
01000010101
11110001111
11011000101
00011011101
00000001111
00100100111
10000111110
00111100011
11011000110
11110000100
10010000000
01000101101
10000111010
11011100001
11010011101
00001011100
10110010101
01000011111
00010000011
01010101111
01001100000
10010110100
00110100000
00001101011
01100110111
00100111101
00010001100
01011000111
01110001011
11100100001
10101111011
01110001010
10001011011
11110001010
00001101010
01111000111
11001011111
11111010101
11011100000
10010000111
01001010000
10111011011
10000000101
11100010000
11111101000
00110010011
01101011001
10011000100
11000110101
10100101111
00011000101
10011100100
10010100110
01010100101
01100001111
11000100000
00101000111
11100000100
11001000001
01011110010
10010101010
11001010100
00101110100
00001111110
10100001101
00100111111
11110110100
10001110111
11010001110
00100110011
01101011000
01101000011
10100010111
01110010000
11010111100
01101111110
01100101110
01011010110
10111011101
11110001001
11100011110
10010110000
00110100100
11010101101
00001110010
01011010110
10110101111
10101000001
11001111010
11110010110
01111011100
01001111011
01111110010
11010011110
10101111010
11101110111
00101111110
01100001010
00011010001
00100100111
11111100110
10001001111
01011111100
10010001001
00111011000
01110011110
10011010010
00110111011
00001011010
10000010010
01101011100
00111111010
00010011010
00111101110
01000001111
01000000101
11001100000
01101001010
00001101000
10010111011
10000101111
01100001110
01011000100
11001001001
00000111100
10100000010
00111001100
11110011000
10101001000
11100110001
10110001111
10000011110
10100111110
11001011011
01001001100
01100101010
11111000000
00110100011
11100101011
01111110010
00010111111
01100110010
10111011011
00000110100
00000000111
10001000000
00001010011
01001000100
00101111100
10100101011
01011000110
10010001101
00100011110
01110110101
01000101100
10111111101
10111011100
11000100111
10111110010
11101011100
11011100111
