10011100000
01110001110
01000100010
01111100011
01010010111
01001011100
11100010010
00000101011
00010101111
00110010000
11110011000
00010001100
00010001011
00110111000
01010100010
00110110001
01010101101
01010001100
00000111000
11001001010
01101110100
10011111111
00000110000
11101011110
00011110000
11100001111
00010100000
01010101001
01001110100
11011100101
11110000000
10010011110
00101111001
10000110111
11110110000
00111010100
00111001000
00011110011
00010000100
10110000001
11100100111
00110010010
11101001111
11001111111
10010110001
10011110110
01000110011
00101001110
00001111010
11100001000
01010111110
10010011001
01110100000
01110011011
11100100011
01001010110
11101001000
11000011111
01111111100
00110011000
00001010110
10011111011
11000101010
00010011100
10011010111
10110110111
11101010111
01000000001
11100100101
01101110110
11111011111
10110000100
10001100000
00100110000
11011101101
00110011111
10000000100
01101111011
11100010100
11100010000
11111001101
01100001001
00101110111
10101100000
10000111100
00111011000
01111111011
01000011100
01100011011
10101101001
11011001111
11101110101
11101101100
11011001011
10011110100
11100101100
10000111110
11110011011
01110110011
10000000100
00011011110
01011000010
00011000011
11110010101
00111111110
00110100001
10100011110
00011010001
10110011010
11010101100
10011111001
00011000001
00110111100
11111010000
10010000101
01000110100
01000101000
00101101101
01000101011
01101001100
00000001011
01001000110
00011100010
11100111010
00011111101
01011111011
00010111011
01111010100
01111010010
10110000100
11001111001
11001110010
01101000001
10011111111
01001101111
10101100001
00001110001
10110101101
11010001010
11000100100
00110101110
11101110110
01010000000
01100001111
01110001001
00010011001
10101110100
11110100011
11110110001
10010101010
10001100100
00000111110
00011001111
01010111111
01110100111
10111011010
01111101001
00110100010
00110010010
11000110100
00111101111
11001000000
11010100000
10110111011
00000001000
01110100110
11010110110
01001111110
01110101010
10001001100
01111110110
01101111000
00000000000
00111000000
00101011101
00111111100
11110000011
11110100100
11111111000
10011100001
10010100010
00110000010
11000000011
11110111001
00001011111
01101111011
11000110110
01000100101
00100111000
00101011000
10010101101
01001100011
00010111010
11010110000
01110110100
01011100111
01111011000
00000010001
11010010100
00011011111
10001111100
00010100010
01110111011
00001111111
10110010110
10100001101
10110011100
11000010010
01010110010
10110010011
10000000111
00001001110
00000111010
11000001101
00000101010
10101110011
01111101001
10001000101
00011000011
00101011000
11001111010
11111101010
10100010101
00111101010
00100000101
01010010001
11110011010
10011111001
01010111111
01001111000
11000100010
00111000000
01101111101
11000011111
11101101101
10101101110
01111011001
10010111110
00011010011
10100100111
01010110111
01101111010
00110010110
10100111111
00011100110
00100000100
10101011110
01000001101
10011110101
11100111000
00010110111
01101011000
10001110100
00101010110
01101000011
10100010111
01011110011
11101011011
10000010001
10000010111
01101001001
10100110100
00011010000
10100101111
10101011101
11001000001
00100100001
10011000100
00000010011
10100110100
00011000011
11011101111
11010100010
00001001011
11010010000
11000101010
11100101100
11011100101
11111100001
10011011000
01001111010
11001110011
01100000001
10100001001
11111101111
00110111001
10101111100
10011100100
00110000010
00010101011
01011101101
01100001001
11011001110
10011010110
00100100110
01100110010
01000110000
11100110101
10100010111
01111001011
10001110100
10001100101
00000100011
11100010011
10100000001
11000100100
10111001111
10111000111
01111011011
01000011101
11000101010
01011110010
00111111010
10100100011
11010010101
11001101000
01111000110
11100111010
10100100111
01010101101
01110110000
10011011101
01010011010
11101011011
01011110000
11001001011
00101000000
01110011100
10101110011
00111111000
10101001100
00000100110
01010001010
01001100111
11100100010
10100001111
10111100111
01110010000
10100000111
11101110110
00001111110
00000101100
01001011100
10101110011
01001010011
10111100000
10110000001
11101010001
00010001010
10110011001
00001000101
11100101110
11111000100
01110111111
11001100100
10011101001
10010000000
00110111111
01011010010
00100000101
11111110011
10100100010
11010000000
01000000111
00010011010
01011111110
11111010011
11101101001
11110101101
01010101011
00111000011
10111001111
11000111100
01011110101
11000010100
01001100101
11010111010
01110001100
00011011100
11001000011
11011011100
10101110011
00011001111
01001110011
01100110101
00001011010
00011110010
11100010000
11101011101
01100101001
01001101110
10100111001
10100110110
00110110011
10000100010
10110000010
01011011100
00110111111
11111000100
00001100111
00111000110
01101100111
11011001100
00001000111
10100100111
10011111010
11001001000
00001101001
10100101110
11011101110
10001010011
00101000000
01111110111
00000011000
11001000000
11100011000
01010110111
11000100011
11010010101
11110000010
10000110111
10110001100
11110111111
00001100101
10100010110
11001100101
10001100011
00000010110
00101010110
10000001101
11000010011
11000101101
11101000111
11011001000
00011101101
01111100000
00001011100
01111001000
01111101110
00111101100
11001100011
10110001100
00011101111
10001000110
01110111100
01110100111
10000011001
10101010110
00010000110
11011111010
01100110111
10010011001
11100100011
01000000000
11000010111
10110000010
10011000101
01011110011
01010101011
11011010001
00001100000
01110000010
01011100000
11110101110
01000100101
01101110110
01010110011
00110100001
10100011000
10000000110
01011111100
00110100010
10000101010
00011010000
00010001010
01001110101
11111111110
11111110000
00011101100
01101100011
01100010101
11101000000
10001001000
10101110101
01001110110
11101100000
11110010001
00111010001
11011111001
01001010110
00100001101
11010000011
10100100010
10101111001
00111010011
10000011010
00001111011
01111011011
10001001100
01110000101
11000010110
11110111101
10101000010
11000111101
10101010110
10010100000
10101010011
10101100111
11110001110
11110101011
11011111101
01101111001
11001011000
11000001000
01110010001
11001100010
11100000100
00001010111
10101111111
11101011100
01100000000
00000101011
10001101101
00110110100
01111001101
00000101011
10000111010
10111010110
00000111011
10111100101
01110110010
11010101011
11011000000
00110000010
10001111110
01011011100
10010001011
10010101111
11001101110
01011001101
10000011001
01001101101
11011011110
00001011010
01111000011
10111100110
11001111110
00110100101
11101011110
10000110111
11001001011
00001110010
10111001001
11110101111
11111001000
11110101010
10111011101
11100100000
00111011011
00011000001
00001000010
01100110110
11010110101
00100011010
00000110100
01000001100
10010001001
11001011011
01111001010
11000010010
11111010000
00001010011
11000011000
10111100100
10011100000
01000000101
00101101010
10111000001
11010010110
00100000110
11001111011
11010011001
00111110111
11110111111
00101101111
11100001110
11000100011
01101101101
00010010110
00011001101
10001110000
01000101101
10000111110
10101001000
00010110110
11010110100
00001101001
00010101010
10011100100
10001001011
00011100010
00100110101
01000000011
01000101011
11110101000
10100110001
00000000001
00101001110
10100111001
10000111011
01010100101
01000010100
00100110010
01110010111
11111111001
01011010100
00000000111
10100010000
11110010001
00111101110
11011110110
10110000000
00000000000
00100100110
11000000111
01011111111
01110110100
01111000001
01100101101
00111111000
11111010100
11100110001
10011011111
11100101100
10100111110
01000001010
11111111010
11001001110
01001010001
10000110000
01010011100
11110001111
00010110011
10011011110
10111011101
11111011010
11110001000
11000100110
00110001010
10000100011
00001111000
11101001011
01000011000
11010111111
00110100001
10101110011
10110010111
00000101110
00010001001
00011011100
01001010011
11100111110
00101101101
00100001001
00110110110
11011011011
01011101110
00101101001
11110001000
00110101010
00101111101
00111001111
01001110110
01010010011
10000000101
00111010101
10110010100
00010101100
10011010101
10110101000
01010010011
11101100111
11011100001
11001100101
01111001000
01010010010
10111101001
01111011101
10010001100
11110000100
00001011011
01001100011
11001101010
00101100010
01110110011
10101110110
11010010001
00001100011
11010000010
10101110110
01110000100
10100001001
01100110100
11101101111
00001110101
11100001011
10111001011
01100100100
10111101100
11000100001
10110000101
00010000010
00100111000
01101100011
00000010000
11001110010
00110110111
11011010010
11011110000
00010110100
00001000011
10001001101
01011000101
10111101010
11110100011
00001111010
00000010000
10011001000
11101011101
11111101110
00000100000
00010100101
01111011110
01101011010
00110100100
10001101011
10001101100
10011100001
01111011111
00110010101
10001111101
00111100101
11110111110
00101001110
00001101110
01110110110
00111011010
10011100000
11101101111
10111110101
10110010000
10101110000
00100101110
01001111100
11001000100
00111010011
11101111100
01000000101
00010001000
01010001110
00111001110
01101001101
10101011101
10101010000
01111110101
00101100001
11011000101
10011011001
10100101001
00010011101
00100011011
00010111000
11000101110
11010110101
00001111001
10101110011
11110101000
00101000110
10110111010
10001001011
11111110000
00111110010
10011100010
01110000001
10100001001
10110011000
11111000111
10111000011
01101010101
00111111111
00001110010
01111101000
11001001001
11100011100
00000000111
01110000111
00111111111
00011011111
00000010001
10101010001
11010010010
00101100111
11001000101
01011010110
10111010001
01010101111
00101100010
01101010111
10100011000
01001111001
10100011001
11001101110
01111100110
10001111100
10001010010
11101010011
01111010101
01010000011
00101111011
10101000010
01100001001
11111010000
00000110101
11110101111
01100100001
10000110000
11111010100
10011100110
11110000010
01011100010
10001001110
01101001100
00110100011
11000101100
11101011111
10011001110
00110101101
10001101101
00111000101
00011010100
01100111000
00101100010
00101111111
01010101011
10100111101
10100101101
00110010011
00101100101
00011000010
01001011001
01110011010
11010011001
01000111100
01100010000
10111110010
00111110011
00100111101
01010011011
10001100100
00000000000
01100100000
11111000100
11111111110
00010111011
00101011011
00100100111
00011011000
00010010010
01001001010
01011001110
11110000110
01100001010
10001001100
01000100110
00001100111
01111011110
10001111111
00011100011
00000010010
10000000110
01000000101
00101011110
11101110101
11001111110
01010110001
11001110001
10000101010
11111000000
10000000001
01101011111
10000110101
11100001000
10010000010
10110001000
10001111100
01101000101
00000010101
01001101001
00010001000
00010100001
11000111010
01100010110
01101001110
10101100010
01111101001
00000101010
00101000101
00101101001
11101111100
01011010011
01000010010
11011010000
10111111010
11010011111
01011111111
10100011001
10011101100
10011100111
11110100111
00011011101
11011001110
11000001100
01100111100
10111111011
10001101000
00011101111
11111101011
11111010000
00111100000
10011010101
00010101111
00001110001
10100100110
11110111111
00000001010
11001000000
00111110000
01101001110
01100100111
11001110110
01111010010
01001001010
00000010100
10101010100
01011000011
11111001100
11000111101
00110110111
10110010111
11011110100
00000000010
10101111110
00101010010
01010001111
11001100101
10010100001
11111011010
10001010110
01010011000
10011100001
00111001000
10001011001
11011111001
00100010000
10110001100
11101111010
11000110100
11111001101
00010110001
01111010100
01010110011
01110000010
10011101110
10110010111
10010100001
11001010000
01110100011
01100101101
00010100001
01111111111
00101010110
10110010011
10100001011
11011011111
10001101010
00111111111
10001110001
00000110101
01000010000
11011001100
00001111010
10001010010
00110110111
11000011101
01001101001
00011010011
10101100100
00110110010
00000100011
01011011010
00111101100
00101010110
11001110110
00101011110
01010011000
01001011101
10100000100
11000111110
10000101101
10111101000
00001101111
10000011101
00110010010
10110110011
00110110110
11110001100
11011010111
10101011110
00001101000
01000011110
11011101100
01000110111
01101011011
11110111110
10011101010
11011010001
00100001010
00000111000
00111000111
11011010011
11100111111
10001011111
10001001110
00111100101
11001011010
01110100011
01011001001
01100100000
10000100011
00001111001
10110101111
00011110111
10111110101
11110000010
11111101000
01010110010
00001011010
11000111001
11110101010
10000110010
10101010000
11010100110
11101011111
01100100111
10101001100
00100010101
10111100011
10000000010
11001010111
10101111000
00011010011
01111110000
10000010010
01011101010
01101000001
00101101000
01001011001
10101100011
11101011000
10000000101
01100011100
11110101111
00010011010
00000101100
11001000110
01101111000
11000110111
00110111101
11100110010
10011100001
11110100101
11011100011
11010000100
11110000101
01101001111
01101010100
11000001101
01101110011
10011000100
00111111001
00111100111
00111111000
01100111111
11011111111
00000011110
11111111101
10010001100
11110101001
11001000111
10111100000
11110010100
10011111100
00111100010
00100011000
00000011011
11100001101
11100011000
00111110011
10110010010
11011001101
11000111111
01010111011
11010001111
11000011011
01110010111
10000001011
00101010100
00011000010
01100011011
10100101011
00001110010
01000101001
11100010001
00001010101
10001001111
01110101110
11110000100
10001000100
10101001001
10111011010
10001000000
11000110111
00100000011
11001010100
01111101110
11011010100
11101011101
10011001100
11101100101
01000101100
01100111001
00100111110
01011010000
00000000100
01001001111
10010010100
11101010001
00100010110
00001100101
01111111111
01101010100
11100011010
00010000100
00010100001
11000110010
10100100000
01111111111
11110010100
11111110010
01100001111
10111111111
11000011010
01011011100
01100100111
10110001000
00110111101
01110100000
11111000100
11110010011
10010101111
10000110010
10100101101
00011010010
11001111110
01100111000
10001011001
10111111001
01101111000
11000010011
10111001100
10010100111
01111001000
11100011011
10010011100
00100111000
10010011001
11001111010
01010010000
11111111001
01000000101
11010100010
11001111011
10110111111
00101111011
10111000110
00110011001
00010010001
01000111100
10001001110
11011100011
00001111110
11110010111
00100110001
01100111111
10011110000
11100110100
00010100111
01000011011
01101000111
00000010101
01110110100
10110101000
11110001010
10100011011
00000011110
10111000001
11000101100
00110110110
10011110000
00101101111
01010001110
11011010011
11011001100
10111010000
10101000001
00111110100
10100100100
00100110011
10010110110
01110110001
11010011001
11010100001
10010100100
10100100111
10110011011
10101111100
01001101111
10010100000
00000010001
11010101011
11000100001
10111000011
01011111011
01101010010
10110011101
11001001100
01101111010
01001001111
10110100000
00000001110
11011111111
10101101000
10101011010
00011010001
11010100001
01010101001
00000100100
10110010010
10101001111
01110001011
01001100000
11001011000
00000101011
10011111111
01111100101
01111010110
11100010010
00000010000
00000110011
00010111110
01111001000
01110100010
11111000011
01101010100
01110110100
00101110101
11010100100
10110000100
01111000110
11101011000
10001100101
01011000101
10111000111
00001100010
00000100110
01001001110
00000001010
11000111110
10010110100
10100010001
10100001000
01001011101
01010000101
11100000010
01010111000
11010000001
11001100111
00100011001
01101110011
11111000011
11100101000
11111000110
11100111101
00110000100
10011110100
10000110001
10000110000
10000111111
00110010011
00101101000
01101011111
00011110110
11110001011
01110111111
10000011101
11111011011
00100000000
01100100100
01001101101
10011010001
01110111100
00100000110
11000000100
00110011101
10111011010
10100000110
11001000111
10011001111
01101010111
10001001100
01000100100
10100010001
11011111010
10010000100
10101001011
10000010100
10101011001
11100010011
11111001101
00100111110
00110000110
01010101011
10000101001
00011110011
10101111110
00110110011
00000110000
01000001100
01010110011
00101111000
01100111001
01110001010
11111001101
11100011000
01111010010
10010011100
11010011000
01000011000
00110110001
00100000010
01000000111
01100110010
11100110000
01100000100
10010101011
10000010110
00011101111
11101111000
01011001011
00101101101
01111100101
11010010011
00010000111
11001101101
01000000001
00100010010
11001010000
01111011000
01101000100
10111111001
10101110111
00010110101
11110110111
11101001101
10001100111
00110100010
11100001101
10011110001
00100101010
01011110001
01001111101
11101111001
11000000001
10110001100
00011101000
10001001011
11010010100
10001000110
11110110111
00010010100
01011010111
10010101001
11101010010
00101111111
01000101000
11101011001
11001001111
10000100011
00010011010
00010111011
01000010011
00110110001
00101110111
00100101011
00010111000
01111000001
11100000011
11011110011
10010000111
01011110010
00010000100
00010100000
00000010111
11011001110
00110111111
00110001010
11111110100
00101000000
10000100101
11101100100
11101110100
11011011001
01001000000
10111111100
00011111000
01110011110
10111100111
00010000101
10111101001
11000100110
11101100100
10000100001
11110101100
00001000101
11010011101
01010111010
01111100111
00111011000
00100010011
11110000010
01000100001
01101010000
00110000110
01011011011
00001111111
00100110010
00110011110
11001011011
11011110110
01001110110
11111101010
01011000101
00011011001
10000101000
00011100001
11011011101
01111010000
01111101011
01011011100
00001111110
00000110110
01100001010
00101011001
00000010111
01000110000
10001111001
10101011010
00001101011
10111110001
01011001111
11110101101
10110001100
10010111010
10100100011
00000101101
11111000010
11100010011
01110111110
01111001010
10000100000
11001111010
01011111001
11000111100
01100010110
11111111011
01111011000
10110001110
10100000000
11110100001
11011100100
00100101101
11010010111
10100111100
10110000011
11010001100
10101001111
10100100111
01101001100
00000100001
10001000001
01001010111
11100001001
10110101101
00000010100
11101010010
11001000101
01011010100
01000011100
10101110000
11101010000
11110101001
11101011100
10010001001
00010001000
01000100100
01101011010
11011100010
11001110001
11111011101
00111000000
00001010000
11101111010
11100110101
11011100010
00011100010
01111100100
01101000011
00111001111
01100010011
10101101010
10101010010
01101000111
00111110010
00000000010
01001010010
11100000000
00110000110
00000001110
00100000000
01011110111
11101100001
10101110110
00000111101
10011011100
01100100110
00010111010
01110001011
01110001010
00100111100
11010111010
10000010000
11000100001
00100001101
00111111110
11101000011
10000111101
00111101100
01000110001
01010110001
11010000001
01111101011
00001101101
10110101011
10000101000
11011110111
00010111001
00101001010
00011000100
01101100100
11110010011
00001000001
10011111001
01100100100
01110110111
01100000100
00111000010
10110000110
10101001101
00011101100
01000110101
01001000101
10010110010
01010001100
11101000101
10000101010
01110101100
11100000110
10011110011
11010000110
10001001100
10101000100
01001000010
01111111110
00011000110
01000110100
00111000101
00010010111
00101110100
00000110100
10010001001
10111111001
01011011001
10110001011
00101001111
00000100101
11110000001
00101010110
11111101101
00001011110
00100010100
01011101110
11010010101
11110011111
01000111110
11100111111
00000110001
11011110101
10110101001
10110010100
00101110100
01100001110
10100011000
01110100110
10110011011
01110101111
10001011001
10111101101
00011110000
11011110101
01001100000
11011100110
11100110001
00111010001
10010000011
11101100111
01011100100
01110110001
10000010001
00111000101
11010010010
01100111101
01101100000
01100111011
10011101000
10000101000
10100111101
01000010100
00100000011
11111111100
11010111011
11101110111
00001100000
00000101001
11000010001
01001100000
01101000010
11110000011
00111001111
10100000011
10110010100
10100111111
00110010010
10100100010
00100010111
11000100001
10010011001
01110101010
10001101101
01110110010
11111011010
10101000111
11010100101
01011101001
00110100111
01010111101
11011000110
00010000000
00000110110
11000110001
00000111110
01011000000
01100001111
01011010101
10101111001
00111111100
00010001110
01001100010
00000011001
10101011100
00011100010
01110011101
11011100000
11110110000
00101000100
10101110100
01010010100
01001000001
01111111001
11110110111
10011000001
01000100101
10100000100
10101000001
11111001010
10101000101
11110110010
11010100100
01100011110
01100000100
11001100000
10110111000
00111001101
00111110100
11001110111
01001110101
11000111111
10000111000
10010001110
01110001011
01001111101
11000110000
00101010001
10001111101
11010101111
10001010110
01100010011
01010001000
01010110011
11101101100
10101110001
11100001110
00111111001
00011100110
01011110101
10101011011
01101111011
00100000010
10101001001
11101010101
01010111001
01011001110
00000101101
11101011100
11100101001
01000111101
01110011011
10100100010
11110010010
10000110101
00010011000
11111010001
11100111011
00010010000
01110001101
11001000111
11011110101
00010100101
10000001101
00110100010
00001101010
01011111100
00110010101
11111011101
00101000010
01110011100
10110000001
11010101110
00100110111
11000011001
10100000111
11110010101
11010111011
00110101001
11001101101
00001000101
11110001100
01000110110
01110000100
10011000010
00100010101
10110110010
11001111100
00111101100
10011101101
11001100011
00100110110
10010000100
00010110110
01011001000
11001111111
01001101000
11010100110
11001111001
10010101000
10011111101
11101011000
01000111101
00111110001
11000111000
10100001110
10001011000
10011100000
11110110000
00111101010
11010100110
00100101011
11101001101
10001100111
01111101010
00010011001
10000010101
11100010001
10100101101
10111111010
01010111011
00100101010
01000000001
10010011101
11100101010
01100000011
00100010100
01100011111
10000011101
10110010011
00001111010
00101110010
11011010011
00010110101
10110000101
11011001111
01101010010
10001000001
00101111000
10010001111
00110101011
01101100011
10100001000
01011011000
01011001010
11111000100
00001101101
01100101111
10100011000
10011011101
10111100111
10110000111
11010101001
11101101010
01100011000
11101001011
00010111000
10100000100
00100100111
10100010111
00010010110
11100100011
00000101000
01100000111
00100000001
00111001010
11011001101
01111010111
11000101111
00000111110
11110011111
00011110100
00110101000
01100111001
10010000111
11011110011
01101000110
11110110011
10100111100
00111101100
00000100100
01100011111
10010000101
01000011101
11111010101
11100101100
11001001101
01111100111
10000111111
01101001110
10101010101
01000110010
11100001101
11000111000
01001111110
10001101110
11110011010
11000010110
01100000101
10001100101
11111011011
00010001100
10100011111
11101101010
01110111110
11001011110
10001101110
10011100001
01111000100
00011100101
00101001110
10001111101
01110011010
10111110000
01000010110
11111110111
01100011111
11101111000
01010000010
11110001001
01000001110
10111001101
01010000101
10100000110
01100110101
11000010000
01101011100
11000101100
11011011111
01001000010
11011110110
00001010000
11111111010
01000011010
00000011100
10001001100
10100011000
10000101110
00111100011
01001010001
00101101010
10011000111
01101110111
01100000010
10001000110
01011000001
01111011111
11001001111
01011001000
00100100111
11100010110
00111001000
01011100001
10101011111
00010001111
10001101001
10100111100
10100111111
01101010100
10100110100
01111111010
01110100001
10011011100
10111110010
10000011001
00100100101
10001101001
11111100000
11011101111
00100000110
11101010110
00000000011
00101010001
10101110000
10011011111
00110001010
10011000000
01011010101
01001010111
11011111111
10100011110
01110001110
10000000001
10010010100
00111010010
01100010011
01011010100
00011010000
01010011100
11111010110
10011110111
01100100011
00101010000
01000010010
10011011011
00010010100
