00011010011
10101011100
01001100011
01000100100
10101110000
11001111010
10001010001
01010100001
10011111001
11110100101
11000000010
00100101110
10010101010
11101110110
00110000100
01001010100
11001101011
00001000111
10001111011
10000110010
11000100001
11101010101
11001101001
10110101010
11111100010
11001101110
11011011010
10010111000
11011100110
10100011100
11010101001
10110000110
00100110001
11100000100
01111001100
10001110011
01010000101
10010111110
01000010010
11111110000
00000110101
00001000111
00101001011
01110101000
01110001110
01001011101
11010011001
01111010001
01000110011
01010111010
10100010001
10110000001
00111011000
01111010100
01001111111
01100010100
10100000110
11000010110
10011111011
01011001110
11100000101
01111000011
01110001101
11111011010
11011110010
11110101101
00000001010
10101000111
11111000101
11010001011
00010101111
11011110001
01101101110
00001001010
11000010001
00101101010
10101010100
00100101001
01011001101
11101000100
10111011001
01110001011
00001011001
10101000011
01000110001
10010011000
11111100010
01100001101
01000101110
11001010011
11001101001
10100111100
00001010100
10101100001
01111000010
01001000001
11100011111
11111100101
01010100010
01000101101
10011001001
11100110001
01001000000
10111101101
10100011100
11011100111
11010010111
00000000111
10111101010
10101100011
11110000101
11110111111
01100110001
01111101101
00000111101
11010101111
11000110001
01100110001
00011010001
01111101010
01101001111
01100110010
10000010101
01110001100
00110101010
01111011100
10010100101
10011111110
00000110000
00010011110
01110101110
11111001100
10010101000
01011000011
00100100010
10011001101
10110111101
11100011111
00100101011
11101101000
01011101010
10101010011
00111100000
00100101010
11101110000
01101011111
00101011011
00000110100
11110001110
00001001000
01111100110
11010111000
01100011100
11100000011
10111101100
01100110111
00110011111
11101000001
11100000110
01011011111
11111010100
00110011000
11011000101
01011101000
01011100000
11011010111
00001110001
01011001101
10110011000
01001000001
01000100100
11001110000
00011011000
00110100101
10000101011
11100000011
00010101001
00111111101
00000110101
11101011001
10101000001
00011100100
01011101000
01101110001
00000101111
01001100011
00110101111
01100101111
01001101001
00101101110
10111111101
01001101010
00010111010
01100101111
00100001111
00100110100
00000001011
01110110101
00101101111
01000010011
10111101000
00101011101
11001110111
00010001101
10001001101
10001011010
01101010101
11001000001
00000010010
00100000110
01111010001
00011011110
10111111111
00110000110
10110100000
01100011100
10011111100
10011110110
10111000010
10000101001
11000100111
11111011100
11100100010
11001000010
10110110100
10111110100
11100111100
00100101110
11001000110
01001001110
11011111101
10011010011
11000011001
10001001101
11111100110
00110101111
00001101111
01001101011
11110100011
10011010110
00001010110
01100110010
01110110100
01100001010
00000010011
10100010011
01010110111
11101100111
00001010110
10110011000
11110011010
10011001000
00111110111
11110111100
10011101100
01011111110
11101011010
00110010010
00001101101
00000010010
11010001011
10001111111
10001001100
11010111101
01010011001
01011101011
10000000011
10110101011
10011000000
01001100111
11111100000
10101010111
10111110100
11100001010
10010100000
10001111111
00110110110
00110011100
01000110110
10110010011
01011000111
00001010011
11010111010
11111101000
00101100111
11001011001
10101000100
00100101000
11100001010
01010001110
11010100000
11101101001
11111010110
00101010101
10001101111
11101101010
11010011101
01111011110
01001000100
10010010110
01100011111
01100000000
01000101100
10000111011
00110110000
11100001010
00000001010
10101100001
01000111000
11011101010
11110011101
10011100100
11111101100
01100011111
01001011101
01011101111
11001000101
00111000010
10011111100
01010110110
11011010011
01101110010
11000011101
01001101011
10010110101
10100101011
11101100111
01110101010
10110001111
10101000000
11010101110
00110001010
10101100011
00011110110
00011011001
01101100111
10101000001
10110010100
00100100001
00101100111
00101000010
01011101110
11010010100
01000010001
10100111000
10000001010
01000111011
01010001111
01001100010
01100000011
01110001101
11101011001
00010100001
01101101110
10110100010
00001100111
01000101011
00110010010
01111000011
11101001001
11010001110
01000111110
00000111001
10010111110
11100011111
11110001111
01000011111
01000101110
11000000110
01000111011
11001101011
11100000011
10101101010
01100100111
11111100010
01101011001
10010001101
00001011000
00110110011
11111001011
11111001010
11101001010
11110100011
00001111100
11100001000
10101101101
01110111000
00101111000
11110000101
11001001101
10010010110
10100101011
11001111100
10001011011
00011000000
00011001011
11110101101
00000110000
01110001110
00100010011
11000001011
11010011010
01101110000
10000011111
11110001110
10011010111
11101010111
01111101110
10000100100
01110010001
11100010000
00001011000
01110111111
00010110000
00011010100
01011110111
11100011110
01001110010
00100010111
01000000001
01111011001
10010000110
11101000100
10111011001
01101110000
01110101001
10110001110
10110100011
10011111111
00101110010
11110100100
10100100110
00010010110
10111010001
10011010000
10010111010
00110010010
11010001111
10111100100
00110011011
01010110000
10111101001
00001111000
11000000001
11101001100
00111100000
10000111010
11100001101
10111011010
00010001110
11000111111
00100110111
00111010010
11111100001
11011000110
01001100010
00011000000
11000110010
00000011110
00001110011
01110111010
00100001111
10000000100
01111010010
11110110100
11001011101
00000000110
11001111001
11000110000
00001111101
01010011001
10001101110
11000110000
00101010001
10100010010
00001010111
11001001110
11001101010
10001001111
11011110010
11111101011
01010111101
11101001101
00101100010
10110101001
10010011001
10000100000
01100010100
11110100000
11001010100
10000011001
00101101010
10000000010
01000100011
01101010111
00010110000
00001000100
00011001100
00000011101
01100010101
11100001110
01101111100
11010100000
11101111000
11111001110
10101011000
00100000101
11111000111
01110011001
00010001111
01110010000
00001010001
00110010101
11011111101
01001010110
10111111110
11010110100
11110011101
11000000100
11111110011
01110011110
10111100000
10011110011
01001111011
11001111000
10100001001
11110110100
10110011110
11110100010
00011010010
10111110111
10000100110
10011100010
11010100110
11110011011
00110001010
11101001101
01000110101
10110000010
01010111010
11000101110
11000111100
11101100000
00011001010
00110001010
11110100001
10111110111
11001110011
10011111101
10111010011
10011011010
10100111011
11001111111
10001000011
00011000110
01111110101
10110011100
01111101000
01011100110
01001000010
10100000010
10001000001
10010000101
10001100101
00111110100
10001111000
00100111011
00001111100
00100001000
01010011011
11110111011
01101111100
00010010000
01010110000
10111011100
11111101010
11111100101
11011100000
10111111111
01000100000
00001000111
00010110000
01101100110
11001110110
01100110100
11110011001
10001010101
10000111001
00010110101
00001110000
10101001011
01011010110
00011100011
10000001101
00100101011
00001010000
10000111000
01111100111
11110111100
00000110111
11011100001
11001011001
00110000100
10011001000
10100000110
11011000110
00000101011
11110101010
11000010110
00101001101
11110001110
00001010011
00101000101
10101001011
10100110101
00010000110
01010110101
01000101000
00010000100
00001111101
00001101100
00111010001
00111011011
01101010111
11000010010
00001010110
11111001111
01010011111
00000111101
11100101101
01010011010
00010001100
00010111000
10111101001
11000001101
10000000000
10011100100
00011000001
11011111100
10010101001
00101111110
01010010101
11111011111
01110110101
01001011111
00111000010
00010100101
10101000110
01000100111
00111010000
00110100100
10001101010
01010100101
01011111011
11010100001
10001100101
10110100110
01000110100
00011010100
01110111011
00000101011
01001011010
00101000000
00100101010
11111101111
01101001010
10101001000
00111110000
00000111011
10101110111
00010001100
11000100001
10001111100
01010011101
10010000000
10100101100
10100000100
00000100111
10001111010
11000101000
01010010011
10110001000
11011010000
01001110010
11101101011
10011011001
00110010010
10001001010
11110110110
11100011010
11000001011
01110110110
00001100000
01000010000
10111101010
10001000011
00110010110
10111101110
10000110111
01001011011
01110000011
01110001111
10111100110
11011001101
01010100101
01110010000
10111010111
00100001000
10000111001
10111000100
01011110010
10111110100
10100011001
10011101000
00101101101
10000101001
00000111000
00100000100
11001010110
10001000011
00101100100
01100101000
00100100111
00010011011
11111011010
11000111000
00111111101
01010111011
10110111011
10011110000
00110100001
11100100000
01111011110
10111000111
11111010111
11111110111
01101111110
10111111001
00100100010
00101010001
11010100011
01010100001
10111011101
01100111000
01101101100
10001111100
01001001111
01001000010
01000000010
10011101101
10100100011
11011000001
00101011001
11100001101
01011110101
00010011111
11111010100
10001101010
11100001101
10010110010
10001000011
11001001100
11011011010
10001101100
00110111011
00100111100
01010001000
10101101110
01011001110
00000000100
01011100010
01010110000
11010000110
01000010110
01110100011
11000010100
00001110000
00111111011
00011110011
01001010011
10100001010
10111000110
11110101111
01101000101
01110000001
10110000011
10010110010
00000001000
11110001111
10100011010
10010001100
01000011001
11111000110
10010100100
11100000000
10011111110
10110011000
11101010100
01010100100
00011101101
10011100011
01000000111
10110100000
10110101000
00011101000
00101110010
00111101001
11110101110
10110001111
10111101110
01000101000
00001101101
11101101111
01101111100
01100100010
01100100110
10001100110
01010111100
00111011010
00011101011
10001011101
00101011111
01101110001
11111101001
00011001010
00011110001
11000101011
10110110001
01111000110
00110110100
11001000001
01100101001
11110101001
10001111001
00100101100
11101110110
11000100001
01000011110
11100111101
00001111011
00000100001
01000111010
01100001001
00001100111
00111101110
01110010011
11010101100
00100100011
10011010101
11001101010
10111010001
00001011110
10111101101
00101000010
10111100111
11110100011
01011010110
10001001001
11001111110
10111001011
01010011001
11001111010
10101001011
00111110000
01100011100
01100000101
10101101010
01000111011
00100100011
11011000010
00001111010
10111000100
10100110001
11001101100
01001001100
10000110000
01010001001
00111011111
11101110000
01011001111
00110110100
01010001101
00001010110
11001111001
00110101111
00001011111
10100001101
11011100000
10010010001
00011110010
00111010011
10001000101
00011101011
00111001100
01011010111
11111010000
10010000000
00011110001
10111000001
00110110111
11111110100
01110110111
11001101011
01010011110
01101100101
11111101001
00110011010
10010100010
00110101001
01010111000
01101010111
00101111000
10000011110
10100100111
10111110001
11011010001
00000000111
01101101011
11100000001
11000111110
10001011000
11101101010
01001100010
10000100000
11011011010
01010000010
01010010100
11101011011
01111011110
11000010000
01010001010
01010110011
01001000011
11011011001
00011011011
01011100011
01111110110
01000001011
01100000011
01011001110
01101011110
00101101100
00101011000
01011000100
01110100101
10101000110
10010110000
01010001010
11101101010
10011100111
01011010010
11000001011
10100010001
11000000001
00011010101
11111111001
01001011110
01010010001
00001111110
01000100110
01101110011
11111111010
10111000100
00011100110
10101101100
01001010001
00101010110
01000010100
00001110101
01111100010
01010101111
01000101001
10000101010
10111100111
11111100010
10101111000
00110000001
01110001100
01011100110
10101100101
00011001011
00000001100
00011001001
10001011100
01110111011
11101011010
01111100001
11110111110
11111110001
11001000111
10100010111
11101011110
01010011111
00100011010
11101010111
10100010001
01011001011
00000001100
01101100111
01001110101
11000000010
01101011110
00011110111
10000100001
11001011001
10010001111
11110101101
01011010010
11001011100
11010010011
11000111000
01001110101
01111110110
11110011000
01110100101
00010011001
01110101000
00011111001
10101010110
10011010111
10010001111
10001010110
11000111000
11011111100
01110101100
00111110101
01101110101
11110001011
00110001111
10101000001
01100100110
11010111110
00111011111
01010101111
01111101000
11111010001
11000000110
00111110111
10011111100
11110001100
10100011100
00000010111
11101010101
10111111010
00110110001
01011101111
01101000100
10001010100
11111011010
00100011001
00110010001
10111101100
11001110001
10111110101
10000111000
01011001111
01000101001
11111100000
10011111001
10010011100
11011100110
10011000110
10111110110
01010100101
00100010100
00011100111
10100010110
10011100010
00011001000
01100101000
00011101100
00000011011
01011111110
10000010110
11001010100
00111000011
00100111001
00001100110
11010110100
10010000011
00000000100
01111111001
01001010000
10101111111
01100100011
01110110100
10000101000
10101011010
01010000110
10000101110
00101001111
01000010011
00110010110
01110101101
10010110100
01100111100
00111110011
01010011001
10111110110
11011110000
00100111000
00110110010
00100111010
00100001101
11110110100
11011100111
00011000111
00011001000
10001110001
00111000011
10000011101
00000101101
10111010111
01101110001
01100011011
10001000100
01001110010
00011011001
10101101000
00111001110
11100101000
01000000100
11011111100
01000010101
01100110001
01011100010
11110000100
10000011001
01000010011
01001011000
11011101001
11111011101
00111000000
11001100101
00101111111
00101001010
00111100011
00101110111
01101000100
00010100110
00110011110
11011101111
10100011010
11001110000
00011100001
10100110110
11000000110
11001100110
11111100111
11011111001
10010011110
00111010011
01110000001
01100001100
01001110110
00001110101
11100110000
11111010010
00100011000
01110111100
10100111100
11110100100
00111111101
01101001011
10001000001
00000011000
01010101101
01101110101
10010001010
00100110000
00010011000
00010100000
10001100011
01001011000
01000010110
10011110110
00011000111
00011001110
00101111111
10000000101
01000101000
00001100010
10100010011
01110000000
01111000010
11111000001
10010111000
00110101010
00100100010
00111011111
11111011111
00110010010
11001011010
00010001010
01001010001
00101000110
11100011010
01101101011
11101011110
11001100001
11111101001
10100100101
11011000100
00111110011
11110010000
10010100001
10000010110
00000110000
11110110000
10010011011
00000011001
01100111100
01001111001
10000110101
01010110000
11011000100
00010100011
10110110100
11000011111
11111111011
10000111001
10100110001
10100110010
11111101001
01111101101
01110010111
00000000001
01000000000
00010001100
10011001000
10111110000
11111011100
10110101001
10000010101
11111110001
11100011000
10110110000
01001110010
10100101111
11011110110
00011110100
10111111011
01100011000
01011001111
01000011111
00010011001
10101001000
01001010100
10101100011
00111011011
11110110011
00001010110
10110010111
01101110101
00011001001
10100111001
01011101000
00111101110
11001100111
11100111101
11010010000
01011101110
10000101110
11110100000
10000000010
01101010100
01000010011
01010001111
11000001000
11100111011
01011001011
01001100101
01111110000
01011011011
00010100011
00000011101
11001110101
10011001000
00000110110
00000111101
10011101110
11000011000
11011011001
10011100101
11011111101
10100111110
01010010010
01001000101
00001110010
11011110011
11100100100
00000000110
10010101100
01000101110
00110010000
10101111000
01001000110
11011110111
00010010110
10010101010
11010010110
01111010001
11000110111
01000110101
01000111010
00001001101
00110111010
01010011101
00010101111
10110110010
00010101000
10101000011
11011010010
01010010110
00111011111
00101010011
01110111100
01010100101
00000010010
01001011110
11101010111
10001000110
01000111110
00100011111
11111100100
00010111101
01100010010
01110111111
01000110110
10111100111
10010111001
00101000000
00100100101
00110001011
00001100111
01001100111
10000000000
10001111101
11101001000
00000000010
00101110011
01000110010
11110010110
10010111001
10100011100
11010100001
11111111101
01001001010
01000011011
01100000000
00011000000
01100001111
01010110010
10110100011
11111100001
10010000000
10011101001
00010011100
00111110000
11011101011
10011111000
00001001110
01001100010
11100010100
00111010100
10101001111
01000100011
01011001101
01101001010
00010110001
00011101001
00110110111
10101111010
11010111100
10101100011
10100010111
01010010001
01110001011
11100100100
01101011100
01001011010
00011111010
11110111110
00010110001
11010001111
11000000011
11010110011
10110001100
10101001101
01101110000
01101110000
00000000111
00010010010
00101101110
11001101001
10001001011
11100000111
00110000100
11000011100
10010100111
01000100101
11100101001
00000000110
11010110101
11000000000
01101101101
10000111001
10001011101
11111011011
11010001001
01011011001
01100010001
00000001010
11001111111
00001011000
10111101111
10010110010
00001110010
10001000100
00100011001
10011001110
00101001010
10001011101
00001010011
00001101010
11001000111
01101101000
10110001111
01111000010
11000001011
11010010000
11000001111
10011000110
11011010100
00110001100
10111100011
00010101110
11111110101
11100001000
10011111111
01100001101
01111010100
01101100011
10111111001
01101110010
00011101111
00101010101
00111101110
01011010101
00000000111
10001011011
11100001111
00011110010
01101110111
00110111000
11110111010
11100001101
11011111010
11111010110
11111111011
10100010111
10000010000
11000001100
10011110111
10101010011
01010001100
10001110001
01010101001
00110110010
00001010011
01011011001
10000001010
01110001110
01101111001
00011101110
10001010100
11010000000
11011001001
10110011101
00101110111
10011001101
00000000110
01001100001
11001110101
01011111010
11010100100
10010010100
11101100011
00110110101
00110110110
11011011100
10110010101
11001010111
00010011111
00011111011
10010100001
01001100111
11101000111
01111110000
10110110101
11110111001
11110010100
10001111001
10101010101
01001000011
10011001001
11001101101
00001110110
01011000000
11110000111
01000101110
10001000011
01010101010
11010010101
11000011001
01011110100
01010101101
01001001111
01010010000
01110100111
01000100011
00101111011
01000011010
10001111111
01010011110
10101101111
10111011111
00101100100
10101111010
01111111001
00010001111
01010110110
01110110010
01100110010
10111101101
00111100101
01001000111
11010010010
00010101011
10001010110
11010000110
00000000100
01000011110
00100000110
10101000111
01000101011
10111000101
01100100110
00011000111
00001101000
01100111110
11111000011
11010011000
10110111010
01011011001
11011110110
10011000011
00001110100
10100101011
00011100011
11000110010
01101000101
01001110110
10001011110
11101001101
01010000011
01110100010
00100001011
00001111010
01111011010
10100010100
11111000101
01110100001
11111000100
11011000110
11011100000
11111101000
11100000000
01010010101
00001110011
11110011110
11010110111
10011010110
10110000101
11010110001
00001010001
00101100100
11000111111
11010011111
10111011011
00001101110
11001011010
00110001110
01010000111
00010001001
11000101111
00011000101
01111001100
00011100000
11000111010
00101011101
11110101010
10011110111
01010101100
00110000010
01010000110
01111110000
01001011011
01001011110
11110001011
01001011111
10011011010
11101001001
11000101010
01001011101
10001010010
00010011000
10000010100
00000011111
01010100101
11100100101
11010011011
00001110001
01000100010
11101001000
00111011100
00010001111
11000000011
11101100000
00011110010
00110001010
11110101101
11110000000
01001011111
00010000111
01010111010
01010100010
00000101000
10000111001
11111111111
11011110011
01000001000
01101111111
01010001001
01001000101
10011010001
01100100001
10000011000
01011000000
10000011111
00100010110
01000100010
11011100010
10110111111
00000101010
01101010101
01010011000
11011100011
11100101101
00000101111
01100101111
00000110011
11010100001
11100110110
11111011100
01001111001
11101100011
01101001100
01010111001
01101010011
10101110111
11000010111
10101100100
01110000110
10001101000
00011001111
11110110011
11001101100
11011110010
00000100001
11001001100
10100100010
01100011111
10000010101
10111010110
10100100100
01110100001
00111000111
01011100010
01010000010
10001011101
11001111110
11110011011
11101001110
11001111110
01010011010
10011101010
10100001010
10011110000
10000101101
11110101110
01100111110
01011011010
11011111110
11111101100
11011001100
01101011110
01111111001
01001100111
00010000101
11011110110
00001101110
10111111100
01011110011
11100010111
11110010001
11111001011
11011101101
10101110111
10000101110
01111111101
00001101111
01100101101
10010011111
01101110110
10000111110
01111010001
00001011010
11000101011
10000011011
10010001100
11111111101
11011001111
00010110000
01010001101
11010111101
10010100110
11101000111
01010010001
01000010100
01111111001
00111010100
01010010111
00100001100
10000101000
00011011000
01011000011
00110000001
00011010111
01000010110
01111110101
11011101010
00000101100
10011110011
00110111101
01111111110
10101101010
11100010111
10111111011
00110000111
00001011010
01000100001
00010101000
10100010111
10010100001
01010100100
01111110100
10001011110
00010011001
01011110101
10011001001
00011001100
00011110000
10011111001
00111011011
00000011001
00001110101
01111011111
11010100100
10101001111
00010000111
00000100001
00000101111
01111110010
01101001110
11101111110
00111100010
10001000111
11101001011
11010110011
10110100111
10001110011
10110010000
11011001111
01100010010
11111010010
01010101010
11011110100
10000010011
00000111101
10000100100
00010100010
01101111000
10000100100
10111101011
10001110000
11010001100
01010111011
10101101001
00001100100
00110110111
01101000110
00100101101
00101111101
10111001000
10110011010
11100111010
10101100011
01000011011
00010011001
01101001111
11001011010
01101010000
01000100101
10001000100
10101111011
11011101010
11101001110
10000101111
11111011001
01101110000
10100110110
10101101001
01010000110
01100001000
10100011100
11010001110
10001001100
10010011010
11110111100
01000100110
01110110100
10011010110
11110001010
10010110001
10111000110
10001101110
00110001110
01001001111
10000101000
00011011110
11000111100
00001010001
10110000011
00110111111
01000101111
01110110011
10101111110
11100001000
10011100110
00110100111
11001011011
10101010101
10110100100
11100000110
10011001111
10101101111
01010000001
00011011101
10000000110
11010100001
01000101111
00010110010
00010011111
10100011011
10011100100
00000011000
01110010001
00010111101
11101100111
11101101110
10000101111
10110000110
01111110110
10011110000
11111010111
10100100111
10111000010
01011111110
01111001110
00111111001
11001101010
11100001100
01011101100
00100000100
00100110111
11001101100
01001011000
00111011101
01000101011
00101001111
01101010001
10101101010
00111101111
10101000100
00000101010
01101001111
01000000000
00011000010
10000110011
10101110001
01000010000
01110010000
00101000111
00010011011
11111101111
01000111000
01110010001
00001100111
01110111101
00011111101
00111101100
11110010001
01101001111
00001010101
01001111110
11111001011
00001101100
00001110110
10110001011
10010111011
01101010011
00011010010
11101101001
10001110101
01010111111
01100101001
01111101011
00101000101
11000111101
01001000010
11111011110
10101110001
11111100100
01011111111
10010001000
00100011010
01000110000
00100000110
11010110100
00011011101
11111001001
11011100111
11001001011
00110011001
10011100011
10110010001
11101010000
10011111101
11010100101
11001000000
11110101001
11001110110
00101100101
10000101100
10000000000
10100001001
11001000100
10111000010
01110011110
11101010011
11010101100
11010110101
11101010001
01000110010
10101111100
00010110010
01011000011
01010010100
01101111110
10011111111
01101110111
01100000111
00100110010
10111000110
00010101000
10101111011
00110111000
11110010111
00100110110
00100010101
10100011100
10001110110
00011101110
01101001010
01101000001
01010001010
00010010110
10001101111
00001011001
