01010111110
00110111110
10010000000
10010111001
11001000011
11101011010
00010010111
10101111110
11001100001
01011011101
11110011111
01000110111
01011110011
11110010110
11000110000
00011100110
01001010001
01010101111
00011010110
01000110001
11000101000
00000000001
01011110101
10001010101
01111010001
00111011101
01011001010
11111010110
01010110111
10101100101
10010111010
11111000110
11111111111
11010101111
01001011111
11100000001
01110111001
00001011100
01000000000
01010000110
11010100001
10101101100
11100001001
11000101011
00111100100
11100110111
00011111111
10110110000
00000001010
10100001001
01011001001
10011001101
10000101100
01011100110
11101001000
01100110000
10011101011
00110000110
10110100010
00100001000
01100010101
01101010011
10100101111
11111011101
10111000001
01111111011
01110010110
00010110100
10110111010
10011001100
00001001111
10101000111
01010001010
01010000001
11101110111
00011101011
10000110010
10110000100
10010100101
00101001110
10110110010
00101111111
11000011011
10101001101
10100110001
10101101110
11000110000
11000111010
01010001000
10010110010
11111001011
00011011010
11100111111
01001111101
01100111001
10000111011
11100101110
10010000010
11010011111
11101010010
11001111100
10110101110
00011100111
10011101110
11100010100
01110001101
10001110110
10010101101
11101000100
10110101001
10001000100
00010111000
11100111010
11111110011
10100101001
01000011001
00001010111
11111100010
00000101101
11101000000
00100000110
11011001111
01001001100
00010000000
11101011011
01101111010
01101101000
11011111000
10111110101
10101101101
10010001010
00010001010
11000001000
00011011001
01000100111
11001100011
11001011111
01001100000
01011010101
10001001001
10011011111
01011101110
11101110011
11001101011
00101100110
01001110001
00001110010
10110001111
00101100100
10010010010
10111111110
01101001100
11001010101
10100111101
01101010101
01011001111
11100100001
01101011111
11011010011
00001110001
00110111011
01001001011
00001111011
10111100110
10111100111
01110010000
01011011111
00101110010
01010101110
01001010011
10010001000
11001110111
01001010010
00011100111
11010111101
11011100111
10111110010
00110111100
01100111110
11000101010
11111101111
01011010100
00110010100
01001001101
01011101010
01101011111
00001110100
10101001110
01011001000
10011010101
00001101100
01111001111
10110001010
10010011100
01010110000
00101100111
00000111101
10110011100
01001101010
00000111000
01111011101
10100010111
10011110100
11011100101
01011111010
01000000100
10110101010
00001000010
11000100000
01111010110
01111011111
00010101001
01111110010
11010001111
00111011011
01110001011
11100101000
10111101110
11001101000
11001000100
11101001111
11010000010
10101011101
10001001010
10000100111
11001010000
10111001111
11010100101
10011001100
11011110110
00110010001
00100110010
11000111101
01100011110
10110100110
10000111110
10111001111
01011111100
10001010011
10011010001
01010000110
01001010011
10110001000
01110010100
01000011011
01100010000
11101111100
10110011010
01101011101
10001000011
00111010001
00000001001
01000111000
11101011100
01000100101
10000111001
11000011111
01100100111
11100011101
11101110000
11101011110
11000110110
01101010111
01011110111
11001100111
00011111000
10000010110
01000100111
10010100010
11011001010
11011110110
10101011110
10001111100
00010000110
01001110010
00000011111
00100110011
01111011011
01001100010
11111100010
01011111000
10110110010
11010001100
00101101110
10101000110
10101111111
11001010011
11111011110
00101011101
11001110000
01101101011
11011100001
01000010100
10001001000
10100100100
01101111010
10100110000
11111001110
11011011111
10001101010
00100011001
11111010100
11000101001
10001111101
10111110100
11001000001
01110111011
00110110010
10011110110
10111011001
00100111111
00110011011
10110101100
11010010010
11110000011
01111111110
00101110100
11110111000
01111001010
10010000011
00010001101
10111000010
10010111010
11101011011
10101001101
10101110001
11100011110
10111101111
11111110111
01000111001
10111101101
10011000011
01000000001
10100011110
00001000000
00011111011
01001110000
00110010001
10001001100
01011110010
01100010111
10111111011
10100011101
01111001010
10110010000
11100110000
11110101101
00011011101
10001111010
10101001000
11101101000
00001111101
10000110011
00000100011
00010010101
10110111001
11011101101
11110101110
01001100110
01100000100
00100001100
11001101111
00011111010
01101000010
01010101101
10000000001
10011010001
00101110001
01000110010
10001101011
11010010000
11001101011
01100110100
10000100000
10010010111
01010101111
11110001111
11000111110
10100010000
10100110110
11101101100
10101100110
11111011010
10001100101
10010010011
11110101111
00110101011
11100100001
00011100111
01001010100
00110110100
00100000100
00010001101
11011110010
10111101100
01111001001
10010001011
10101111110
00111011100
01110100110
00110100011
00100000100
11100110100
01010101111
00111000101
01001001101
10110001110
00110110101
00101000000
00001110100
00101010010
11111000001
00011101110
11010111010
00010111111
01110001010
00110101110
01001011111
11010111000
11101111001
11000000111
10011100011
11011011110
11000101110
11111101100
01000110100
11110000110
10011000010
10100011011
10101110000
10001001111
00110011001
00111011101
11011101011
00111000011
11101101001
11011001000
10111100001
10100100000
10101000001
10000111111
11001010001
10101000001
01100110110
00001000101
01100010100
00110010011
01110101110
10000010100
10100001010
01011000110
00100000110
10011001000
00010110101
10000101001
11100001000
11100101110
00111110110
11000011101
01111010000
01010101011
01011010010
01001001111
00000011010
00100000011
01110011000
10100010101
01000111010
01010101100
01111011001
11100111001
00111110110
10110111110
10100000111
01011100000
10100001100
11001000111
11000010011
00100011010
00111100111
01110001011
01100111100
10110000110
01001111100
10101001001
11101110010
00001100100
10101111100
11010110110
10100010000
11111100111
00011101011
11001001011
11111010000
00110110001
01010011100
01110101111
10000111011
10010101011
00100110000
11011000000
00101110100
11110101010
00001011011
01111001100
01110110010
00100110100
01001110010
00101000111
10011011001
00111100001
01001010000
11110001010
10000010101
11100111011
00110110011
00001000101
01110001101
11000011111
11011101011
10110111001
10110000101
10111101100
11100111011
10001100101
11000011001
11011110110
11001011111
01111111010
11101010000
11100000011
00111100100
00101001011
00011111000
00000001100
11110111000
11110010010
01010110111
00110100100
10011001110
01001111000
11011101010
11011100110
00101011001
10010101111
00110011010
10011110011
10010100011
01010100011
00010100101
10101110110
10110111110
00101011100
10011011010
11000111110
11111100010
11010101111
10111001111
00110111110
10011100000
10101000011
10110001111
01110110100
01111110010
11111000001
01110001101
10101111111
11110010101
10001100010
11101011110
01101000101
00011101110
00110110000
01000111011
01100110110
00101001111
00000010000
11111110110
10100011111
01110010000
01111011011
00010001000
11000011110
10010000010
00110110000
01111001000
01101010010
10101011111
11100011101
00011110010
01110000010
11010000111
10110000000
11001110101
01010011010
11011101110
01001001100
00000110011
11010011011
01100010001
01000111100
11010100010
11101111011
11100110110
11011101010
01101001011
01011010110
00111001011
00100110010
10100101010
01100010101
11000101001
11100000111
10111010101
01011110001
11100001010
11100000000
11011011111
00111100101
11001101011
01001001110
01011110000
11101001000
11010110110
11000011011
00111001100
00010001110
11111100111
01100100100
00101110011
00001101110
01011001011
00010100011
00110111000
00000001110
10000011100
11011011101
11001110110
00010101011
01101001001
00100010010
11100100111
11100011011
10111110000
10010001101
11110011011
10000111001
10010010100
00010000000
11010101001
10001011110
10001011100
10110001111
01110101100
00000110010
10011011111
10111100000
10001000111
10010000010
00010110000
01011000100
00111101011
00010110110
10011101000
00110100100
10101001001
00100110011
00100111010
00011111111
11011110000
10100101011
10100000000
10111100001
00010011100
11110110100
11100111000
11101111011
11110001111
10101101100
11010101010
00011100010
01110100110
10010001100
11010111010
10110101001
00100010101
01101010111
00110010011
01011101101
00101000100
00010111011
11111001010
10000111111
11101001011
11001011100
11110101000
10101000010
01101111101
00010010100
00111000111
00111000011
10110011110
10011111110
10111001000
11011111101
11101111011
00100011111
11010111100
11101011001
01001011101
10011010010
01001000000
00110101111
01010000111
00101111000
00110111111
00011011000
11011001001
00000000001
11000010110
10000111111
00101001011
00110000001
11101110101
11100000101
01110111100
11101110101
01110111111
00011110101
11001111010
00000000100
11111110001
10001001001
11000011101
10111001101
11000010100
01000001010
01100111110
01100110110
01011110010
01111001001
01010000101
11001011010
11010010110
00111001011
00111110110
00001100011
00110011000
00101010011
01010100001
01010000101
10111101001
00110100101
10000100010
11000110011
11110100000
11011001100
10100111101
01010000111
01010110110
01001100011
10010100100
11100001000
10110101100
01000000100
01010000011
11011000101
00111110101
10111101010
10101101110
01111011001
01110111010
11000011000
10101110100
00101001011
00100111110
10011001111
10110100011
01110111110
11011100010
00010101010
10010011111
10010101101
01101110011
00000101011
00111010101
11001010011
10011001001
00101111110
01000000110
01101001000
10100101111
01001100001
01011000010
11010110000
11011111000
00010111010
00111000111
00100101010
00100111111
00111000110
00001011100
11011110110
11101001001
01110111110
00000010100
01101001110
10010101011
01011101010
01010100110
01001111100
11111000010
11100010001
00000100011
00011010101
11100010101
11001010110
11000000100
11000100110
01110100110
11100000010
00101011111
10101000011
00110011010
01100110100
00111101001
10010100001
10111101100
00111000111
01010111000
00011101101
11110000100
11011000110
10001000110
01100000000
11011111110
11011100101
10110110110
10001000001
01111100000
01100111111
10001110110
00101110110
11001010101
10011110011
10000110101
01100101111
00101110000
00101011000
00111001100
00011011001
01110111011
01101010100
11100000111
00111100101
10011111100
01110111001
01101101101
00001001100
01011001100
01000010010
00001110000
01111101001
00110010101
10000111111
00110001111
01101111100
10010010111
00011000111
00010100011
01111110100
10000000100
10111000011
10111000001
00010111111
01101110001
11001111110
10011101111
00001001000
10101111011
01010100011
10100110000
00101110110
01101010101
11100111100
01010100101
01101110111
01110101110
01011001000
10001110101
11101011011
00101001010
11000100101
00100001000
10110101110
01001101100
00011011111
00100001110
10101011111
10011000001
00100010000
01011011111
11111110110
10000101001
10101001011
10110000100
01110010010
10000011111
00110110010
10010001010
10000111011
10010010111
00010110100
01010101100
01010000001
01110011111
00110010011
10110110111
10101110111
00111110011
10000110011
11101100011
10011110110
01001111110
00101111100
01100011111
11101001010
10001110011
11011001010
10100000000
01011101000
01000101101
01111101111
11110111000
00000001101
00101011100
10101101011
11001010100
01010110011
10101000101
00010001010
11110101100
01111010101
00010000100
01101110011
10010101100
00111011101
01010100111
10010000001
10000001110
10010110011
00010010001
01011111000
01110001100
10010010110
01011001001
11100101000
10101011011
11000000011
01011101100
01010111010
10100001001
11111111010
11011110111
11010101010
11000001001
10010101011
10101110110
10001001000
10111101000
11100010011
10001010011
00101101010
11001001101
00010110110
10010010010
01010110010
11001001110
10011111001
00000010011
10001111101
10111011100
10100011110
01001101110
11110101011
00011101001
01010111111
00010100010
11111000000
00100110000
01111000101
11101010111
10100100101
10011101001
10111000001
01000110010
11000111100
11110110001
10111010111
10000101011
01010100001
01110100101
00110100000
01111001000
01000111110
10101100101
01100011100
11100010111
10010100001
00110100101
11011100000
01100001111
01001010100
11001101001
11001000100
00110001000
10010001011
01100110110
11010010000
11000100100
01010110011
01000011010
10110111111
10001111000
00011110100
01000010111
11100110001
10011100101
11110010111
00010000100
11111111100
01000001000
00100111111
01110010011
01001010001
00010011001
00100000001
00101101001
10111010101
10111001011
01010101111
00110100000
11011101100
01100111101
11101100100
10111101111
01111010100
00010001001
01100010101
01111101101
01011011100
01111010000
11011100001
10100111111
01101110000
10111111001
00101001001
00101001100
10001110010
00100010110
10111010010
10001000100
00101101010
01100001001
01010110111
01010001101
01111110101
00001100101
01101010011
11010110111
11000000110
01101011000
01111011110
00001100100
01100000001
00110101111
11100010000
11001101100
10111010011
10011010000
01100110111
11011001001
01101101100
11001111010
00101011100
00100110111
10001100111
01000000111
00000111101
01100010110
10101010110
10011100101
01111111100
10100001000
10100101001
11011010100
11101110010
10100000111
00111011001
10010111110
01011010011
00010101010
00001000000
01100111101
01110000000
10111010011
11101100001
00001110101
00001111010
01011000110
01001001101
01011000010
00010001100
00111010110
10101010111
00010110011
10111001111
00111010100
01001101111
00101000010
01000101110
11110000000
00101010011
00100111101
00100011101
10111101100
11010111111
01101101001
01001011011
11011100000
10100100001
10010011110
01011011001
11011110101
01111011111
01100100111
01110000000
00110011001
00111111000
10010101101
01010010101
00100010011
01001101010
10110001001
10101010100
10000001101
01001000010
01011000010
10101101101
11101001110
10110111001
01000011011
10011011011
01001001110
10001010110
01101111001
00000111110
10100000101
11000110101
00100101010
11001010010
10001111001
11001100011
10111001010
11011011001
01010011011
11001010011
11100111111
00010011101
00001011111
01001100101
10111010110
01101101010
10101010110
01110110100
00001101010
11001101100
00110001011
00000010111
01011100001
11011000100
10001010001
11101111110
01100010000
10011111101
11000010100
00011111011
11110011111
00001001010
10001100011
00011001010
01011101110
10001100100
10011011100
11011110010
00101100101
00001011011
00011111110
11010110011
11010100101
00111111000
10101100011
10100101000
01111000011
01110100011
01010000110
10100111111
11010001110
00100000111
00011010001
10101110100
01110101100
10001001011
11110110010
11110100011
00101011101
01010111001
00001100100
10101110110
01001111111
11110101100
00100000101
11011000010
01000010011
01111011011
00110111011
00100100001
01011110010
10010001001
00101001011
01100010100
00111010001
01011100110
00011101100
10101000011
10101001101
00000101111
01001001010
01110000100
01101110101
01010001100
00000100101
11011111110
01000011001
01001000010
11010010100
11111100001
11011110000
01001101010
11110100110
00011010110
10001010011
11111101111
11000110010
01011111110
00111110001
10011000001
11011011000
00010100111
10100010110
00110001011
10011100100
10110111101
10011100100
00111111111
00011001111
01010100000
01101001000
01101001111
10101011000
10111110011
00011111101
00111100011
01000010001
10101100001
01111101010
00011100110
11011111000
10001100111
11011111101
10001101011
10000110100
11010101110
00010110100
10100100000
11000010110
11111111111
10100011111
00010011100
00101110110
01110011011
11010101010
00110110001
00111000101
01011001000
00111111000
11110001101
10000010001
00100001011
11011011011
00100111110
11011110011
01111001010
00011100010
10001111111
10101100001
11100001101
11101010110
00110011010
00110011010
01100001011
10110111111
01110011100
00001110000
00011000111
10010101110
10000101100
11000110000
01011111101
00111001011
11111001001
10100011000
01011010000
01110011100
11011011111
10001010110
10011111100
11111111011
11100111110
01011100000
10110100110
10000010101
11110000111
00000100111
10110000001
00001101111
01100101101
00111101100
10010100011
10110011101
01101111011
00001000011
11111110100
11000111010
11010010010
11010111101
11010010010
10111111110
01011010110
01100011011
11110000110
11010000101
00100101110
10010110010
11001001101
10010110110
00101111111
00100101100
10111010001
01100010001
01111111000
11111001100
01011100000
10111101110
10010010011
01001100010
01110110000
10100010101
00100001010
00001010001
00111110001
10111111010
11101011000
11110011100
11010101011
11000000111
10111010111
00101100011
10001110101
10111001111
00001101101
00001111000
11111101010
10001000110
10010111000
10001111100
00000110101
01111100100
01101111111
11001000000
11010011111
00100111100
00111111010
11011010011
01010011001
10001111010
11000111100
00011110111
00111101001
00000001010
00010010111
01101001110
00010111100
01110111101
10111111110
11111100100
10001110001
10011111100
00100010101
10001000010
00110101100
00010011111
00011100100
10110101011
11001101010
10111101111
10000101100
10011101110
01001101010
01011001101
01000010010
00010011000
11100010000
11011111111
11110100000
00110011111
10011010101
10011000100
11000111000
00110100011
00101010100
10111000000
01010110010
00000011101
10011111010
11010001101
00011110011
10000101000
11111001100
10101011101
01110111001
10001101001
01001111011
01111011110
01111000001
01111011100
11000001111
01111000010
11011101111
01011111010
11001000110
10011101010
01110010010
01000001101
11001101110
11001011001
11100010001
01111110010
00101001011
10101000000
01111010000
10101010101
10100110001
11000010001
10100100100
00011000101
11101110011
10010111000
00100001111
11101010011
00001001111
10001010111
11001000101
11111111110
10000000010
10011010110
10001110011
10110001010
11011000101
11011110010
11000110111
01101110011
01101001000
01111111111
11000100000
11011001111
11101010010
10110000101
01001100110
10100000000
00100100000
11011010001
01010001101
11010110110
00111100011
01001010000
10100011001
01010011110
01001001001
01001010101
10011110100
01010010101
01111001010
10100001000
01011110000
10110110011
01011001001
00101011111
10000111111
00010011100
10100010001
10110100111
00010001111
00001111000
10010111110
10100101100
00001100110
01000101101
10110001011
00011011100
00100011001
10011001001
01000000110
01000100110
01011011000
01111110101
01010011001
10100101110
01101111110
11101100010
10101010001
00111100000
10101001010
00000100101
10111111000
10010010100
01101110101
01010001011
10001000111
00010010111
11001001100
00000111011
01111101111
00010111111
11001011001
11000100000
00000010010
00111100011
01100111001
11111001110
10111011010
01001111111
11111000001
10010000001
10101110110
11011111111
11011100001
10111010100
01111000001
11100111011
00010110011
01011100000
10111101111
11100001111
01111001010
00011001010
01000100011
01010110011
00111001101
10010011011
11101000001
11111001100
11100101000
10111000010
01101010111
11111110110
00000010100
00101001011
01000100001
00010111001
11010010011
11110100001
11101000100
11101100011
00000111001
10101001100
00000010000
10110100011
00011110000
00010110110
01110001011
10111100101
10001000101
10110010101
01011110001
11111001100
10110110100
00110010111
10110101110
10000011000
10000101100
11100110100
00000011011
11000111110
11001101100
10100110101
01111111001
11011101010
00111010000
10001001101
11111000111
11110110100
10101000110
00011100100
10100001110
01111110100
11101011011
00111110101
11000010010
00101100011
00111110111
01110000110
11001111100
10010011011
11001010000
00101001100
10001101010
00101010000
01001001100
00101100001
10000010101
10011000100
00101010101
00110101000
11011100001
10110111101
11011101111
11110111111
11000000111
00111111011
01100000111
00111000000
10010111100
01100000110
10011000011
11100000010
11001011110
01101110100
01101000110
01000110110
01001111111
11110101000
01100001101
11001010100
00011100111
11010000010
11111101001
10001001010
00001001111
00001000011
01011010000
00100001111
01110000011
00010111010
11100101001
11101111000
11110011111
00100011001
01010010100
01101010100
11001101001
11111001100
11100110110
11010111000
01101000101
01101100101
00101001100
01110111100
00001011110
00001111011
01100101111
11010000110
00101000011
00011111001
10001001100
00011101000
00110011111
00010001011
01001010110
01110011010
11010111100
00011100011
11001001110
00011000101
10001110001
11111000001
00110100100
01111101001
10001010110
00011111001
01011100111
10111110111
10000000110
10000100111
11010100111
11110010010
11111100001
01011010111
11000101101
10100110000
11001011110
11000000001
11010110001
00010111010
00101001001
00101101110
11111111010
11000110010
01111000111
10101010011
10100100110
00000001101
00110011000
11100111100
10100000010
00011111111
00101100100
00001110000
01100001001
11010110010
10000011100
11010110110
00110011100
01010111111
10100111110
01100101100
00011100101
01110111110
10101010101
01010101110
11000001010
01111000111
10001010111
01010010111
11011001001
10010110110
01001110000
10010101010
11100011010
01110111010
11100010000
11110111010
11100100101
10111100010
11001010100
01110001001
00010100001
10011111100
01010101000
01100001101
11101011010
01111011001
10110010001
00011101101
10101001100
00001001100
01000100110
10010101011
11001011001
11010111111
00100000010
00100010000
11000110111
11111101110
00111001110
11010111011
10011110010
10110001111
10001000101
00010111100
01101011010
00110010110
11111101011
01100101010
11110101011
01010000011
11010111000
01000111010
11101110011
10010111100
11000111011
10111010001
00001011011
10100010010
01011110110
01111000010
10010001101
10000111111
11111001110
00011001000
00011101011
11110010011
00100001110
00111001011
01011100101
00101011100
01011100010
00111110110
11011010110
00001101010
01101010001
00000000101
00010000110
10101100100
10100110011
01111110101
10100001010
00100001010
10000011111
01100111101
11110000000
10100101000
11011101100
11010010011
11010110111
11001010100
11010001000
01001110000
10001011111
11111001011
00011011101
01011101110
11100101110
00110000100
01010001110
01111111000
10101000110
10111001010
01001110111
01010001011
11001011101
10100010110
01011111111
10000110010
11001001011
01110101001
00110010011
00001011011
00000111110
11011001110
01100101001
11010011101
10101101111
11001001011
00001110110
10000110111
10010001100
00110011011
01000010101
01011001111
01100011100
01100100011
10100101011
10000001000
10011001001
10010110110
00000000010
10000011011
00011000110
11100010001
01110101001
00100100011
00010011000
00101101001
10011111000
10011010101
11101101111
11001101100
01101010001
00101001110
11110000111
10000000101
00111011110
00100000010
11010110000
01110000001
00001110101
10101111000
01010000111
11110110010
10101010011
11010100111
11001010101
11100111100
01110110110
11010101110
00111111011
10011110011
01100010110
01000101011
11010111101
11011001001
01011110011
11110111111
10100000101
01110100011
01000100000
00110010010
10001001011
01101010110
10111101000
01011101100
01111100000
00001101001
10001111110
11000111101
01101111010
00100000000
01100110110
11001010101
01111010010
11111010000
11011000001
01110010000
11111010000
01100101001
11000100110
01110000000
01011101110
10000100000
01011101011
00111001011
01001110010
11000000110
00010010111
10001100100
01111001110
01010001101
10000001100
01011111100
00001110101
01011100111
10100100010
11100100000
01011011100
01111011011
11010010001
01000010011
00001000011
10001101010
00101000111
01100000110
01011101100
10110110010
10001100100
11111101000
01110011011
00101000001
00101000110
00010100110
10011010110
11010111000
11000010011
01011110000
11100100000
00001111100
10101011010
10010110000
10101110110
00100001111
10101000000
11010001111
10101000010
01111101110
01110111010
11011111011
11011001000
01111011011
00100100101
10111011011
00100110011
11011100001
01010011010
01101101110
10000010011
11111100111
11100111100
00010001010
01101000100
01001100000
10011001100
00011011110
01000000010
10010101010
01001001001
01010100101
01000101011
01100101110
11000010111
00110011110
